#!ascii label  , from subject sub-1633992 vox2ras=TkReg
1488
61853  -35.978  -36.036  54.126 0.0000000000
74366  -49.984  -23.242  48.707 0.0000000000
68097  -43.280  -30.761  51.062 0.0000000000
40225  -7.900  -56.895  68.352 0.0000000000
64011  -32.658  -33.446  58.334 0.0000000000
47630  -21.514  -49.505  67.900 0.0000000000
50514  -31.817  -46.700  67.732 0.0000000000
56664  -34.494  -40.102  62.520 0.0000000000
59747  -38.061  -37.012  62.336 0.0000000000
48609  -13.710  -48.451  63.048 0.0000000000
49481  -16.635  -47.323  68.729 0.0000000000
50553  -17.283  -46.869  63.413 0.0000000000
49590  -27.393  -48.285  62.341 0.0000000000
53786  -31.427  -44.194  62.618 0.0000000000
62877  -40.289  -34.342  58.460 0.0000000000
60792  -44.145  -36.484  56.190 0.0000000000
69159  -47.188  -28.479  49.165 0.0000000000
64086  -40.787  -33.394  52.279 0.0000000000
75447  -46.099  -21.835  43.885 0.0000000000
39165  -3.595  -57.200  71.273 0.0000000000
65009  -37.678  -32.732  62.378 0.0000000000
65085  -34.156  -33.083  56.349 0.0000000000
48627  -21.979  -48.581  62.338 0.0000000000
47655  -27.300  -50.159  67.363 0.0000000000
64061  -47.099  -33.539  54.134 0.0000000000
80401  -50.824  -16.863  41.709 0.0000000000
56687  -33.168  -40.865  60.506 0.0000000000
57653  -34.466  -39.934  59.683 0.0000000000
51601  -15.454  -46.881  63.827 0.0000000000
51690  -29.737  -45.396  59.203 0.0000000000
54790  -31.545  -43.118  60.117 0.0000000000
55725  -32.966  -41.704  63.007 0.0000000000
62908  -38.552  -35.157  56.989 0.0000000000
61814  -41.912  -35.492  57.557 0.0000000000
60809  -40.247  -36.287  55.430 0.0000000000
72279  -48.307  -25.253  48.877 0.0000000000
69142  -51.109  -28.212  50.312 0.0000000000
76372  -51.322  -21.431  48.003 0.0000000000
41219  -5.409  -56.307  67.006 0.0000000000
39181  -6.277  -57.930  70.499 0.0000000000
61776  -34.955  -35.365  60.226 0.0000000000
61761  -36.782  -35.098  62.740 0.0000000000
63978  -34.779  -33.653  60.224 0.0000000000
66032  -35.811  -32.890  59.170 0.0000000000
66028  -33.115  -32.037  57.750 0.0000000000
49499  -19.142  -48.458  68.366 0.0000000000
48503  -18.499  -48.486  71.411 0.0000000000
47579  -21.330  -49.895  71.482 0.0000000000
46501  -23.801  -51.288  70.723 0.0000000000
50612  -19.552  -47.277  60.115 0.0000000000
49643  -22.388  -48.065  59.647 0.0000000000
49542  -29.896  -47.816  64.694 0.0000000000
48597  -27.618  -49.144  64.331 0.0000000000
48546  -30.172  -49.267  67.370 0.0000000000
47600  -28.900  -49.933  70.539 0.0000000000
44378  -9.871  -52.631  65.583 0.0000000000
45408  -10.917  -51.537  68.447 0.0000000000
45352  -11.161  -51.821  72.286 0.0000000000
67061  -42.268  -31.790  51.423 0.0000000000
64075  -43.806  -33.495  53.525 0.0000000000
67027  -45.147  -31.827  53.534 0.0000000000
80413  -52.958  -17.399  40.184 0.0000000000
39154  -8.793  -57.886  72.799 0.0000000000
57598  -36.315  -39.275  65.376 0.0000000000
59705  -38.550  -37.928  65.205 0.0000000000
57625  -36.482  -39.284  62.521 0.0000000000
59790  -35.675  -37.647  59.086 0.0000000000
48569  -12.874  -49.055  65.429 0.0000000000
49495  -14.135  -47.469  68.554 0.0000000000
50536  -14.380  -47.497  65.597 0.0000000000
50525  -17.323  -47.228  65.942 0.0000000000
49540  -19.297  -48.000  65.403 0.0000000000
49646  -25.366  -48.130  59.458 0.0000000000
50614  -27.790  -46.984  59.355 0.0000000000
50585  -29.525  -46.557  62.102 0.0000000000
51588  -31.601  -45.603  65.107 0.0000000000
54724  -32.907  -43.067  65.134 0.0000000000
56628  -34.477  -40.835  65.769 0.0000000000
47720  -12.017  -49.868  62.633 0.0000000000
63966  -42.114  -33.935  61.922 0.0000000000
63953  -46.499  -34.064  62.703 0.0000000000
64001  -43.717  -34.202  60.040 0.0000000000
61802  -45.498  -35.609  58.818 0.0000000000
68141  -44.982  -29.791  49.534 0.0000000000
68077  -47.239  -30.522  52.543 0.0000000000
68102  -49.857  -29.794  51.341 0.0000000000
35905  0.179  -60.581  75.520 0.0000000000
61896  -38.636  -35.985  52.532 0.0000000000
66156  -39.436  -31.872  49.772 0.0000000000
69154  -42.213  -29.242  48.732 0.0000000000
70186  -44.015  -27.982  47.943 0.0000000000
72297  -46.238  -25.922  47.829 0.0000000000
74376  -47.227  -24.125  47.181 0.0000000000
74410  -48.000  -22.775  45.898 0.0000000000
74417  -45.569  -23.001  44.740 0.0000000000
39123  -6.643  -58.082  74.180 0.0000000000
39108  -4.023  -57.870  74.926 0.0000000000
38035  -1.774  -59.055  76.171 0.0000000000
64947  -42.417  -33.946  66.217 0.0000000000
60679  -39.320  -36.004  64.773 0.0000000000
63906  -39.493  -34.236  64.356 0.0000000000
65013  -41.004  -33.743  63.256 0.0000000000
63979  -38.472  -33.305  60.729 0.0000000000
64031  -36.799  -33.952  57.974 0.0000000000
64051  -35.156  -34.420  55.645 0.0000000000
49448  -15.582  -47.481  71.385 0.0000000000
49586  -19.129  -47.628  62.789 0.0000000000
48573  -21.964  -49.185  65.464 0.0000000000
48649  -24.618  -48.895  61.766 0.0000000000
48576  -24.812  -49.425  64.962 0.0000000000
47652  -24.238  -50.324  67.506 0.0000000000
46504  -26.717  -50.949  70.322 0.0000000000
41230  -6.699  -55.738  66.011 0.0000000000
42254  -8.638  -54.398  65.220 0.0000000000
42211  -8.982  -55.403  68.218 0.0000000000
61858  -42.394  -35.910  53.971 0.0000000000
60837  -45.464  -35.805  54.517 0.0000000000
61846  -48.740  -35.867  54.782 0.0000000000
66076  -48.274  -31.202  55.161 0.0000000000
75439  -49.600  -21.746  44.799 0.0000000000
77415  -50.836  -19.555  44.248 0.0000000000
80371  -51.078  -17.325  44.517 0.0000000000
81372  -48.785  -16.807  42.937 0.0000000000
82356  -52.612  -15.371  43.092 0.0000000000
56699  -32.510  -41.463  59.194 0.0000000000
56714  -32.964  -40.380  57.967 0.0000000000
56730  -32.187  -40.558  57.206 0.0000000000
53852  -30.793  -43.866  58.669 0.0000000000
54816  -31.710  -42.741  58.889 0.0000000000
55760  -32.242  -41.928  59.921 0.0000000000
61838  -37.540  -35.649  55.828 0.0000000000
61840  -39.706  -35.966  56.046 0.0000000000
60829  -38.458  -36.394  54.750 0.0000000000
73330  -48.791  -24.461  48.816 0.0000000000
72269  -50.769  -25.609  49.775 0.0000000000
73322  -51.106  -24.493  49.765 0.0000000000
74349  -51.128  -23.387  49.422 0.0000000000
75384  -50.163  -22.588  48.166 0.0000000000
40230  -6.258  -56.903  67.546 0.0000000000
40223  -5.972  -57.174  68.333 0.0000000000
39191  -6.764  -57.861  69.801 0.0000000000
62863  -33.807  -34.638  59.237 0.0000000000
62851  -34.768  -34.671  60.326 0.0000000000
63994  -33.803  -33.631  59.176 0.0000000000
65047  -33.881  -33.035  59.012 0.0000000000
65046  -33.349  -33.084  58.589 0.0000000000
47591  -12.202  -49.830  70.188 0.0000000000
48532  -20.856  -49.038  68.301 0.0000000000
48518  -20.110  -48.974  69.507 0.0000000000
47614  -21.232  -49.546  69.090 0.0000000000
47599  -22.171  -50.352  70.674 0.0000000000
46541  -22.532  -50.337  69.053 0.0000000000
49529  -30.790  -47.507  65.994 0.0000000000
48562  -30.101  -48.511  66.204 0.0000000000
49500  -30.885  -48.353  67.947 0.0000000000
49484  -30.938  -48.271  69.051 0.0000000000
47647  -11.755  -50.140  67.497 0.0000000000
46514  -11.740  -50.455  68.979 0.0000000000
46473  -11.435  -50.872  70.190 0.0000000000
64964  -44.574  -33.647  65.556 0.0000000000
67088  -42.966  -31.076  51.311 0.0000000000
67045  -43.532  -31.839  52.524 0.0000000000
67063  -44.476  -31.609  52.428 0.0000000000
57605  -35.786  -39.624  64.460 0.0000000000
57606  -36.560  -39.202  64.390 0.0000000000
57624  -35.555  -39.742  62.271 0.0000000000
58773  -35.161  -38.922  58.973 0.0000000000
58811  -34.614  -38.006  57.802 0.0000000000
59796  -34.512  -36.912  57.756 0.0000000000
48588  -13.001  -48.951  64.310 0.0000000000
49524  -13.947  -47.891  65.911 0.0000000000
49537  -14.268  -47.759  64.769 0.0000000000
51581  -16.331  -46.862  63.860 0.0000000000
51566  -16.225  -47.123  64.720 0.0000000000
50540  -17.089  -47.049  64.584 0.0000000000
49526  -18.394  -47.668  66.016 0.0000000000
49551  -18.359  -47.469  64.292 0.0000000000
50630  -26.732  -47.280  58.323 0.0000000000
52746  -30.762  -44.618  60.794 0.0000000000
51653  -29.499  -45.924  60.583 0.0000000000
51632  -30.737  -45.301  62.723 0.0000000000
51610  -30.617  -46.021  63.541 0.0000000000
52675  -31.534  -44.472  63.886 0.0000000000
53741  -32.449  -43.869  65.366 0.0000000000
53770  -31.872  -43.774  63.458 0.0000000000
56663  -33.617  -40.887  62.717 0.0000000000
55715  -33.437  -41.593  63.989 0.0000000000
56639  -34.414  -40.623  64.751 0.0000000000
57597  -35.614  -39.799  65.510 0.0000000000
47712  -12.551  -49.493  63.464 0.0000000000
63998  -40.587  -33.938  60.086 0.0000000000
63984  -43.563  -34.035  60.918 0.0000000000
64017  -41.986  -34.112  59.260 0.0000000000
61829  -43.124  -36.118  57.033 0.0000000000
62900  -44.043  -35.236  58.464 0.0000000000
60776  -44.654  -36.423  57.070 0.0000000000
60763  -46.101  -36.441  58.115 0.0000000000
60793  -45.092  -36.523  56.222 0.0000000000
68143  -46.978  -29.387  49.442 0.0000000000
67109  -47.347  -30.395  50.715 0.0000000000
68125  -48.869  -29.640  50.268 0.0000000000
70161  -52.701  -27.320  51.402 0.0000000000
69173  -42.633  -28.659  48.171 0.0000000000
70197  -41.827  -27.707  46.451 0.0000000000
72295  -43.858  -26.236  46.652 0.0000000000
73341  -45.095  -25.460  46.606 0.0000000000
73343  -46.742  -24.833  47.504 0.0000000000
73360  -45.895  -24.473  46.420 0.0000000000
73374  -45.798  -23.903  45.797 0.0000000000
40196  -3.676  -56.913  70.042 0.0000000000
39148  -3.067  -57.516  72.214 0.0000000000
39125  -8.509  -58.088  74.318 0.0000000000
39138  -7.340  -58.358  73.335 0.0000000000
39112  -7.785  -58.302  75.036 0.0000000000
38038  -5.213  -58.558  75.855 0.0000000000
38028  -4.225  -59.290  76.290 0.0000000000
38049  -3.343  -58.331  75.567 0.0000000000
36947  -3.232  -59.666  76.242 0.0000000000
35895  -2.018  -60.014  76.059 0.0000000000
58700  -38.100  -38.092  63.345 0.0000000000
59706  -39.244  -37.107  65.127 0.0000000000
59728  -38.517  -36.530  63.425 0.0000000000
63931  -36.775  -33.546  63.032 0.0000000000
62818  -38.134  -34.394  64.033 0.0000000000
63933  -38.576  -33.347  63.626 0.0000000000
64976  -40.096  -33.894  63.948 0.0000000000
65011  -39.336  -33.044  62.766 0.0000000000
63964  -39.889  -33.513  61.997 0.0000000000
65026  -38.230  -32.771  61.793 0.0000000000
66045  -34.931  -32.882  57.852 0.0000000000
65062  -36.481  -33.463  58.776 0.0000000000
64030  -36.057  -33.762  57.350 0.0000000000
64042  -36.419  -34.494  56.850 0.0000000000
64040  -34.789  -33.699  56.183 0.0000000000
50499  -15.313  -46.950  68.289 0.0000000000
50480  -14.737  -47.233  69.941 0.0000000000
49466  -16.250  -47.381  70.120 0.0000000000
49605  -21.222  -48.220  61.505 0.0000000000
49603  -19.359  -47.643  61.929 0.0000000000
49588  -20.912  -48.222  62.565 0.0000000000
49554  -20.853  -48.427  64.114 0.0000000000
48592  -22.256  -48.934  64.424 0.0000000000
49630  -26.292  -48.019  60.296 0.0000000000
49629  -25.199  -48.617  60.683 0.0000000000
48651  -26.075  -48.806  61.982 0.0000000000
47691  -27.494  -49.746  65.489 0.0000000000
48596  -26.514  -49.381  64.418 0.0000000000
47673  -25.845  -49.891  66.465 0.0000000000
47672  -24.815  -49.913  66.568 0.0000000000
47654  -26.284  -50.086  67.301 0.0000000000
46544  -25.122  -50.678  68.762 0.0000000000
46546  -26.737  -50.407  68.903 0.0000000000
53699  -33.482  -43.555  68.473 0.0000000000
43307  -9.484  -53.450  65.812 0.0000000000
43289  -9.476  -53.811  66.982 0.0000000000
42226  -9.027  -54.793  67.188 0.0000000000
44286  -10.962  -52.650  72.583 0.0000000000
62965  -39.218  -34.836  52.064 0.0000000000
61898  -40.295  -35.387  52.977 0.0000000000
62948  -41.389  -34.660  53.088 0.0000000000
64059  -44.883  -33.456  54.016 0.0000000000
62931  -44.587  -34.404  53.865 0.0000000000
62933  -46.561  -34.446  54.036 0.0000000000
61845  -47.751  -35.877  54.889 0.0000000000
62934  -47.682  -34.486  53.849 0.0000000000
68056  -49.006  -29.968  53.435 0.0000000000
67030  -47.961  -30.310  54.635 0.0000000000
67012  -49.575  -30.443  55.036 0.0000000000
75436  -46.873  -22.442  44.385 0.0000000000
75426  -48.542  -22.452  45.512 0.0000000000
76417  -47.461  -21.934  44.036 0.0000000000
77412  -48.817  -19.967  43.671 0.0000000000
78438  -49.223  -19.056  43.873 0.0000000000
79423  -51.397  -18.128  44.606 0.0000000000
79435  -49.751  -18.116  44.125 0.0000000000
80410  -49.125  -17.767  41.119 0.0000000000
80399  -48.310  -16.953  41.897 0.0000000000
81383  -50.233  -16.504  42.292 0.0000000000
81374  -50.706  -15.996  43.046 0.0000000000
81384  -51.661  -16.251  42.098 0.0000000000
81385  -52.566  -16.283  41.770 0.0000000000
82386  -54.312  -16.349  39.803 0.0000000000
56674  -33.893  -40.426  61.379 0.0000000000
56675  -34.738  -39.939  61.567 0.0000000000
56688  -33.837  -40.365  60.122 0.0000000000
57677  -33.642  -40.007  58.515 0.0000000000
49567  -14.491  -47.695  63.073 0.0000000000
52790  -30.180  -44.624  58.472 0.0000000000
52770  -30.654  -44.417  59.642 0.0000000000
53819  -31.380  -43.636  60.803 0.0000000000
54757  -32.156  -42.977  62.930 0.0000000000
54779  -32.017  -42.459  61.373 0.0000000000
56673  -33.062  -41.081  61.577 0.0000000000
62894  -38.879  -34.864  57.771 0.0000000000
62878  -41.274  -34.443  58.545 0.0000000000
61826  -40.262  -35.469  57.001 0.0000000000
61842  -41.251  -36.188  56.341 0.0000000000
60811  -42.564  -36.477  55.478 0.0000000000
71224  -47.707  -26.557  48.992 0.0000000000
69162  -49.615  -28.040  49.640 0.0000000000
71226  -49.811  -26.554  49.534 0.0000000000
71216  -52.278  -26.540  50.567 0.0000000000
76391  -51.922  -20.627  47.931 0.0000000000
40210  -4.695  -57.148  69.055 0.0000000000
39180  -5.271  -57.530  70.327 0.0000000000
60744  -36.824  -36.619  60.922 0.0000000000
60727  -37.317  -35.929  62.307 0.0000000000
61768  -36.078  -35.234  61.964 0.0000000000
63962  -35.576  -33.590  61.552 0.0000000000
65007  -36.152  -32.930  61.983 0.0000000000
66015  -36.688  -32.587  60.833 0.0000000000
66012  -35.111  -32.767  59.757 0.0000000000
66030  -34.410  -32.745  58.386 0.0000000000
66044  -34.093  -32.429  57.681 0.0000000000
49497  -17.411  -47.541  67.899 0.0000000000
49483  -18.104  -48.057  69.961 0.0000000000
48529  -18.733  -48.489  69.614 0.0000000000
48490  -19.791  -48.975  71.730 0.0000000000
46481  -23.246  -51.357  71.851 0.0000000000
49641  -20.732  -47.740  59.962 0.0000000000
49606  -21.822  -48.402  61.081 0.0000000000
49555  -28.912  -47.969  63.700 0.0000000000
48616  -27.830  -48.571  63.285 0.0000000000
48598  -28.590  -48.620  64.206 0.0000000000
48561  -29.275  -49.595  66.359 0.0000000000
47676  -28.794  -49.971  66.942 0.0000000000
47637  -28.573  -50.009  68.485 0.0000000000
47638  -29.578  -49.705  68.702 0.0000000000
46615  -10.789  -51.307  64.029 0.0000000000
46586  -10.614  -51.474  65.723 0.0000000000
44335  -10.562  -52.231  68.822 0.0000000000
44321  -10.613  -52.377  70.117 0.0000000000
45392  -11.080  -51.463  69.576 0.0000000000
65148  -41.288  -32.419  51.644 0.0000000000
64088  -42.166  -33.346  52.963 0.0000000000
66104  -42.813  -32.401  52.717 0.0000000000
66106  -44.240  -32.262  53.428 0.0000000000
65106  -45.656  -32.629  54.272 0.0000000000
77408  -44.901  -20.399  43.518 0.0000000000
76429  -46.410  -21.092  43.600 0.0000000000
77409  -45.867  -20.285  43.536 0.0000000000
80411  -50.343  -17.648  41.172 0.0000000000
80412  -51.667  -17.279  41.110 0.0000000000
79450  -52.124  -18.163  40.406 0.0000000000
79459  -52.741  -18.504  39.563 0.0000000000
41187  -9.023  -56.544  70.320 0.0000000000
40199  -8.178  -57.804  70.600 0.0000000000
59685  -37.638  -38.181  67.364 0.0000000000
58679  -37.446  -38.528  66.190 0.0000000000
58699  -37.560  -38.663  63.427 0.0000000000
58706  -37.634  -38.434  62.658 0.0000000000
57636  -35.373  -39.685  61.033 0.0000000000
58750  -36.534  -38.632  60.561 0.0000000000
59780  -36.782  -37.166  60.530 0.0000000000
60752  -35.656  -36.796  59.500 0.0000000000
60750  -34.323  -35.774  58.814 0.0000000000
48540  -12.829  -48.848  67.784 0.0000000000
48528  -12.874  -48.766  68.830 0.0000000000
49509  -13.264  -48.391  67.576 0.0000000000
50509  -14.212  -47.462  67.079 0.0000000000
50511  -15.566  -46.967  67.121 0.0000000000
50552  -15.005  -47.064  64.268 0.0000000000
50523  -15.821  -47.121  65.900 0.0000000000
50501  -16.824  -47.151  67.517 0.0000000000
49512  -17.755  -47.494  66.708 0.0000000000
48556  -19.781  -48.521  67.425 0.0000000000
48557  -20.318  -48.707  66.866 0.0000000000
49647  -26.330  -47.723  59.093 0.0000000000
49609  -27.389  -47.722  61.073 0.0000000000
50615  -28.597  -46.550  59.668 0.0000000000
50601  -28.939  -46.465  60.779 0.0000000000
50569  -28.985  -47.152  62.524 0.0000000000
50570  -29.865  -46.715  63.178 0.0000000000
50556  -30.641  -46.741  64.344 0.0000000000
51557  -31.898  -46.057  66.775 0.0000000000
51542  -32.203  -45.747  67.631 0.0000000000
52606  -32.249  -44.876  66.300 0.0000000000
54697  -33.232  -43.357  67.044 0.0000000000
54710  -33.710  -42.402  66.490 0.0000000000
55701  -33.011  -42.248  64.340 0.0000000000
55687  -33.778  -41.873  65.737 0.0000000000
55670  -34.420  -41.621  67.094 0.0000000000
56619  -35.389  -40.595  67.307 0.0000000000
47700  -11.810  -50.231  64.723 0.0000000000
63950  -42.906  -33.538  63.114 0.0000000000
63968  -44.450  -33.937  61.888 0.0000000000
63985  -44.599  -34.149  60.861 0.0000000000
62853  -46.036  -34.710  60.320 0.0000000000
62880  -43.116  -34.808  58.867 0.0000000000
62865  -45.007  -34.746  59.401 0.0000000000
68121  -44.690  -30.306  50.384 0.0000000000
68076  -46.243  -30.805  52.278 0.0000000000
67090  -46.304  -30.644  51.446 0.0000000000
68078  -48.271  -30.367  52.385 0.0000000000
68057  -50.113  -29.693  53.415 0.0000000000
68126  -50.084  -29.236  50.445 0.0000000000
69112  -51.404  -29.046  52.818 0.0000000000
61894  -36.241  -35.914  52.239 0.0000000000
61878  -37.971  -36.606  53.747 0.0000000000
62963  -36.947  -35.553  51.708 0.0000000000
62964  -38.047  -35.376  51.712 0.0000000000
62980  -39.266  -33.971  51.512 0.0000000000
65146  -39.578  -32.723  50.657 0.0000000000
67085  -40.730  -31.646  50.110 0.0000000000
67106  -41.350  -31.137  49.902 0.0000000000
68118  -41.743  -30.622  49.773 0.0000000000
68139  -42.898  -29.796  49.507 0.0000000000
69155  -43.254  -29.277  48.822 0.0000000000
69175  -44.582  -28.519  48.379 0.0000000000
69176  -45.402  -28.341  48.510 0.0000000000
71250  -43.300  -26.923  46.899 0.0000000000
71235  -45.125  -27.064  47.778 0.0000000000
71237  -46.606  -26.719  48.475 0.0000000000
72278  -47.297  -25.871  48.502 0.0000000000
73329  -47.691  -24.842  48.274 0.0000000000
74377  -47.962  -23.680  47.431 0.0000000000
74378  -48.784  -23.119  47.439 0.0000000000
74393  -47.149  -23.634  46.500 0.0000000000
75424  -46.899  -22.960  45.099 0.0000000000
75435  -45.831  -22.448  44.290 0.0000000000
76427  -44.581  -21.314  43.667 0.0000000000
39169  -7.660  -58.158  71.441 0.0000000000
39151  -6.053  -58.001  72.311 0.0000000000
39150  -5.063  -57.730  72.279 0.0000000000
39099  -6.138  -58.296  75.488 0.0000000000
39109  -5.048  -57.869  75.049 0.0000000000
39135  -4.400  -57.729  73.165 0.0000000000
39119  -2.767  -57.838  73.892 0.0000000000
38058  -1.643  -57.982  74.603 0.0000000000
38057  -0.698  -58.138  74.445 0.0000000000
36954  -1.035  -59.684  76.160 0.0000000000
64979  -42.756  -33.586  64.823 0.0000000000
61720  -40.287  -35.339  66.117 0.0000000000
61754  -38.245  -35.614  63.682 0.0000000000
61732  -39.304  -35.228  64.764 0.0000000000
64959  -40.578  -34.038  64.688 0.0000000000
64978  -41.853  -33.645  64.710 0.0000000000
65014  -41.977  -33.659  63.522 0.0000000000
63949  -41.600  -33.822  62.720 0.0000000000
63981  -40.196  -33.844  61.031 0.0000000000
63997  -39.442  -33.821  60.144 0.0000000000
65050  -37.294  -33.307  59.885 0.0000000000
64013  -37.448  -33.900  59.055 0.0000000000
64033  -38.302  -34.512  58.401 0.0000000000
62893  -38.010  -34.871  57.550 0.0000000000
62920  -37.207  -35.282  56.226 0.0000000000
62929  -36.077  -35.445  55.232 0.0000000000
64029  -31.498  -33.305  57.404 0.0000000000
65073  -32.304  -32.320  57.552 0.0000000000
66057  -32.912  -31.864  56.347 0.0000000000
65084  -33.449  -32.478  56.015 0.0000000000
65095  -33.686  -33.105  55.661 0.0000000000
64057  -33.856  -34.247  54.756 0.0000000000
62927  -34.244  -34.912  54.529 0.0000000000
62946  -34.844  -35.716  53.729 0.0000000000
49450  -17.382  -47.878  71.699 0.0000000000
51627  -17.215  -46.227  61.752 0.0000000000
50582  -18.062  -46.877  61.663 0.0000000000
50567  -17.899  -47.049  62.848 0.0000000000
49552  -19.084  -47.876  64.398 0.0000000000
48590  -20.608  -48.657  65.357 0.0000000000
47669  -22.054  -49.465  66.385 0.0000000000
49644  -23.298  -48.191  59.564 0.0000000000
48666  -23.373  -48.643  60.902 0.0000000000
48629  -24.181  -48.964  62.482 0.0000000000
48614  -25.884  -49.118  63.206 0.0000000000
48613  -24.762  -49.127  63.291 0.0000000000
48612  -23.725  -48.998  63.330 0.0000000000
48575  -23.848  -49.359  65.018 0.0000000000
47670  -22.872  -49.778  66.574 0.0000000000
47651  -23.123  -50.210  67.562 0.0000000000
46543  -24.132  -50.669  68.582 0.0000000000
46502  -24.944  -51.280  70.354 0.0000000000
41220  -6.459  -56.370  66.797 0.0000000000
40232  -7.994  -56.477  67.568 0.0000000000
43336  -8.693  -53.633  63.974 0.0000000000
42260  -7.314  -54.455  64.377 0.0000000000
42244  -8.144  -55.177  65.933 0.0000000000
41222  -8.437  -55.800  67.193 0.0000000000
41210  -8.594  -56.265  68.213 0.0000000000
42190  -9.477  -55.637  70.551 0.0000000000
44306  -10.532  -52.727  71.582 0.0000000000
60849  -39.898  -36.297  53.953 0.0000000000
60833  -41.909  -36.350  54.660 0.0000000000
60834  -42.927  -36.315  54.633 0.0000000000
62949  -42.446  -34.546  53.244 0.0000000000
61860  -44.040  -35.436  54.032 0.0000000000
60813  -44.500  -36.391  55.346 0.0000000000
60815  -46.572  -36.367  55.727 0.0000000000
68053  -45.937  -31.052  53.178 0.0000000000
67009  -46.899  -31.069  54.781 0.0000000000
65108  -47.578  -32.720  54.594 0.0000000000
75416  -49.398  -22.278  46.489 0.0000000000
76402  -50.739  -21.457  46.366 0.0000000000
76403  -51.372  -20.859  46.433 0.0000000000
76431  -48.492  -20.905  43.697 0.0000000000
76420  -50.232  -21.137  44.467 0.0000000000
77394  -51.875  -20.030  45.584 0.0000000000
78429  -52.318  -18.532  45.304 0.0000000000
80365  -52.363  -17.234  45.355 0.0000000000
80382  -48.427  -17.403  43.450 0.0000000000
81362  -49.835  -16.644  43.518 0.0000000000
82346  -51.674  -15.918  44.194 0.0000000000
82372  -53.418  -16.431  40.817 0.0000000000
55788  -31.843  -41.504  57.551 0.0000000000
56713  -32.395  -41.110  58.301 0.0000000000
54815  -31.413  -42.817  58.287 0.0000000000
55787  -31.592  -42.249  57.780 0.0000000000
55775  -31.964  -42.128  58.612 0.0000000000
61854  -36.767  -35.877  54.830 0.0000000000
61855  -38.137  -36.253  54.931 0.0000000000
73331  -49.521  -23.860  48.912 0.0000000000
73321  -49.970  -24.479  49.299 0.0000000000
74348  -50.132  -23.722  49.123 0.0000000000
74367  -50.737  -22.741  48.788 0.0000000000
40224  -6.960  -57.247  68.327 0.0000000000
40213  -7.693  -57.590  69.413 0.0000000000
62876  -33.281  -34.647  58.758 0.0000000000
62862  -33.174  -34.072  58.846 0.0000000000
63993  -33.231  -33.533  58.752 0.0000000000
47592  -12.692  -49.310  70.478 0.0000000000
47609  -12.586  -49.335  69.531 0.0000000000
47615  -22.052  -50.108  69.527 0.0000000000
47631  -22.319  -50.080  68.396 0.0000000000
50528  -31.411  -46.906  66.487 0.0000000000
49530  -31.027  -47.497  66.699 0.0000000000
49516  -31.238  -47.531  67.363 0.0000000000
50502  -31.846  -46.842  68.965 0.0000000000
47608  -12.044  -49.841  69.253 0.0000000000
68073  -43.336  -31.143  51.535 0.0000000000
68074  -43.923  -31.200  51.744 0.0000000000
57614  -35.176  -39.837  63.488 0.0000000000
58810  -34.207  -38.553  57.652 0.0000000000
48589  -13.686  -48.457  64.034 0.0000000000
51582  -16.801  -46.807  63.606 0.0000000000
51567  -16.603  -47.057  64.292 0.0000000000
50541  -17.935  -47.289  65.122 0.0000000000
50554  -17.771  -47.161  63.998 0.0000000000
52722  -30.948  -44.674  62.077 0.0000000000
51655  -30.408  -45.285  61.758 0.0000000000
52697  -31.132  -44.739  62.855 0.0000000000
53769  -31.436  -44.463  63.275 0.0000000000
56652  -34.382  -40.361  63.667 0.0000000000
57604  -34.992  -40.016  64.585 0.0000000000
48608  -13.107  -48.905  63.242 0.0000000000
64016  -40.957  -34.002  59.214 0.0000000000
63999  -41.691  -33.993  60.052 0.0000000000
60791  -43.259  -36.455  56.229 0.0000000000
61830  -43.867  -36.298  56.902 0.0000000000
60777  -45.598  -36.596  57.161 0.0000000000
68144  -47.918  -29.118  49.578 0.0000000000
70153  -52.997  -27.308  51.937 0.0000000000
70184  -42.138  -28.240  47.285 0.0000000000
73359  -44.843  -24.985  46.184 0.0000000000
73373  -45.078  -24.179  45.641 0.0000000000
39178  -3.749  -57.039  70.644 0.0000000000
40185  -3.344  -56.952  70.603 0.0000000000
40184  -2.770  -56.986  70.843 0.0000000000
39101  -7.968  -58.546  75.577 0.0000000000
36948  -3.781  -59.500  76.275 0.0000000000
35887  -3.523  -59.792  76.162 0.0000000000
59727  -38.457  -37.277  63.197 0.0000000000
59748  -38.290  -36.676  62.910 0.0000000000
64992  -37.227  -32.950  62.943 0.0000000000
64993  -38.089  -32.913  63.184 0.0000000000
64994  -38.964  -33.037  63.166 0.0000000000
65010  -38.551  -32.838  62.581 0.0000000000
65074  -34.443  -32.894  57.245 0.0000000000
65075  -35.288  -33.363  57.528 0.0000000000
65086  -34.808  -33.408  56.814 0.0000000000
64041  -35.501  -33.941  56.628 0.0000000000
50491  -15.851  -47.071  69.033 0.0000000000
49604  -20.231  -47.962  61.740 0.0000000000
48610  -21.487  -48.561  63.582 0.0000000000
48611  -22.647  -48.842  63.385 0.0000000000
49608  -26.356  -48.560  61.511 0.0000000000
49589  -26.785  -48.559  62.100 0.0000000000
47674  -26.912  -49.961  66.412 0.0000000000
47635  -26.597  -50.278  68.146 0.0000000000
47636  -27.536  -50.203  68.438 0.0000000000
55632  -34.257  -42.282  68.132 0.0000000000
44334  -10.054  -53.054  69.141 0.0000000000
64085  -39.937  -33.896  52.005 0.0000000000
62966  -40.487  -34.675  52.672 0.0000000000
62967  -41.227  -33.971  52.785 0.0000000000
64060  -46.029  -33.526  54.183 0.0000000000
62932  -45.500  -34.408  54.045 0.0000000000
68037  -49.741  -29.799  54.290 0.0000000000
68021  -49.192  -30.147  54.704 0.0000000000
75437  -47.941  -22.324  44.586 0.0000000000
75448  -46.840  -21.739  43.842 0.0000000000
79434  -48.740  -18.199  43.870 0.0000000000
80400  -49.635  -17.031  41.740 0.0000000000
81391  -51.846  -16.660  41.539 0.0000000000
56700  -33.128  -40.722  59.229 0.0000000000
56731  -32.776  -39.815  57.130 0.0000000000
52803  -29.777  -44.779  57.271 0.0000000000
54800  -31.405  -43.173  59.224 0.0000000000
53834  -31.031  -43.765  59.884 0.0000000000
53820  -31.767  -43.017  60.842 0.0000000000
54791  -31.936  -42.526  60.450 0.0000000000
55761  -32.679  -41.263  59.933 0.0000000000
55749  -32.613  -41.489  60.773 0.0000000000
62910  -40.003  -35.022  57.420 0.0000000000
61825  -39.122  -35.581  56.570 0.0000000000
60808  -39.311  -36.305  55.351 0.0000000000
61841  -40.676  -36.082  56.250 0.0000000000
60789  -41.691  -36.202  56.469 0.0000000000
60810  -41.419  -36.376  55.690 0.0000000000
72267  -48.137  -25.961  49.026 0.0000000000
71225  -48.735  -26.554  49.260 0.0000000000
72258  -51.932  -25.519  50.257 0.0000000000
72259  -53.271  -25.707  51.271 0.0000000000
76373  -51.865  -21.093  48.409 0.0000000000
77349  -52.493  -20.736  48.803 0.0000000000
40211  -5.562  -57.326  69.123 0.0000000000
39189  -5.513  -57.445  69.703 0.0000000000
40197  -4.500  -57.166  69.791 0.0000000000
60742  -35.210  -35.990  60.011 0.0000000000
60735  -36.403  -35.972  61.275 0.0000000000
61777  -35.447  -35.416  60.885 0.0000000000
62841  -35.081  -34.100  60.958 0.0000000000
63961  -35.136  -33.582  60.890 0.0000000000
65022  -35.199  -33.162  60.743 0.0000000000
65036  -35.348  -32.869  60.523 0.0000000000
65035  -34.930  -32.942  59.969 0.0000000000
65060  -33.497  -32.727  58.370 0.0000000000
66019  -34.229  -32.851  58.578 0.0000000000
66029  -33.695  -32.490  58.113 0.0000000000
66043  -33.394  -31.980  57.347 0.0000000000
49498  -18.446  -48.171  68.637 0.0000000000
48530  -19.349  -48.663  68.976 0.0000000000
47597  -20.638  -49.342  69.988 0.0000000000
48505  -19.933  -49.043  70.567 0.0000000000
47578  -20.563  -49.459  71.065 0.0000000000
46500  -22.967  -50.840  70.399 0.0000000000
46480  -22.753  -50.901  71.358 0.0000000000
49642  -21.426  -47.874  59.657 0.0000000000
49625  -21.307  -48.039  60.564 0.0000000000
49626  -22.173  -48.335  60.457 0.0000000000
49556  -29.646  -47.474  63.918 0.0000000000
48599  -29.318  -48.116  64.327 0.0000000000
48580  -29.414  -48.594  65.193 0.0000000000
48545  -29.647  -49.639  67.070 0.0000000000
47657  -29.323  -49.833  67.535 0.0000000000
47639  -30.049  -49.483  68.151 0.0000000000
48521  -30.446  -48.820  69.692 0.0000000000
46601  -11.171  -50.795  64.857 0.0000000000
46600  -10.712  -51.361  65.023 0.0000000000
46587  -10.942  -50.961  65.744 0.0000000000
46533  -11.082  -51.005  67.961 0.0000000000
46474  -11.846  -50.441  70.866 0.0000000000
66117  -41.780  -32.170  51.643 0.0000000000
65128  -41.474  -32.680  52.144 0.0000000000
66118  -42.570  -32.120  52.263 0.0000000000
67046  -44.237  -31.832  52.928 0.0000000000
67026  -44.637  -31.993  53.379 0.0000000000
65105  -44.849  -32.490  53.937 0.0000000000
66090  -45.442  -31.953  54.096 0.0000000000
79448  -49.858  -18.521  40.605 0.0000000000
79449  -51.068  -18.493  40.563 0.0000000000
78450  -50.366  -19.023  40.080 0.0000000000
41178  -8.857  -57.242  70.925 0.0000000000
39114  -9.697  -57.839  75.173 0.0000000000
58669  -36.859  -38.797  67.231 0.0000000000
58670  -37.167  -38.575  66.747 0.0000000000
58678  -36.821  -38.891  66.205 0.0000000000
57616  -36.835  -39.042  63.447 0.0000000000
58693  -37.337  -38.820  64.345 0.0000000000
57626  -37.098  -38.835  62.601 0.0000000000
57635  -34.544  -39.964  60.640 0.0000000000
57654  -35.173  -39.726  60.052 0.0000000000
58774  -35.662  -38.685  59.351 0.0000000000
58751  -36.921  -37.866  60.680 0.0000000000
59779  -36.348  -37.614  59.876 0.0000000000
60761  -34.120  -36.047  58.060 0.0000000000
48541  -13.170  -48.542  67.105 0.0000000000
50521  -14.400  -47.404  66.430 0.0000000000
50510  -14.546  -47.256  67.538 0.0000000000
50522  -15.085  -47.016  66.324 0.0000000000
49550  -14.631  -47.485  63.937 0.0000000000
50524  -16.499  -47.174  65.422 0.0000000000
51551  -16.046  -47.206  65.304 0.0000000000
50512  -16.479  -47.088  66.695 0.0000000000
50513  -17.157  -47.268  66.961 0.0000000000
49527  -19.446  -48.238  66.596 0.0000000000
49528  -20.096  -48.504  66.315 0.0000000000
49648  -27.114  -47.284  59.033 0.0000000000
49631  -27.200  -47.541  59.852 0.0000000000
50600  -27.963  -46.967  60.346 0.0000000000
51689  -29.025  -46.006  58.920 0.0000000000
51670  -29.305  -45.956  59.912 0.0000000000
51654  -29.726  -45.894  61.335 0.0000000000
50602  -29.286  -46.469  61.467 0.0000000000
50584  -28.859  -46.860  61.676 0.0000000000
52647  -31.088  -45.508  64.114 0.0000000000
51587  -31.286  -46.046  64.688 0.0000000000
51573  -31.375  -46.318  65.211 0.0000000000
52605  -31.957  -45.499  66.245 0.0000000000
52624  -31.901  -45.172  65.532 0.0000000000
54709  -33.068  -43.250  66.347 0.0000000000
54725  -33.288  -42.524  65.562 0.0000000000
54771  -32.406  -42.357  62.517 0.0000000000
54758  -32.646  -42.478  63.392 0.0000000000
56638  -33.895  -41.303  65.002 0.0000000000
56627  -34.200  -41.306  66.097 0.0000000000
55669  -34.194  -41.645  66.580 0.0000000000
56617  -34.362  -41.320  66.516 0.0000000000
56618  -34.747  -41.086  66.899 0.0000000000
57588  -34.892  -40.587  66.228 0.0000000000
57590  -36.243  -39.426  66.409 0.0000000000
57583  -36.324  -39.526  67.491 0.0000000000
47711  -11.903  -50.009  63.644 0.0000000000
47685  -12.303  -49.784  65.657 0.0000000000
63967  -43.304  -33.882  61.948 0.0000000000
63986  -45.613  -34.371  60.782 0.0000000000
64002  -44.648  -34.390  59.918 0.0000000000
62897  -41.595  -34.944  58.015 0.0000000000
62879  -42.241  -34.561  58.684 0.0000000000
62898  -42.528  -35.101  58.200 0.0000000000
61801  -44.781  -35.464  58.481 0.0000000000
62882  -44.629  -35.148  58.770 0.0000000000
62883  -45.226  -35.076  59.107 0.0000000000
62866  -45.723  -35.040  59.614 0.0000000000
61789  -45.925  -35.332  59.399 0.0000000000
61803  -46.788  -36.148  59.009 0.0000000000
60764  -47.160  -36.599  58.204 0.0000000000
68122  -45.794  -30.263  50.378 0.0000000000
67107  -46.051  -30.588  51.061 0.0000000000
67110  -48.142  -30.239  50.726 0.0000000000
67092  -47.867  -30.503  51.410 0.0000000000
68101  -48.808  -30.256  51.397 0.0000000000
68079  -49.488  -30.017  52.424 0.0000000000
69141  -50.296  -28.370  50.013 0.0000000000
69140  -49.419  -28.755  49.834 0.0000000000
68127  -50.819  -28.841  50.510 0.0000000000
68081  -51.382  -29.103  52.125 0.0000000000
36962  0.659  -59.806  75.616 0.0000000000
35904  0.839  -60.345  75.442 0.0000000000
62979  -38.485  -34.364  51.286 0.0000000000
64100  -38.058  -33.844  50.660 0.0000000000
65145  -39.062  -32.952  50.492 0.0000000000
66140  -39.704  -32.237  50.290 0.0000000000
66141  -40.412  -32.077  50.484 0.0000000000
67105  -40.670  -31.250  49.765 0.0000000000
68117  -40.791  -30.678  49.337 0.0000000000
68095  -41.991  -31.219  50.307 0.0000000000
68138  -41.884  -29.833  49.342 0.0000000000
70185  -43.120  -28.100  47.707 0.0000000000
69174  -43.636  -28.640  48.310 0.0000000000
70187  -44.914  -27.611  48.084 0.0000000000
72296  -45.004  -25.982  46.928 0.0000000000
71251  -44.472  -26.990  47.313 0.0000000000
71252  -45.433  -26.607  47.638 0.0000000000
71236  -45.654  -27.014  48.129 0.0000000000
71253  -45.964  -26.543  48.049 0.0000000000
72277  -46.704  -26.154  48.288 0.0000000000
73344  -47.552  -24.307  47.719 0.0000000000
74364  -48.139  -24.120  48.161 0.0000000000
74407  -45.305  -23.546  45.225 0.0000000000
74408  -46.353  -23.407  45.490 0.0000000000
74418  -46.299  -22.886  44.770 0.0000000000
39163  -1.814  -57.374  71.286 0.0000000000
40186  -8.501  -57.801  71.524 0.0000000000
39153  -8.109  -58.172  72.424 0.0000000000
39152  -7.028  -58.379  72.349 0.0000000000
39137  -6.361  -58.113  73.263 0.0000000000
39136  -5.397  -57.832  73.217 0.0000000000
38040  -7.256  -58.837  75.807 0.0000000000
38050  -4.424  -58.210  75.629 0.0000000000
39098  -5.484  -58.092  75.489 0.0000000000
39121  -4.715  -57.777  74.104 0.0000000000
39120  -3.717  -57.791  74.009 0.0000000000
39134  -3.419  -57.741  73.091 0.0000000000
38036  -2.775  -58.876  76.116 0.0000000000
39106  -2.224  -57.952  74.529 0.0000000000
38048  -1.988  -58.334  75.347 0.0000000000
38047  -0.715  -58.989  75.778 0.0000000000
38034  -1.254  -59.334  76.187 0.0000000000
35908  -2.871  -60.371  75.615 0.0000000000
64948  -43.106  -33.889  66.143 0.0000000000
64962  -43.313  -33.695  65.499 0.0000000000
64961  -42.363  -33.762  65.512 0.0000000000
59694  -38.209  -38.078  66.242 0.0000000000
59686  -38.751  -37.764  67.252 0.0000000000
59695  -39.111  -37.598  66.195 0.0000000000
59696  -39.746  -36.822  66.225 0.0000000000
59707  -39.725  -36.405  65.517 0.0000000000
60671  -40.334  -35.834  66.855 0.0000000000
60680  -39.820  -35.928  65.445 0.0000000000
61762  -37.534  -35.626  62.891 0.0000000000
60710  -37.983  -35.822  63.227 0.0000000000
61753  -37.661  -35.021  63.549 0.0000000000
63921  -38.924  -33.978  64.109 0.0000000000
62819  -38.750  -34.476  64.256 0.0000000000
62811  -39.422  -34.591  64.619 0.0000000000
62812  -40.249  -34.512  65.424 0.0000000000
63907  -39.992  -34.250  64.655 0.0000000000
63908  -40.987  -34.117  65.833 0.0000000000
64996  -40.496  -33.746  63.664 0.0000000000
64977  -40.988  -33.827  64.392 0.0000000000
64997  -41.424  -33.675  63.999 0.0000000000
63948  -40.601  -33.699  62.539 0.0000000000
63980  -39.056  -33.367  61.114 0.0000000000
66022  -35.979  -32.673  59.876 0.0000000000
65037  -36.647  -32.785  60.210 0.0000000000
65049  -36.515  -33.061  59.545 0.0000000000
64012  -36.896  -33.799  58.613 0.0000000000
64014  -38.752  -34.097  59.263 0.0000000000
64032  -37.540  -34.420  58.067 0.0000000000
64052  -35.861  -34.671  56.129 0.0000000000
62906  -37.027  -34.982  56.568 0.0000000000
62918  -35.764  -35.074  55.525 0.0000000000
62919  -36.610  -35.249  55.865 0.0000000000
65072  -31.713  -32.350  57.062 0.0000000000
66070  -32.860  -32.156  55.564 0.0000000000
65094  -33.130  -32.759  55.304 0.0000000000
64049  -33.447  -33.508  55.031 0.0000000000
49494  -13.705  -47.857  68.362 0.0000000000
49478  -13.334  -48.234  69.038 0.0000000000
49479  -13.774  -47.791  69.214 0.0000000000
49465  -15.250  -47.260  70.503 0.0000000000
49468  -18.005  -48.099  71.027 0.0000000000
49467  -17.261  -47.793  70.608 0.0000000000
49451  -18.027  -48.207  71.876 0.0000000000
50583  -18.624  -47.286  62.197 0.0000000000
50568  -18.582  -47.371  62.834 0.0000000000
49569  -18.668  -47.543  63.486 0.0000000000
49570  -19.589  -47.913  63.584 0.0000000000
48591  -21.197  -48.770  64.731 0.0000000000
48559  -21.572  -49.192  66.103 0.0000000000
49645  -24.323  -48.287  59.558 0.0000000000
48668  -24.902  -48.808  61.289 0.0000000000
48667  -24.284  -48.760  61.094 0.0000000000
48648  -23.696  -48.827  61.666 0.0000000000
48615  -26.960  -48.998  63.410 0.0000000000
48577  -25.680  -49.499  64.941 0.0000000000
48595  -25.331  -49.308  64.158 0.0000000000
48594  -24.299  -49.222  64.163 0.0000000000
48593  -23.289  -49.073  64.245 0.0000000000
47671  -23.804  -49.931  66.622 0.0000000000
46563  -23.552  -50.451  68.075 0.0000000000
46524  -26.338  -50.740  69.567 0.0000000000
46523  -25.461  -50.904  69.559 0.0000000000
46503  -25.851  -51.110  70.288 0.0000000000
47617  -28.643  -49.970  69.581 0.0000000000
47616  -27.985  -50.178  69.162 0.0000000000
46506  -28.219  -50.351  70.449 0.0000000000
51543  -32.446  -45.097  67.544 0.0000000000
41221  -7.474  -56.205  66.828 0.0000000000
45460  -10.004  -52.208  64.933 0.0000000000
45474  -9.897  -52.338  64.073 0.0000000000
44394  -9.753  -52.719  64.633 0.0000000000
43306  -9.059  -54.106  65.951 0.0000000000
43321  -9.061  -53.888  65.035 0.0000000000
42262  -8.661  -54.086  64.670 0.0000000000
42261  -8.182  -54.324  64.501 0.0000000000
42253  -7.887  -54.869  65.249 0.0000000000
42245  -8.702  -54.783  66.046 0.0000000000
41232  -8.493  -55.298  66.478 0.0000000000
42200  -8.970  -55.894  68.949 0.0000000000
41198  -9.151  -55.990  69.682 0.0000000000
42201  -9.382  -55.121  69.407 0.0000000000
60848  -39.008  -36.543  54.167 0.0000000000
61879  -39.249  -36.306  53.335 0.0000000000
61881  -40.895  -35.375  53.239 0.0000000000
60850  -40.620  -36.030  53.749 0.0000000000
61857  -41.420  -35.970  53.872 0.0000000000
64074  -42.855  -33.496  53.165 0.0000000000
64073  -41.935  -33.874  53.036 0.0000000000
62950  -43.648  -34.541  53.554 0.0000000000
61861  -44.958  -35.214  54.106 0.0000000000
62930  -44.312  -34.911  53.857 0.0000000000
60836  -44.753  -35.999  54.545 0.0000000000
60814  -45.629  -36.281  55.255 0.0000000000
61843  -45.939  -35.894  54.701 0.0000000000
60817  -48.467  -36.316  55.641 0.0000000000
68054  -46.854  -30.512  53.273 0.0000000000
67010  -47.682  -30.745  54.916 0.0000000000
67029  -47.108  -30.650  54.462 0.0000000000
66075  -47.406  -31.370  55.058 0.0000000000
65096  -47.032  -32.030  54.993 0.0000000000
65097  -47.945  -31.977  55.079 0.0000000000
74395  -48.846  -22.741  46.861 0.0000000000
75401  -49.472  -22.623  47.419 0.0000000000
75415  -48.555  -22.650  46.287 0.0000000000
75427  -49.412  -22.001  45.507 0.0000000000
76401  -49.990  -21.860  46.100 0.0000000000
76408  -50.218  -21.617  45.421 0.0000000000
76430  -47.437  -21.151  43.642 0.0000000000
77413  -49.706  -19.855  43.892 0.0000000000
76433  -50.120  -20.433  44.037 0.0000000000
77401  -50.645  -20.441  44.313 0.0000000000
77393  -51.401  -20.472  45.003 0.0000000000
77403  -51.830  -19.653  45.003 0.0000000000
78421  -52.439  -19.033  45.675 0.0000000000
78428  -51.895  -19.002  44.842 0.0000000000
79424  -52.112  -18.037  45.062 0.0000000000
80372  -51.727  -17.309  44.884 0.0000000000
81346  -52.690  -16.510  45.465 0.0000000000
81354  -52.089  -16.589  45.027 0.0000000000
81381  -48.564  -16.855  42.522 0.0000000000
80392  -48.064  -16.953  42.867 0.0000000000
81361  -49.153  -16.910  43.328 0.0000000000
82355  -51.741  -15.619  43.341 0.0000000000
82354  -51.171  -15.966  43.672 0.0000000000
82347  -52.511  -15.367  44.045 0.0000000000
81392  -52.515  -16.742  41.027 0.0000000000
81393  -53.437  -16.639  40.249 0.0000000000
53865  -30.445  -44.036  57.646 0.0000000000
53866  -30.867  -43.243  57.584 0.0000000000
54801  -31.841  -42.631  59.528 0.0000000000
61823  -37.801  -35.487  56.275 0.0000000000
61839  -38.665  -36.028  55.710 0.0000000000
60807  -38.829  -36.297  55.281 0.0000000000
60831  -39.664  -36.387  54.706 0.0000000000
72280  -48.858  -25.003  49.074 0.0000000000
73320  -49.196  -24.851  49.147 0.0000000000
74331  -52.337  -23.524  50.173 0.0000000000
75350  -52.402  -22.772  49.990 0.0000000000
75366  -52.184  -22.222  49.495 0.0000000000
75365  -51.286  -22.563  49.078 0.0000000000
75385  -51.191  -22.001  48.448 0.0000000000
40229  -5.465  -56.869  67.674 0.0000000000
40212  -6.519  -57.494  69.111 0.0000000000
61788  -34.534  -35.328  59.583 0.0000000000
62864  -34.315  -34.687  59.744 0.0000000000
62850  -34.276  -34.142  59.743 0.0000000000
63977  -34.385  -33.678  59.604 0.0000000000
65034  -34.489  -33.305  59.473 0.0000000000
65059  -32.866  -32.456  58.071 0.0000000000
47572  -12.403  -49.788  71.083 0.0000000000
48542  -19.646  -48.615  68.144 0.0000000000
48519  -20.650  -49.038  68.993 0.0000000000
47613  -20.673  -49.201  69.396 0.0000000000
47598  -21.326  -49.798  70.310 0.0000000000
46520  -22.704  -50.544  69.646 0.0000000000
46521  -23.527  -50.839  69.595 0.0000000000
49543  -30.507  -47.366  65.007 0.0000000000
48581  -30.124  -47.935  65.431 0.0000000000
49515  -30.718  -48.115  66.926 0.0000000000
48534  -30.385  -49.109  68.623 0.0000000000
46534  -11.544  -50.542  68.160 0.0000000000
46513  -11.360  -51.010  68.769 0.0000000000
46493  -11.497  -50.848  69.482 0.0000000000
46494  -11.770  -50.366  69.838 0.0000000000
67087  -42.468  -31.360  51.034 0.0000000000
66119  -43.203  -31.862  52.425 0.0000000000
67062  -43.288  -31.547  51.979 0.0000000000
67047  -45.314  -31.535  53.185 0.0000000000
57615  -36.074  -39.502  63.427 0.0000000000
57705  -34.591  -39.270  58.624 0.0000000000
57679  -34.995  -39.342  59.176 0.0000000000
58794  -34.813  -38.661  58.457 0.0000000000
58795  -35.379  -38.073  58.679 0.0000000000
59798  -35.362  -37.593  58.666 0.0000000000
59807  -34.591  -37.522  57.731 0.0000000000
48555  -13.381  -48.531  66.257 0.0000000000
48570  -13.568  -48.469  65.131 0.0000000000
51602  -15.931  -46.633  63.394 0.0000000000
51580  -15.865  -46.942  64.286 0.0000000000
50539  -16.590  -47.141  64.754 0.0000000000
49539  -18.605  -47.667  65.052 0.0000000000
52745  -30.405  -44.800  60.048 0.0000000000
51671  -29.952  -45.311  60.307 0.0000000000
51672  -30.183  -45.255  61.059 0.0000000000
51631  -30.059  -45.924  62.574 0.0000000000
52674  -31.011  -44.992  63.613 0.0000000000
52648  -31.539  -45.053  64.569 0.0000000000
53740  -31.971  -44.529  65.150 0.0000000000
53752  -31.921  -44.159  64.484 0.0000000000
53753  -32.404  -43.425  64.402 0.0000000000
56662  -32.978  -41.333  62.274 0.0000000000
55726  -33.453  -41.274  63.406 0.0000000000
56651  -33.855  -40.990  63.919 0.0000000000
57596  -34.945  -40.307  65.586 0.0000000000
63982  -41.340  -34.002  60.963 0.0000000000
63983  -42.479  -33.989  60.941 0.0000000000
64000  -42.739  -34.092  60.056 0.0000000000
64018  -42.927  -34.345  59.369 0.0000000000
61828  -42.198  -35.993  57.025 0.0000000000
61815  -42.897  -35.621  57.690 0.0000000000
61816  -44.215  -35.710  57.916 0.0000000000
61817  -45.194  -36.199  57.832 0.0000000000
60794  -46.088  -36.588  56.345 0.0000000000
68142  -45.998  -29.624  49.467 0.0000000000
68123  -46.721  -30.037  50.136 0.0000000000
68124  -47.669  -29.846  50.110 0.0000000000
70160  -52.297  -27.456  50.931 0.0000000000
69130  -52.053  -28.173  51.428 0.0000000000
70152  -52.537  -27.657  51.520 0.0000000000
79411  -53.048  -17.881  46.765 0.0000000000
67104  -39.910  -31.189  49.441 0.0000000000
69172  -41.563  -28.686  47.898 0.0000000000
70198  -42.719  -27.577  47.049 0.0000000000
72311  -44.257  -25.558  46.354 0.0000000000
73342  -45.646  -25.280  46.906 0.0000000000
73361  -46.687  -24.190  46.762 0.0000000000
74392  -46.372  -23.899  46.211 0.0000000000
40183  -2.271  -57.077  71.034 0.0000000000
39147  -2.168  -57.567  72.141 0.0000000000
39139  -8.287  -58.192  73.445 0.0000000000
39124  -7.579  -58.268  74.255 0.0000000000
39111  -6.869  -58.126  74.992 0.0000000000
38031  -6.597  -59.132  75.973 0.0000000000
38029  -4.763  -59.161  76.175 0.0000000000
38037  -3.958  -58.877  76.175 0.0000000000
36956  -2.528  -59.559  76.295 0.0000000000
35896  -3.189  -60.111  75.925 0.0000000000
59715  -38.600  -37.643  64.188 0.0000000000
59716  -38.840  -36.795  64.093 0.0000000000
62824  -36.486  -33.991  62.856 0.0000000000
62826  -37.605  -34.335  63.686 0.0000000000
63932  -37.801  -33.692  63.610 0.0000000000
63922  -39.782  -34.025  64.116 0.0000000000
64975  -39.277  -33.582  63.716 0.0000000000
64995  -39.644  -33.440  63.394 0.0000000000
65012  -40.081  -33.431  62.836 0.0000000000
65028  -39.593  -33.236  62.403 0.0000000000
65040  -38.643  -32.994  61.440 0.0000000000
65039  -38.142  -32.982  60.921 0.0000000000
65061  -35.574  -33.092  58.398 0.0000000000
65076  -36.084  -33.421  57.972 0.0000000000
50498  -14.669  -47.176  68.790 0.0000000000
49480  -14.261  -47.433  69.432 0.0000000000
50490  -15.153  -47.020  69.253 0.0000000000
50482  -15.492  -47.154  69.776 0.0000000000
49449  -16.509  -47.633  71.437 0.0000000000
48475  -19.286  -48.867  72.504 0.0000000000
48488  -18.390  -48.463  72.037 0.0000000000
49624  -20.400  -47.817  60.691 0.0000000000
49623  -19.631  -47.609  61.101 0.0000000000
49587  -19.957  -47.941  62.688 0.0000000000
49571  -20.513  -48.191  63.528 0.0000000000
49607  -25.694  -48.720  61.269 0.0000000000
48650  -25.487  -48.840  61.650 0.0000000000
48578  -27.703  -49.462  64.963 0.0000000000
47703  -27.260  -49.483  64.840 0.0000000000
47702  -26.921  -49.591  65.051 0.0000000000
47690  -26.389  -49.711  65.482 0.0000000000
47689  -25.320  -49.687  65.693 0.0000000000
47653  -25.304  -50.137  67.328 0.0000000000
47633  -24.906  -50.441  68.039 0.0000000000
47634  -25.707  -50.364  68.060 0.0000000000
46545  -25.996  -50.557  68.828 0.0000000000
44379  -9.991  -52.402  66.326 0.0000000000
44363  -9.818  -52.886  66.590 0.0000000000
43288  -9.081  -54.377  66.546 0.0000000000
42212  -9.383  -54.547  68.358 0.0000000000
61897  -39.691  -35.567  52.749 0.0000000000
62947  -40.900  -34.885  53.039 0.0000000000
61882  -41.916  -35.341  53.415 0.0000000000
64076  -44.278  -33.430  53.755 0.0000000000
62951  -44.250  -33.860  53.699 0.0000000000
61862  -46.027  -35.339  54.285 0.0000000000
61863  -47.122  -35.299  54.277 0.0000000000
61864  -48.126  -35.314  54.229 0.0000000000
68055  -47.872  -30.176  53.384 0.0000000000
68035  -47.436  -30.251  54.082 0.0000000000
68036  -48.529  -30.022  54.355 0.0000000000
67011  -48.620  -30.450  54.928 0.0000000000
66077  -49.220  -31.114  55.232 0.0000000000
75425  -47.612  -22.743  45.184 0.0000000000
75438  -48.840  -22.057  44.716 0.0000000000
78439  -50.158  -19.066  44.124 0.0000000000
78427  -50.924  -18.986  44.305 0.0000000000
78426  -50.452  -18.668  44.251 0.0000000000
79422  -50.545  -18.071  44.344 0.0000000000
79436  -50.177  -17.623  44.211 0.0000000000
80409  -47.967  -17.797  41.041 0.0000000000
81382  -49.176  -16.789  42.382 0.0000000000
81373  -49.621  -16.564  42.905 0.0000000000
81375  -51.536  -15.787  42.801 0.0000000000
82363  -52.052  -15.693  42.711 0.0000000000
80414  -53.513  -16.905  39.730 0.0000000000
81405  -53.976  -16.531  39.401 0.0000000000
56701  -33.853  -40.152  59.293 0.0000000000
57678  -34.310  -39.716  58.877 0.0000000000
57704  -34.169  -39.262  58.105 0.0000000000
49549  -14.163  -47.978  63.639 0.0000000000
51624  -15.464  -46.666  62.968 0.0000000000
51603  -16.496  -46.407  62.900 0.0000000000
52666  -16.868  -46.234  62.465 0.0000000000
51720  -29.172  -45.432  57.333 0.0000000000
51707  -29.478  -45.430  58.168 0.0000000000
52769  -30.218  -44.823  59.459 0.0000000000
53851  -30.509  -44.203  58.255 0.0000000000
52791  -30.475  -44.448  59.057 0.0000000000
53802  -31.293  -43.951  61.706 0.0000000000
53787  -31.751  -43.489  62.388 0.0000000000
53803  -31.716  -43.230  61.532 0.0000000000
54770  -31.964  -42.771  62.130 0.0000000000
54780  -32.167  -42.327  61.952 0.0000000000
55748  -32.168  -42.006  60.949 0.0000000000
55735  -32.190  -42.086  61.367 0.0000000000
55736  -32.473  -41.846  61.757 0.0000000000
64034  -39.301  -34.429  58.486 0.0000000000
62895  -39.741  -34.765  57.840 0.0000000000
62896  -40.592  -34.951  57.773 0.0000000000
61813  -41.031  -35.348  57.454 0.0000000000
61827  -41.267  -35.891  56.912 0.0000000000
60790  -42.367  -36.336  56.330 0.0000000000
70171  -47.267  -27.429  49.022 0.0000000000
69160  -48.034  -28.228  49.359 0.0000000000
70172  -48.308  -27.374  49.276 0.0000000000
70173  -49.251  -27.359  49.469 0.0000000000
70175  -50.787  -27.359  49.877 0.0000000000
71227  -50.748  -26.779  49.793 0.0000000000
70159  -51.438  -27.335  50.177 0.0000000000
71217  -52.891  -26.806  51.323 0.0000000000
75367  -52.958  -21.911  50.013 0.0000000000
77360  -52.559  -20.263  48.391 0.0000000000
77376  -52.089  -20.235  47.415 0.0000000000
40222  -4.959  -56.955  68.262 0.0000000000
41196  -3.735  -56.338  68.444 0.0000000000
39179  -4.277  -57.193  70.588 0.0000000000
39166  -4.681  -57.498  71.355 0.0000000000
60736  -37.203  -36.378  61.570 0.0000000000
60737  -37.681  -36.490  62.081 0.0000000000
61769  -36.746  -35.733  61.976 0.0000000000
61760  -36.282  -34.935  62.395 0.0000000000
62852  -35.075  -34.715  61.003 0.0000000000
62842  -35.477  -34.584  61.521 0.0000000000
62833  -36.104  -34.434  62.366 0.0000000000
63945  -36.297  -33.573  62.470 0.0000000000
63946  -36.644  -33.106  62.538 0.0000000000
65008  -36.876  -32.772  62.149 0.0000000000
65025  -37.243  -32.641  61.432 0.0000000000
66007  -36.229  -32.537  60.991 0.0000000000
66006  -35.872  -32.591  60.731 0.0000000000
66021  -35.331  -32.736  59.545 0.0000000000
65048  -34.631  -33.073  59.307 0.0000000000
66020  -34.738  -32.912  59.156 0.0000000000
66031  -35.072  -32.844  58.816 0.0000000000
49496  -16.792  -47.187  68.037 0.0000000000
49482  -17.339  -47.734  69.327 0.0000000000
48516  -18.605  -48.501  70.511 0.0000000000
48517  -19.294  -48.802  70.028 0.0000000000
50613  -20.238  -47.555  59.933 0.0000000000
48646  -21.899  -48.486  61.571 0.0000000000
49573  -28.334  -47.913  62.942 0.0000000000
49572  -27.847  -48.247  62.863 0.0000000000
48617  -28.439  -48.291  63.518 0.0000000000
48579  -28.378  -49.386  65.243 0.0000000000
48560  -28.517  -49.757  65.915 0.0000000000
47675  -28.118  -49.996  66.438 0.0000000000
47656  -28.296  -50.099  67.523 0.0000000000
47618  -29.425  -49.629  69.877 0.0000000000
48533  -29.979  -49.324  69.432 0.0000000000
47601  -29.491  -49.607  70.737 0.0000000000
45475  -10.355  -51.826  64.471 0.0000000000
45461  -10.356  -51.826  65.299 0.0000000000
45445  -10.099  -52.129  65.493 0.0000000000
46571  -10.734  -51.307  66.404 0.0000000000
45446  -10.265  -51.934  66.115 0.0000000000
45372  -11.142  -51.351  71.092 0.0000000000
65127  -40.912  -32.859  52.076 0.0000000000
65129  -42.337  -32.822  52.730 0.0000000000
65119  -42.948  -32.659  53.021 0.0000000000
66105  -43.367  -32.134  52.872 0.0000000000
65121  -44.232  -32.939  53.731 0.0000000000
65107  -46.577  -32.706  54.542 0.0000000000
76428  -45.497  -21.163  43.625 0.0000000000
77410  -46.840  -20.214  43.557 0.0000000000
78462  -51.138  -19.192  39.600 0.0000000000
79458  -51.864  -18.830  39.995 0.0000000000
80420  -53.248  -17.848  39.539 0.0000000000
41186  -8.608  -57.274  70.049 0.0000000000
40187  -9.038  -57.328  71.707 0.0000000000
39126  -9.403  -57.694  74.346 0.0000000000
58688  -37.804  -38.483  65.261 0.0000000000
58687  -37.044  -38.878  65.295 0.0000000000
58694  -38.052  -38.340  64.280 0.0000000000
58728  -37.719  -37.540  61.798 0.0000000000
57637  -36.371  -39.203  61.408 0.0000000000
57680  -35.455  -39.328  59.685 0.0000000000
57655  -35.805  -39.275  60.323 0.0000000000
57638  -36.810  -38.980  62.017 0.0000000000
58727  -37.192  -38.416  61.600 0.0000000000
59767  -37.330  -37.286  61.150 0.0000000000
60743  -36.158  -36.450  60.357 0.0000000000
60762  -34.799  -36.530  58.416 0.0000000000
60751  -34.962  -36.242  59.191 0.0000000000
61787  -34.005  -35.282  59.079 0.0000000000
49493  -13.286  -48.316  68.145 0.0000000000
49510  -13.750  -47.867  67.237 0.0000000000
49511  -14.003  -47.561  67.929 0.0000000000
50500  -16.225  -46.973  67.936 0.0000000000
49538  -14.735  -47.337  64.570 0.0000000000
50537  -14.945  -47.106  65.248 0.0000000000
51579  -15.427  -47.042  64.654 0.0000000000
51564  -15.386  -47.080  65.032 0.0000000000
50538  -15.394  -47.065  65.666 0.0000000000
49513  -18.435  -47.899  67.267 0.0000000000
49525  -17.850  -47.384  66.135 0.0000000000
49514  -19.160  -48.297  67.740 0.0000000000
48543  -20.290  -48.805  67.784 0.0000000000
48544  -20.959  -49.057  67.388 0.0000000000
49662  -26.038  -47.591  58.218 0.0000000000
49661  -25.412  -47.803  58.521 0.0000000000
50632  -28.282  -46.554  58.701 0.0000000000
49610  -28.185  -46.982  61.217 0.0000000000
49591  -28.149  -47.428  61.993 0.0000000000
49574  -29.162  -47.454  63.246 0.0000000000
49557  -30.164  -47.262  64.382 0.0000000000
51609  -30.151  -46.192  63.114 0.0000000000
50542  -31.139  -46.744  65.317 0.0000000000
50543  -31.367  -46.701  65.839 0.0000000000
52590  -32.574  -44.641  67.033 0.0000000000
52625  -32.197  -44.495  65.750 0.0000000000
53727  -32.606  -44.156  66.339 0.0000000000
53712  -32.994  -43.799  67.279 0.0000000000
54698  -33.614  -43.038  67.520 0.0000000000
53771  -32.337  -43.024  63.710 0.0000000000
54740  -32.828  -42.617  64.321 0.0000000000
55714  -32.989  -42.091  63.968 0.0000000000
55702  -33.277  -42.089  64.728 0.0000000000
55650  -34.134  -42.086  67.250 0.0000000000
56605  -35.085  -41.420  68.043 0.0000000000
57589  -35.484  -40.180  66.651 0.0000000000
57582  -35.887  -40.233  67.776 0.0000000000
47648  -12.269  -49.554  67.592 0.0000000000
63951  -44.181  -33.542  62.934 0.0000000000
63969  -45.550  -34.102  61.809 0.0000000000
63970  -46.640  -34.307  61.711 0.0000000000
64019  -43.783  -34.511  59.375 0.0000000000
62899  -43.446  -35.230  58.340 0.0000000000
62881  -43.896  -34.931  58.864 0.0000000000
64020  -44.388  -34.702  59.260 0.0000000000
64003  -45.398  -34.589  59.986 0.0000000000
62867  -46.273  -35.005  60.074 0.0000000000
68120  -43.598  -30.277  50.342 0.0000000000
68098  -44.332  -30.754  51.210 0.0000000000
68099  -45.622  -30.715  51.337 0.0000000000
68100  -46.115  -30.724  51.754 0.0000000000
67066  -46.762  -30.672  51.910 0.0000000000
67067  -47.448  -30.594  51.929 0.0000000000
69079  -50.612  -29.523  54.040 0.0000000000
68145  -48.642  -28.813  49.626 0.0000000000
68104  -51.611  -28.794  51.627 0.0000000000
68103  -50.915  -29.285  51.289 0.0000000000
68080  -50.659  -29.568  52.425 0.0000000000
38056  0.612  -58.987  74.928 0.0000000000
61877  -36.601  -36.238  53.463 0.0000000000
61895  -37.389  -36.112  52.482 0.0000000000
64102  -39.770  -33.339  51.400 0.0000000000
64101  -38.923  -33.421  50.784 0.0000000000
64103  -40.254  -33.308  51.854 0.0000000000
65147  -40.632  -32.744  51.550 0.0000000000
66142  -41.244  -32.165  51.175 0.0000000000
67060  -41.741  -31.942  51.174 0.0000000000
66157  -40.230  -31.550  49.947 0.0000000000
67086  -41.487  -31.674  50.541 0.0000000000
68096  -42.546  -30.936  50.602 0.0000000000
68119  -42.636  -30.392  50.124 0.0000000000
68140  -43.934  -29.815  49.555 0.0000000000
69156  -44.269  -29.257  48.844 0.0000000000
69157  -45.254  -29.108  48.850 0.0000000000
69158  -46.214  -28.666  48.949 0.0000000000
70170  -46.670  -27.948  48.847 0.0000000000
70199  -43.646  -27.525  47.428 0.0000000000
70200  -44.254  -27.523  47.698 0.0000000000
70188  -46.018  -27.685  48.505 0.0000000000
70189  -46.636  -27.443  48.715 0.0000000000
71223  -47.190  -26.788  48.805 0.0000000000
72298  -46.823  -25.430  48.035 0.0000000000
73328  -47.126  -25.221  48.110 0.0000000000
74365  -48.929  -23.614  48.240 0.0000000000
75383  -49.446  -23.011  48.020 0.0000000000
74394  -48.068  -23.065  46.626 0.0000000000
74409  -47.329  -23.074  45.814 0.0000000000
75446  -45.245  -21.906  43.872 0.0000000000
39182  -7.244  -58.058  70.486 0.0000000000
39168  -6.657  -58.194  71.389 0.0000000000
39167  -5.671  -57.871  71.356 0.0000000000
39100  -7.038  -58.501  75.479 0.0000000000
38039  -6.307  -58.731  75.786 0.0000000000
39110  -5.990  -57.937  74.963 0.0000000000
39122  -5.701  -57.869  74.148 0.0000000000
39149  -4.050  -57.579  72.235 0.0000000000
39107  -2.997  -57.963  74.763 0.0000000000
38046  0.132  -59.360  75.701 0.0000000000
36963  -0.232  -59.803  76.053 0.0000000000
35894  -1.445  -59.920  76.100 0.0000000000
35906  -1.141  -60.304  75.837 0.0000000000
64949  -44.000  -33.752  66.029 0.0000000000
64963  -44.000  -33.608  65.432 0.0000000000
59675  -39.227  -37.387  67.984 0.0000000000
60729  -38.221  -36.280  63.123 0.0000000000
60711  -38.348  -36.059  63.458 0.0000000000
60694  -38.640  -36.035  63.948 0.0000000000
61744  -38.047  -34.843  64.034 0.0000000000
61745  -38.571  -35.124  64.244 0.0000000000
61733  -39.896  -35.282  65.414 0.0000000000
62798  -40.440  -34.864  66.067 0.0000000000
63909  -41.824  -33.923  65.899 0.0000000000
64960  -41.428  -33.839  65.190 0.0000000000
64998  -42.288  -33.535  64.158 0.0000000000
63965  -40.947  -33.905  61.868 0.0000000000
64015  -39.882  -33.997  59.229 0.0000000000
65038  -37.295  -32.855  60.608 0.0000000000
65051  -37.724  -33.190  60.409 0.0000000000
65063  -36.922  -33.445  59.328 0.0000000000
63995  -37.623  -33.655  59.732 0.0000000000
63996  -38.191  -33.598  60.181 0.0000000000
62892  -37.219  -34.708  57.299 0.0000000000
62907  -37.685  -35.223  56.638 0.0000000000
61837  -36.962  -35.594  55.506 0.0000000000
62874  -31.990  -33.989  57.993 0.0000000000
65058  -32.128  -32.786  57.809 0.0000000000
66042  -32.500  -31.945  57.164 0.0000000000
66058  -33.779  -32.335  56.836 0.0000000000
64050  -34.252  -33.778  55.516 0.0000000000
64058  -34.570  -34.532  55.007 0.0000000000
64056  -33.013  -34.040  54.233 0.0000000000
62928  -35.280  -35.376  54.605 0.0000000000
48514  -13.051  -48.696  69.869 0.0000000000
48515  -13.494  -48.163  69.754 0.0000000000
49464  -14.540  -47.412  70.265 0.0000000000
52691  -16.830  -46.134  61.929 0.0000000000
51604  -17.024  -46.415  62.699 0.0000000000
50566  -17.360  -46.675  62.853 0.0000000000
49568  -18.173  -47.281  63.668 0.0000000000
49553  -20.156  -48.271  64.606 0.0000000000
49541  -20.037  -48.385  65.726 0.0000000000
48571  -20.554  -48.715  66.075 0.0000000000
48558  -21.102  -49.044  66.510 0.0000000000
47649  -21.552  -49.401  66.981 0.0000000000
49628  -23.910  -48.544  60.322 0.0000000000
49627  -22.987  -48.395  60.265 0.0000000000
48665  -22.781  -48.517  60.744 0.0000000000
48647  -22.599  -48.628  61.386 0.0000000000
48628  -23.133  -48.855  62.422 0.0000000000
48633  -27.223  -48.724  62.847 0.0000000000
48632  -26.589  -48.811  62.447 0.0000000000
48631  -25.839  -48.927  62.343 0.0000000000
48630  -25.133  -48.988  62.453 0.0000000000
48574  -22.901  -49.296  65.128 0.0000000000
47688  -24.341  -49.644  65.779 0.0000000000
47687  -23.408  -49.572  65.830 0.0000000000
47686  -22.645  -49.458  65.873 0.0000000000
47650  -22.223  -49.786  67.284 0.0000000000
46542  -23.097  -50.500  68.688 0.0000000000
46522  -24.498  -50.979  69.585 0.0000000000
46525  -27.242  -50.472  69.510 0.0000000000
46505  -27.499  -50.696  70.310 0.0000000000
40231  -7.216  -56.791  67.508 0.0000000000
43322  -9.427  -53.297  64.707 0.0000000000
41237  -7.266  -55.294  65.535 0.0000000000
41231  -7.797  -55.613  66.197 0.0000000000
41197  -8.667  -56.707  69.239 0.0000000000
61880  -40.114  -35.872  53.306 0.0000000000
60832  -40.740  -36.318  54.559 0.0000000000
60812  -43.540  -36.474  55.393 0.0000000000
61883  -42.877  -35.286  53.565 0.0000000000
61884  -43.472  -35.291  53.741 0.0000000000
61859  -43.268  -35.778  54.044 0.0000000000
60835  -43.850  -36.175  54.594 0.0000000000
60795  -47.068  -36.536  56.497 0.0000000000
61844  -46.643  -35.969  54.922 0.0000000000
60816  -47.432  -36.241  55.709 0.0000000000
68075  -45.126  -31.251  52.200 0.0000000000
68052  -45.382  -31.394  52.835 0.0000000000
67048  -45.900  -31.199  53.591 0.0000000000
68034  -46.566  -30.702  53.875 0.0000000000
67028  -46.122  -31.258  54.106 0.0000000000
66091  -46.268  -31.869  54.605 0.0000000000
64062  -48.293  -33.502  53.916 0.0000000000
62952  -48.399  -34.293  53.711 0.0000000000
75402  -50.276  -22.062  47.457 0.0000000000
75417  -50.207  -21.849  46.716 0.0000000000
76389  -50.717  -21.629  47.123 0.0000000000
76390  -51.380  -21.057  47.379 0.0000000000
77375  -51.648  -20.634  46.934 0.0000000000
77387  -51.820  -20.383  46.492 0.0000000000
76418  -48.227  -21.712  44.065 0.0000000000
76419  -49.164  -21.469  44.164 0.0000000000
76432  -49.439  -20.679  43.859 0.0000000000
76409  -51.107  -20.946  45.460 0.0000000000
76410  -51.585  -20.612  45.975 0.0000000000
77388  -52.276  -19.767  46.635 0.0000000000
77395  -52.372  -19.471  46.137 0.0000000000
79410  -52.737  -18.462  46.228 0.0000000000
79415  -52.672  -17.973  45.787 0.0000000000
79416  -52.942  -17.446  46.298 0.0000000000
80366  -52.852  -17.042  45.950 0.0000000000
80383  -49.265  -17.347  43.777 0.0000000000
80384  -49.994  -17.184  43.990 0.0000000000
80370  -50.519  -17.195  44.259 0.0000000000
81363  -50.636  -16.449  43.893 0.0000000000
81353  -51.479  -16.585  44.573 0.0000000000
82337  -51.924  -16.201  44.703 0.0000000000
82371  -52.989  -16.382  41.427 0.0000000000
82385  -53.880  -16.384  40.176 0.0000000000
36955  -1.651  -59.618  76.225 0.0000000000
36957  -3.234  -59.311  76.356 0.0000000000
38051  -5.034  -58.109  75.612 0.0000000000
39164  -2.627  -57.272  71.479 0.0000000000
39190  -6.014  -57.576  69.765 0.0000000000
40198  -5.133  -57.331  69.605 0.0000000000
41238  -7.775  -55.241  65.732 0.0000000000
46526  -27.916  -50.317  69.810 0.0000000000
46562  -23.176  -50.378  68.117 0.0000000000
47632  -22.921  -50.322  68.177 0.0000000000
47658  -29.830  -49.629  67.928 0.0000000000
47668  -21.564  -49.299  66.485 0.0000000000
47692  -28.152  -49.786  65.737 0.0000000000
48489  -18.931  -48.665  71.912 0.0000000000
48504  -19.153  -48.801  71.036 0.0000000000
48531  -20.155  -48.858  68.612 0.0000000000
48572  -21.167  -48.936  65.700 0.0000000000
49566  -14.099  -48.074  62.900 0.0000000000
50481  -14.963  -47.120  69.918 0.0000000000
50489  -14.714  -47.211  69.610 0.0000000000
50526  -17.886  -47.339  65.818 0.0000000000
50527  -31.169  -46.950  65.915 0.0000000000
50555  -30.070  -46.900  63.960 0.0000000000
50571  -30.301  -46.591  63.757 0.0000000000
51550  -15.852  -47.216  65.451 0.0000000000
51565  -15.679  -47.116  65.149 0.0000000000
51574  -31.607  -46.137  65.672 0.0000000000
52589  -32.207  -45.308  66.924 0.0000000000
54741  -33.083  -42.572  64.928 0.0000000000
55774  -31.706  -42.443  58.199 0.0000000000
58707  -37.943  -37.853  62.448 0.0000000000
58726  -36.700  -38.772  61.185 0.0000000000
59768  -37.689  -36.939  61.717 0.0000000000
59789  -35.260  -37.057  58.828 0.0000000000
59797  -34.991  -37.557  58.230 0.0000000000
60651  -39.236  -37.256  68.565 0.0000000000
60670  -40.155  -35.940  66.176 0.0000000000
60728  -37.913  -36.249  62.660 0.0000000000
60830  -38.797  -36.436  54.861 0.0000000000
60847  -38.461  -36.488  54.488 0.0000000000
61752  -37.107  -34.841  63.239 0.0000000000
61812  -40.616  -35.261  57.407 0.0000000000
61824  -38.213  -35.547  56.346 0.0000000000
61856  -38.594  -36.269  55.191 0.0000000000
62825  -37.026  -34.363  63.282 0.0000000000
62834  -36.565  -34.473  62.843 0.0000000000
62909  -39.421  -35.111  57.238 0.0000000000
63920  -38.188  -34.090  63.971 0.0000000000
63930  -36.507  -33.674  62.801 0.0000000000
63947  -40.191  -33.526  62.464 0.0000000000
63963  -39.359  -33.299  61.684 0.0000000000
64087  -41.637  -33.322  52.683 0.0000000000
65023  -35.715  -32.759  61.090 0.0000000000
65024  -36.465  -32.693  61.473 0.0000000000
65027  -39.113  -33.033  61.957 0.0000000000
65120  -43.554  -32.776  53.330 0.0000000000
66008  -36.640  -32.574  61.194 0.0000000000
66013  -35.515  -32.673  60.275 0.0000000000
66014  -36.132  -32.587  60.504 0.0000000000
66074  -46.807  -31.494  54.856 0.0000000000
66089  -44.863  -32.073  53.676 0.0000000000
67008  -46.565  -31.393  54.611 0.0000000000
67031  -48.447  -30.244  54.680 0.0000000000
67064  -45.073  -31.536  52.680 0.0000000000
67065  -46.337  -30.693  51.869 0.0000000000
67089  -45.993  -30.639  51.301 0.0000000000
67091  -47.049  -30.607  51.371 0.0000000000
67108  -46.546  -30.498  50.828 0.0000000000
68020  -48.694  -30.212  54.697 0.0000000000
68033  -46.124  -31.001  53.733 0.0000000000
69129  -51.446  -28.650  50.903 0.0000000000
69131  -52.566  -27.928  52.000 0.0000000000
69143  -51.729  -28.026  50.669 0.0000000000
69161  -48.880  -28.111  49.497 0.0000000000
70158  -50.759  -27.768  49.999 0.0000000000
70174  -50.189  -27.481  49.697 0.0000000000
71238  -47.205  -26.481  48.684 0.0000000000
72266  -47.716  -26.130  48.843 0.0000000000
72312  -44.809  -25.513  46.501 0.0000000000
74350  -52.002  -22.968  49.791 0.0000000000
75403  -50.977  -21.647  47.686 0.0000000000
76421  -50.988  -20.664  44.684 0.0000000000
77402  -51.305  -19.913  44.539 0.0000000000
77414  -50.493  -19.837  44.118 0.0000000000
78415  -52.750  -18.911  46.722 0.0000000000
78420  -52.039  -19.465  45.246 0.0000000000
78440  -50.595  -19.385  44.192 0.0000000000
79421  -50.213  -18.488  44.220 0.0000000000
80402  -51.488  -16.695  41.622 0.0000000000
81352  -50.933  -16.729  44.315 0.0000000000
81364  -51.149  -16.320  44.185 0.0000000000
82338  -52.583  -15.991  44.874 0.0000000000
82345  -51.136  -16.116  43.980 0.0000000000
83274  -53.801  -16.359  40.586 0.0000000000
