#!ascii label  , from subject sub-1633992 vox2ras=TkReg
990
55787  -31.592  -42.249  57.780 0.0000000000
51685  -13.669  -45.328  58.787 0.0000000000
50664  -22.196  -46.971  57.136 0.0000000000
76381  -40.773  -21.547  47.767 0.0000000000
81358  -42.065  -16.784  43.924 0.0000000000
48568  -7.338  -48.068  65.141 0.0000000000
74322  -37.171  -23.259  51.096 0.0000000000
58828  -33.548  -38.364  56.719 0.0000000000
51718  -27.819  -45.954  56.211 0.0000000000
50578  -10.184  -46.611  61.791 0.0000000000
45511  -9.822  -51.683  62.620 0.0000000000
55818  -26.739  -41.086  53.646 0.0000000000
59825  -27.443  -37.466  54.838 0.0000000000
53829  -18.087  -44.059  58.738 0.0000000000
53889  -23.452  -42.660  54.727 0.0000000000
64117  -34.982  -33.462  50.009 0.0000000000
68134  -37.485  -29.705  48.230 0.0000000000
71247  -40.266  -27.040  46.288 0.0000000000
43304  -2.319  -53.538  66.328 0.0000000000
42198  0.597  -55.152  69.440 0.0000000000
64046  -27.606  -33.375  54.883 0.0000000000
67018  -29.260  -31.034  53.972 0.0000000000
65126  -30.994  -32.229  51.802 0.0000000000
43346  -5.773  -52.984  63.359 0.0000000000
49621  -13.566  -48.117  60.306 0.0000000000
51667  -15.816  -45.778  60.461 0.0000000000
53877  -30.037  -43.877  56.453 0.0000000000
53796  -12.746  -42.922  61.291 0.0000000000
50595  -11.549  -45.911  60.288 0.0000000000
48662  -11.853  -48.517  60.409 0.0000000000
54840  -25.839  -40.776  57.345 0.0000000000
54868  -25.171  -42.017  54.476 0.0000000000
67103  -35.087  -30.491  50.480 0.0000000000
66164  -37.181  -31.775  48.874 0.0000000000
69139  -34.757  -28.577  50.094 0.0000000000
73338  -37.519  -24.742  47.700 0.0000000000
73354  -39.923  -24.241  46.374 0.0000000000
72309  -42.271  -25.468  46.114 0.0000000000
74403  -41.562  -23.113  45.487 0.0000000000
75423  -42.505  -22.534  44.712 0.0000000000
61809  -25.752  -35.757  57.748 0.0000000000
61850  -27.393  -35.654  54.615 0.0000000000
64027  -25.518  -33.327  57.317 0.0000000000
68014  -27.281  -29.219  55.268 0.0000000000
69085  -29.109  -28.616  53.558 0.0000000000
66098  -30.106  -31.491  53.125 0.0000000000
68067  -30.925  -29.046  52.092 0.0000000000
67082  -32.674  -30.547  51.442 0.0000000000
51703  -19.413  -45.552  57.669 0.0000000000
45459  -4.368  -51.004  65.405 0.0000000000
46613  -6.198  -50.580  63.213 0.0000000000
39188  0.575  -57.441  70.049 0.0000000000
39158  2.646  -57.766  72.290 0.0000000000
72221  -35.472  -25.429  52.150 0.0000000000
60760  -33.322  -35.745  57.786 0.0000000000
50667  -25.419  -47.123  56.863 0.0000000000
49564  -9.006  -47.354  62.995 0.0000000000
47718  -7.734  -50.036  62.185 0.0000000000
47727  -9.553  -49.552  61.204 0.0000000000
82353  -43.523  -15.423  42.098 0.0000000000
55805  -29.940  -42.539  54.806 0.0000000000
57777  -30.885  -39.961  54.734 0.0000000000
57799  -27.626  -39.304  54.156 0.0000000000
54784  -14.480  -42.161  60.028 0.0000000000
53841  -16.229  -43.879  58.621 0.0000000000
55767  -16.047  -41.520  58.327 0.0000000000
55780  -18.382  -41.280  57.283 0.0000000000
53871  -20.307  -43.367  56.110 0.0000000000
54824  -22.262  -41.312  56.316 0.0000000000
51739  -22.216  -45.126  54.868 0.0000000000
51742  -25.592  -45.727  54.632 0.0000000000
52844  -28.202  -44.359  54.100 0.0000000000
61907  -35.165  -35.599  51.540 0.0000000000
71221  -36.240  -26.473  48.750 0.0000000000
70168  -39.184  -28.404  47.786 0.0000000000
76415  -43.491  -21.464  43.908 0.0000000000
42221  -1.021  -54.230  67.708 0.0000000000
40206  -1.102  -56.903  69.462 0.0000000000
59837  -30.654  -37.679  54.480 0.0000000000
60805  -30.478  -36.117  55.032 0.0000000000
62903  -29.720  -33.957  55.898 0.0000000000
66984  -26.072  -31.039  56.694 0.0000000000
66065  -28.065  -31.653  54.605 0.0000000000
65083  -31.194  -32.374  56.617 0.0000000000
66069  -32.041  -31.842  55.316 0.0000000000
65104  -32.678  -33.204  54.668 0.0000000000
61874  -33.652  -35.490  52.737 0.0000000000
64099  -33.333  -33.503  50.385 0.0000000000
66137  -34.044  -30.743  51.182 0.0000000000
52716  -17.305  -45.627  60.717 0.0000000000
45430  -3.656  -51.487  66.650 0.0000000000
43319  -4.234  -53.822  64.768 0.0000000000
44426  -8.217  -52.892  62.915 0.0000000000
39143  3.840  -57.840  72.534 0.0000000000
49639  -13.598  -47.134  59.406 0.0000000000
50596  -15.046  -46.849  60.614 0.0000000000
50644  -14.848  -45.944  58.771 0.0000000000
53866  -30.867  -43.243  57.584 0.0000000000
52734  -12.801  -43.989  60.020 0.0000000000
52711  -11.660  -43.962  61.232 0.0000000000
51666  -12.082  -45.510  59.776 0.0000000000
49638  -12.741  -47.376  59.468 0.0000000000
68093  -35.187  -29.630  51.298 0.0000000000
68115  -35.043  -29.648  50.305 0.0000000000
69127  -35.214  -28.650  51.351 0.0000000000
75394  -39.649  -22.486  47.635 0.0000000000
74375  -39.041  -23.036  47.327 0.0000000000
75412  -39.903  -22.616  46.923 0.0000000000
73355  -40.815  -24.241  46.058 0.0000000000
75413  -40.414  -22.210  46.636 0.0000000000
75414  -41.073  -22.130  45.965 0.0000000000
61808  -25.643  -34.998  57.517 0.0000000000
70091  -29.449  -27.353  55.386 0.0000000000
69086  -30.088  -28.181  52.986 0.0000000000
70115  -31.453  -27.426  53.175 0.0000000000
69088  -32.371  -27.895  52.950 0.0000000000
50662  -20.533  -46.341  57.260 0.0000000000
50629  -21.274  -47.630  58.969 0.0000000000
50646  -21.576  -47.377  58.232 0.0000000000
47682  -5.912  -49.639  64.770 0.0000000000
47699  -6.785  -49.307  63.787 0.0000000000
80376  -42.414  -17.504  43.729 0.0000000000
39173  1.610  -57.527  70.983 0.0000000000
58793  -34.385  -38.830  58.071 0.0000000000
59805  -33.493  -36.932  56.750 0.0000000000
50668  -26.329  -46.842  56.704 0.0000000000
50653  -27.937  -46.587  57.929 0.0000000000
51622  -10.694  -44.735  62.615 0.0000000000
50564  -10.304  -45.153  63.379 0.0000000000
50550  -9.707  -45.325  64.446 0.0000000000
49565  -9.432  -46.834  62.894 0.0000000000
48624  -9.152  -47.976  62.126 0.0000000000
49599  -10.130  -47.568  61.329 0.0000000000
48644  -12.954  -48.891  61.214 0.0000000000
47729  -11.823  -49.680  61.451 0.0000000000
55819  -27.947  -41.457  53.429 0.0000000000
56783  -28.296  -40.460  53.516 0.0000000000
56800  -27.655  -40.486  53.580 0.0000000000
55742  -15.077  -40.936  60.300 0.0000000000
54796  -15.039  -42.056  59.216 0.0000000000
56693  -15.684  -40.694  59.677 0.0000000000
57698  -17.763  -40.050  57.874 0.0000000000
57724  -18.988  -39.984  57.486 0.0000000000
54822  -19.244  -42.329  57.033 0.0000000000
55782  -20.006  -40.982  56.625 0.0000000000
54826  -23.589  -41.775  56.687 0.0000000000
54836  -22.686  -41.836  55.769 0.0000000000
53887  -21.795  -43.150  54.914 0.0000000000
53904  -22.975  -43.865  54.379 0.0000000000
51759  -24.028  -45.094  54.193 0.0000000000
52840  -24.438  -44.214  54.001 0.0000000000
54869  -25.809  -41.822  54.059 0.0000000000
53908  -26.507  -43.245  53.504 0.0000000000
54870  -27.217  -42.334  53.416 0.0000000000
54872  -29.407  -43.128  54.573 0.0000000000
62997  -35.558  -34.368  50.345 0.0000000000
62978  -37.364  -34.645  51.087 0.0000000000
64118  -36.034  -33.325  49.793 0.0000000000
67116  -37.270  -30.704  48.343 0.0000000000
65177  -38.139  -32.182  49.357 0.0000000000
74310  -36.423  -24.137  51.883 0.0000000000
72252  -35.059  -25.299  50.673 0.0000000000
73314  -35.877  -24.224  49.673 0.0000000000
71245  -38.945  -25.982  47.063 0.0000000000
71231  -37.832  -26.611  47.527 0.0000000000
71233  -39.363  -27.319  46.770 0.0000000000
69171  -40.526  -28.845  47.606 0.0000000000
76414  -42.634  -21.315  44.332 0.0000000000
77399  -42.254  -20.428  44.524 0.0000000000
78425  -42.411  -19.631  43.983 0.0000000000
44360  -2.285  -52.318  67.342 0.0000000000
44359  -1.748  -52.454  68.084 0.0000000000
42222  -1.813  -54.503  67.013 0.0000000000
41194  -2.533  -56.235  68.837 0.0000000000
39163  -1.814  -57.374  71.286 0.0000000000
58850  -29.435  -38.457  54.035 0.0000000000
57802  -30.962  -38.901  54.624 0.0000000000
59835  -28.685  -37.416  54.220 0.0000000000
62914  -27.260  -34.650  54.687 0.0000000000
61852  -28.884  -35.642  54.507 0.0000000000
62915  -28.310  -34.587  54.796 0.0000000000
61821  -30.695  -35.398  55.718 0.0000000000
64047  -28.638  -33.548  55.212 0.0000000000
68001  -26.777  -29.507  57.323 0.0000000000
67016  -28.022  -29.661  54.107 0.0000000000
66997  -27.590  -30.304  54.435 0.0000000000
66998  -28.671  -31.178  54.320 0.0000000000
66053  -29.829  -32.235  55.529 0.0000000000
66067  -30.104  -31.689  54.967 0.0000000000
66056  -31.941  -31.788  56.160 0.0000000000
66068  -31.071  -31.756  55.207 0.0000000000
65125  -30.601  -31.820  52.194 0.0000000000
65102  -31.193  -32.411  53.926 0.0000000000
65118  -31.396  -33.199  53.488 0.0000000000
64072  -32.516  -34.132  53.627 0.0000000000
62959  -32.272  -34.589  52.483 0.0000000000
62960  -33.019  -34.979  52.121 0.0000000000
64098  -32.227  -33.428  50.803 0.0000000000
67057  -33.890  -29.674  52.232 0.0000000000
66136  -33.193  -30.804  51.395 0.0000000000
66114  -34.275  -29.830  52.176 0.0000000000
53827  -16.873  -43.959  59.086 0.0000000000
52761  -16.651  -44.576  59.494 0.0000000000
52738  -17.573  -45.322  60.075 0.0000000000
44423  -5.200  -52.524  63.478 0.0000000000
45472  -4.167  -52.313  64.374 0.0000000000
43320  -5.043  -54.055  64.508 0.0000000000
46631  -9.562  -51.136  61.864 0.0000000000
45509  -8.041  -51.839  62.302 0.0000000000
45491  -9.447  -52.270  63.135 0.0000000000
48626  -13.855  -48.357  62.259 0.0000000000
49585  -14.642  -47.529  62.231 0.0000000000
50581  -15.689  -46.322  61.682 0.0000000000
51626  -16.441  -46.225  62.170 0.0000000000
52802  -29.205  -45.115  56.702 0.0000000000
51706  -28.671  -46.046  57.833 0.0000000000
52688  -11.566  -43.410  62.343 0.0000000000
51623  -11.129  -44.359  61.900 0.0000000000
50594  -10.969  -46.395  60.870 0.0000000000
49600  -10.684  -47.294  60.881 0.0000000000
50608  -11.458  -47.141  60.116 0.0000000000
48663  -12.691  -48.602  60.526 0.0000000000
55817  -25.902  -40.737  54.565 0.0000000000
56762  -26.444  -39.472  55.287 0.0000000000
53873  -23.828  -41.926  56.140 0.0000000000
53890  -24.213  -42.292  54.990 0.0000000000
54838  -25.136  -41.275  55.811 0.0000000000
65160  -35.176  -32.330  49.865 0.0000000000
65174  -35.912  -32.355  49.498 0.0000000000
66162  -35.429  -31.468  49.786 0.0000000000
68132  -35.386  -29.672  49.101 0.0000000000
69168  -36.098  -28.998  48.338 0.0000000000
74356  -37.135  -23.427  48.740 0.0000000000
74357  -37.860  -23.047  48.286 0.0000000000
73352  -38.547  -24.109  46.973 0.0000000000
72291  -39.960  -25.876  46.523 0.0000000000
72293  -41.795  -26.146  46.391 0.0000000000
72308  -41.306  -25.309  46.161 0.0000000000
73356  -41.770  -24.635  45.860 0.0000000000
73371  -43.103  -24.208  45.367 0.0000000000
74404  -42.469  -23.281  45.028 0.0000000000
75422  -41.734  -22.158  45.108 0.0000000000
42224  -3.582  -55.047  66.621 0.0000000000
42223  -2.743  -54.873  66.832 0.0000000000
41208  -4.140  -56.220  67.879 0.0000000000
59813  -26.796  -37.089  55.636 0.0000000000
60803  -27.330  -36.659  54.812 0.0000000000
60784  -26.072  -35.792  55.820 0.0000000000
62902  -26.002  -34.360  55.824 0.0000000000
64045  -26.457  -33.620  55.188 0.0000000000
69058  -27.590  -28.518  56.239 0.0000000000
69059  -28.511  -27.862  55.782 0.0000000000
69071  -28.727  -28.081  54.507 0.0000000000
68043  -28.822  -29.469  53.507 0.0000000000
66082  -30.099  -31.438  54.144 0.0000000000
68044  -29.319  -29.335  53.048 0.0000000000
67053  -30.209  -30.212  52.165 0.0000000000
66133  -30.798  -30.959  51.515 0.0000000000
65140  -31.594  -32.087  51.095 0.0000000000
67055  -32.147  -29.595  51.683 0.0000000000
52764  -18.439  -45.000  58.783 0.0000000000
51669  -18.543  -46.267  59.880 0.0000000000
50627  -19.378  -46.779  59.328 0.0000000000
46598  -5.104  -50.946  63.946 0.0000000000
44424  -6.055  -52.350  63.063 0.0000000000
41193  0.890  -55.819  69.747 0.0000000000
42177  0.961  -54.594  71.298 0.0000000000
41184  1.538  -56.187  70.668 0.0000000000
40182  2.317  -56.631  71.656 0.0000000000
40175  2.911  -56.534  72.392 0.0000000000
61799  -32.978  -35.255  58.081 0.0000000000
50678  -23.543  -46.884  56.310 0.0000000000
50648  -23.903  -47.584  57.974 0.0000000000
50534  -8.837  -45.951  65.286 0.0000000000
49535  -7.994  -47.578  64.565 0.0000000000
48605  -7.444  -48.979  63.413 0.0000000000
48606  -8.159  -48.547  62.812 0.0000000000
47726  -8.940  -49.405  61.442 0.0000000000
46645  -10.125  -50.444  61.474 0.0000000000
47741  -11.133  -49.157  60.731 0.0000000000
46646  -11.115  -50.342  61.807 0.0000000000
46632  -10.673  -51.133  62.631 0.0000000000
82344  -42.615  -15.633  43.123 0.0000000000
55806  -30.635  -42.022  55.317 0.0000000000
56743  -31.280  -41.060  55.851 0.0000000000
55821  -30.258  -41.099  54.404 0.0000000000
57800  -28.960  -39.431  53.773 0.0000000000
58849  -28.218  -38.456  54.290 0.0000000000
57775  -26.709  -39.089  55.259 0.0000000000
58825  -26.773  -38.806  55.824 0.0000000000
59814  -26.750  -37.947  55.976 0.0000000000
59794  -26.104  -37.205  57.905 0.0000000000
53825  -14.064  -43.356  59.426 0.0000000000
52781  -14.440  -44.539  58.575 0.0000000000
54806  -14.956  -43.247  58.605 0.0000000000
54807  -15.464  -42.700  58.487 0.0000000000
54809  -17.310  -42.457  57.786 0.0000000000
57671  -16.858  -39.942  58.758 0.0000000000
55769  -17.631  -41.439  57.528 0.0000000000
54810  -18.317  -42.409  57.542 0.0000000000
54811  -18.842  -42.996  57.504 0.0000000000
52799  -19.920  -44.695  56.717 0.0000000000
51726  -20.590  -45.058  56.178 0.0000000000
55783  -21.596  -40.426  57.003 0.0000000000
54834  -20.788  -42.269  55.766 0.0000000000
52810  -21.290  -44.170  55.086 0.0000000000
51728  -22.498  -46.330  55.615 0.0000000000
51729  -23.808  -46.486  55.380 0.0000000000
50687  -25.575  -46.344  55.238 0.0000000000
51731  -26.859  -45.888  55.197 0.0000000000
52841  -25.251  -44.333  53.890 0.0000000000
51762  -26.562  -44.946  54.157 0.0000000000
51733  -28.375  -45.490  55.663 0.0000000000
52826  -29.198  -44.621  55.605 0.0000000000
54855  -30.066  -43.084  55.519 0.0000000000
53797  -13.303  -42.767  60.945 0.0000000000
64139  -37.319  -33.182  49.742 0.0000000000
70150  -34.833  -27.317  51.206 0.0000000000
70157  -34.693  -27.231  49.864 0.0000000000
70166  -36.831  -27.478  48.295 0.0000000000
72274  -36.542  -25.063  48.419 0.0000000000
71222  -37.129  -26.586  48.125 0.0000000000
69151  -38.912  -28.886  48.290 0.0000000000
69152  -39.988  -29.192  48.108 0.0000000000
77407  -43.896  -20.607  43.592 0.0000000000
79427  -42.008  -18.239  44.051 0.0000000000
80375  -41.862  -17.584  44.339 0.0000000000
43259  -1.030  -52.777  69.193 0.0000000000
42210  -0.236  -54.429  68.477 0.0000000000
41215  -1.557  -55.280  67.523 0.0000000000
41205  -1.343  -55.801  68.140 0.0000000000
40218  -0.296  -56.465  68.975 0.0000000000
40205  -0.098  -57.216  69.631 0.0000000000
56744  -31.700  -40.310  56.133 0.0000000000
57779  -32.062  -39.105  55.539 0.0000000000
59828  -32.633  -37.764  55.636 0.0000000000
60827  -29.269  -36.234  54.403 0.0000000000
59826  -30.999  -37.164  54.902 0.0000000000
59815  -32.335  -37.042  55.766 0.0000000000
60787  -31.889  -36.234  56.084 0.0000000000
61810  -31.846  -35.297  57.083 0.0000000000
62889  -30.870  -33.922  56.884 0.0000000000
65070  -25.650  -32.390  56.701 0.0000000000
66063  -26.395  -31.955  55.366 0.0000000000
66996  -26.625  -30.157  55.369 0.0000000000
66064  -26.775  -31.365  54.950 0.0000000000
65090  -27.516  -32.274  54.835 0.0000000000
65092  -29.149  -32.887  55.512 0.0000000000
64028  -30.812  -33.123  56.880 0.0000000000
66083  -30.981  -31.826  54.342 0.0000000000
65093  -32.445  -32.421  54.939 0.0000000000
61892  -34.282  -35.623  51.928 0.0000000000
62975  -34.152  -34.907  51.090 0.0000000000
64116  -34.146  -33.542  50.131 0.0000000000
65141  -32.313  -32.047  50.797 0.0000000000
65142  -33.255  -32.137  50.621 0.0000000000
65159  -34.474  -32.598  50.101 0.0000000000
66138  -34.733  -30.576  51.029 0.0000000000
66139  -35.097  -30.045  51.625 0.0000000000
52760  -16.143  -45.201  59.792 0.0000000000
52736  -16.585  -45.275  60.549 0.0000000000
51652  -18.255  -46.594  60.707 0.0000000000
44377  -2.731  -52.630  66.215 0.0000000000
45443  -3.910  -51.301  66.152 0.0000000000
45457  -3.244  -52.499  65.546 0.0000000000
43305  -2.902  -53.743  65.750 0.0000000000
42241  -4.777  -55.052  65.855 0.0000000000
47709  -7.190  -49.801  62.874 0.0000000000
45508  -7.126  -51.574  62.478 0.0000000000
43348  -7.119  -53.591  63.359 0.0000000000
38071  2.309  -58.553  72.895 0.0000000000
39144  3.137  -57.980  72.669 0.0000000000
40169  3.313  -56.070  72.744 0.0000000000
55788  -31.843  -41.504  57.551 0.0000000000
50624  -13.745  -46.182  58.938 0.0000000000
50625  -14.557  -46.351  59.024 0.0000000000
50643  -14.343  -45.828  58.727 0.0000000000
54829  -31.203  -42.592  57.395 0.0000000000
52758  -13.478  -44.389  59.119 0.0000000000
52757  -12.603  -44.714  59.578 0.0000000000
51684  -13.017  -45.441  59.171 0.0000000000
50623  -12.782  -46.423  59.259 0.0000000000
68094  -35.823  -29.055  52.249 0.0000000000
75395  -40.179  -22.043  47.496 0.0000000000
76398  -40.895  -21.440  46.825 0.0000000000
70104  -30.608  -27.092  53.680 0.0000000000
50663  -21.149  -46.672  57.220 0.0000000000
50647  -22.841  -47.581  57.983 0.0000000000
48586  -7.074  -48.670  64.472 0.0000000000
80377  -43.403  -17.356  43.266 0.0000000000
81359  -42.787  -16.520  43.241 0.0000000000
59806  -34.129  -37.555  57.242 0.0000000000
59817  -33.637  -37.593  56.675 0.0000000000
50669  -27.159  -46.450  56.521 0.0000000000
50652  -27.121  -46.814  57.528 0.0000000000
51705  -27.916  -46.296  57.116 0.0000000000
50579  -10.421  -45.670  62.211 0.0000000000
50563  -9.783  -46.223  63.045 0.0000000000
49583  -9.598  -47.093  62.297 0.0000000000
55832  -27.759  -40.783  53.497 0.0000000000
55831  -27.390  -40.817  53.530 0.0000000000
57726  -19.798  -39.458  57.954 0.0000000000
56725  -19.421  -40.286  57.225 0.0000000000
54837  -23.328  -41.792  56.126 0.0000000000
54852  -23.062  -42.289  55.317 0.0000000000
53888  -22.676  -43.305  54.574 0.0000000000
53905  -23.269  -43.607  54.341 0.0000000000
52839  -23.536  -44.336  54.200 0.0000000000
53906  -23.943  -43.321  54.195 0.0000000000
54871  -28.508  -42.716  53.737 0.0000000000
68135  -38.666  -29.713  48.411 0.0000000000
74321  -36.371  -23.894  51.274 0.0000000000
73300  -35.675  -24.409  50.695 0.0000000000
74337  -36.396  -23.567  50.362 0.0000000000
71246  -39.391  -26.375  46.804 0.0000000000
71234  -39.900  -27.879  46.373 0.0000000000
78424  -41.943  -19.544  44.711 0.0000000000
44376  -2.281  -52.868  66.647 0.0000000000
43287  -2.007  -53.123  66.857 0.0000000000
42238  -2.251  -54.271  66.533 0.0000000000
62916  -29.234  -34.371  55.318 0.0000000000
67017  -28.438  -30.181  53.819 0.0000000000
66999  -29.377  -31.498  54.559 0.0000000000
65117  -30.606  -32.383  52.911 0.0000000000
64070  -31.140  -33.286  52.398 0.0000000000
64071  -31.975  -34.087  53.034 0.0000000000
64084  -31.618  -34.044  51.863 0.0000000000
64083  -31.442  -33.024  51.401 0.0000000000
53828  -17.516  -43.919  58.953 0.0000000000
52762  -17.280  -44.530  59.589 0.0000000000
52763  -17.852  -44.645  59.349 0.0000000000
44408  -4.583  -52.778  63.956 0.0000000000
43333  -5.599  -53.616  63.888 0.0000000000
42251  -5.871  -54.581  64.754 0.0000000000
42259  -6.475  -54.334  64.302 0.0000000000
45510  -9.028  -51.768  62.281 0.0000000000
42199  0.317  -54.269  69.625 0.0000000000
42189  0.392  -54.053  70.893 0.0000000000
57703  -33.437  -39.690  57.638 0.0000000000
49601  -14.152  -48.083  61.607 0.0000000000
49602  -14.634  -47.558  61.083 0.0000000000
50611  -15.414  -46.298  60.060 0.0000000000
50597  -15.546  -46.309  61.034 0.0000000000
51625  -15.933  -46.331  62.313 0.0000000000
51648  -16.042  -45.962  61.384 0.0000000000
52803  -29.777  -44.779  57.271 0.0000000000
53781  -12.251  -42.686  62.124 0.0000000000
51647  -11.319  -45.046  60.758 0.0000000000
51646  -10.797  -45.173  61.626 0.0000000000
50609  -11.863  -46.663  59.807 0.0000000000
48645  -13.549  -48.574  61.375 0.0000000000
55794  -25.679  -40.482  56.593 0.0000000000
55795  -25.914  -40.291  57.027 0.0000000000
53874  -24.532  -41.731  56.490 0.0000000000
53876  -25.548  -41.205  57.332 0.0000000000
54839  -25.543  -40.863  56.687 0.0000000000
54854  -25.365  -40.989  55.279 0.0000000000
66154  -35.030  -31.330  50.295 0.0000000000
67114  -35.475  -30.618  49.583 0.0000000000
68150  -35.557  -29.250  48.712 0.0000000000
69148  -35.373  -28.564  48.863 0.0000000000
75373  -37.950  -22.674  49.104 0.0000000000
75374  -38.725  -22.588  48.585 0.0000000000
74389  -39.456  -23.324  46.796 0.0000000000
74388  -38.882  -23.615  47.019 0.0000000000
73353  -39.149  -24.375  46.679 0.0000000000
72290  -39.150  -25.463  46.760 0.0000000000
72306  -39.700  -25.047  46.482 0.0000000000
72307  -40.420  -25.149  46.317 0.0000000000
74391  -40.873  -23.134  45.994 0.0000000000
73369  -41.431  -23.830  45.786 0.0000000000
73370  -42.168  -23.996  45.539 0.0000000000
60772  -25.969  -36.535  57.298 0.0000000000
60785  -26.202  -36.543  56.188 0.0000000000
60771  -25.796  -35.834  56.809 0.0000000000
62888  -25.618  -34.235  56.847 0.0000000000
61820  -25.773  -35.081  56.346 0.0000000000
64037  -25.748  -33.409  56.173 0.0000000000
69072  -29.586  -27.786  53.772 0.0000000000
68027  -28.387  -29.122  53.875 0.0000000000
69106  -30.712  -28.490  52.438 0.0000000000
68066  -29.998  -29.253  52.469 0.0000000000
67079  -30.707  -30.461  51.724 0.0000000000
67054  -31.201  -29.675  51.759 0.0000000000
67080  -31.370  -30.396  51.508 0.0000000000
68045  -32.616  -28.302  52.594 0.0000000000
52784  -19.144  -44.770  57.617 0.0000000000
51687  -19.270  -46.107  58.415 0.0000000000
50628  -20.364  -47.220  59.035 0.0000000000
47698  -6.188  -49.723  63.975 0.0000000000
46599  -5.554  -50.250  64.149 0.0000000000
46612  -5.572  -50.917  63.497 0.0000000000
45488  -5.324  -51.605  63.441 0.0000000000
45489  -5.957  -51.430  63.091 0.0000000000
40204  0.903  -56.787  69.806 0.0000000000
41192  1.242  -56.196  70.222 0.0000000000
39187  1.176  -57.265  70.324 0.0000000000
39159  2.208  -57.697  71.749 0.0000000000
40176  2.547  -56.129  72.205 0.0000000000
40181  2.623  -57.176  71.988 0.0000000000
60775  -33.861  -36.474  57.346 0.0000000000
61800  -33.549  -35.260  58.531 0.0000000000
61811  -32.445  -35.293  57.574 0.0000000000
50666  -24.406  -47.352  57.133 0.0000000000
50650  -25.372  -47.468  57.719 0.0000000000
50549  -9.108  -46.502  64.013 0.0000000000
49536  -8.355  -46.827  64.947 0.0000000000
49548  -8.540  -47.186  64.014 0.0000000000
49547  -8.321  -47.797  63.561 0.0000000000
49563  -8.585  -47.967  62.998 0.0000000000
48641  -9.582  -48.541  61.292 0.0000000000
48623  -8.793  -48.692  61.838 0.0000000000
48640  -9.171  -49.034  61.350 0.0000000000
46644  -9.106  -50.202  61.433 0.0000000000
49619  -11.198  -47.666  60.360 0.0000000000
49618  -10.691  -47.907  60.727 0.0000000000
48661  -11.150  -48.494  60.536 0.0000000000
47720  -12.017  -49.868  62.633 0.0000000000
46647  -11.667  -50.147  62.118 0.0000000000
56784  -29.666  -40.494  53.924 0.0000000000
56742  -26.284  -39.549  56.580 0.0000000000
57727  -26.584  -39.332  57.117 0.0000000000
58809  -26.642  -38.590  57.876 0.0000000000
58826  -26.754  -38.758  56.569 0.0000000000
59804  -26.510  -38.027  57.261 0.0000000000
59803  -26.409  -37.278  56.710 0.0000000000
53839  -14.536  -43.613  58.736 0.0000000000
54795  -14.707  -42.834  59.017 0.0000000000
55766  -15.488  -41.729  58.822 0.0000000000
54808  -16.449  -42.582  58.091 0.0000000000
55768  -16.815  -41.536  57.799 0.0000000000
56709  -18.001  -40.536  57.568 0.0000000000
56708  -17.248  -40.548  57.866 0.0000000000
53844  -18.554  -43.715  57.983 0.0000000000
53858  -19.664  -43.395  56.749 0.0000000000
55784  -22.565  -41.078  57.334 0.0000000000
55793  -21.415  -41.430  56.007 0.0000000000
55792  -20.728  -41.390  56.182 0.0000000000
52821  -21.999  -44.167  54.610 0.0000000000
51738  -21.679  -44.707  55.000 0.0000000000
51727  -21.301  -45.311  55.608 0.0000000000
51760  -24.955  -45.124  54.181 0.0000000000
51741  -24.592  -45.985  54.836 0.0000000000
50688  -26.175  -46.014  55.075 0.0000000000
51743  -26.389  -45.550  54.586 0.0000000000
53907  -25.026  -42.950  53.892 0.0000000000
53909  -27.801  -43.534  53.637 0.0000000000
52843  -27.234  -44.448  53.871 0.0000000000
52824  -27.987  -44.936  54.390 0.0000000000
51745  -28.098  -45.376  54.916 0.0000000000
52825  -28.819  -44.752  54.915 0.0000000000
54856  -30.517  -42.787  55.905 0.0000000000
55741  -14.449  -41.390  60.951 0.0000000000
54775  -13.771  -42.129  61.204 0.0000000000
53813  -13.707  -42.909  60.357 0.0000000000
61908  -35.698  -35.743  51.820 0.0000000000
65175  -36.642  -32.423  49.280 0.0000000000
64137  -36.350  -32.801  49.522 0.0000000000
70134  -35.558  -27.017  52.195 0.0000000000
71195  -35.235  -26.120  52.030 0.0000000000
72263  -35.156  -25.591  49.844 0.0000000000
71214  -34.713  -26.273  50.270 0.0000000000
71220  -35.298  -26.356  49.401 0.0000000000
70165  -35.719  -27.379  48.858 0.0000000000
73327  -36.997  -24.463  48.169 0.0000000000
72275  -37.261  -25.563  47.853 0.0000000000
70180  -38.277  -27.165  47.381 0.0000000000
70167  -38.138  -27.612  48.004 0.0000000000
69153  -41.158  -29.270  48.487 0.0000000000
74414  -43.045  -22.965  44.686 0.0000000000
77400  -42.920  -20.540  43.882 0.0000000000
79419  -41.727  -18.543  44.779 0.0000000000
79420  -42.068  -18.921  44.192 0.0000000000
43285  -1.098  -53.476  67.931 0.0000000000
43273  -1.251  -52.916  68.305 0.0000000000
43272  -0.733  -53.496  68.428 0.0000000000
43258  -0.361  -53.442  69.375 0.0000000000
41207  -3.254  -55.888  67.982 0.0000000000
41216  -2.512  -55.401  67.382 0.0000000000
41206  -2.338  -55.890  68.123 0.0000000000
40207  -2.096  -56.617  69.325 0.0000000000
40220  -1.909  -56.207  68.595 0.0000000000
40219  -1.179  -56.362  68.716 0.0000000000
41204  -0.372  -55.635  68.419 0.0000000000
39177  -1.298  -57.436  70.706 0.0000000000
56763  -30.871  -40.567  54.873 0.0000000000
56764  -31.314  -40.410  55.482 0.0000000000
58852  -31.007  -38.273  54.560 0.0000000000
58837  -31.610  -38.562  54.968 0.0000000000
58838  -32.406  -38.438  55.510 0.0000000000
59838  -31.287  -37.849  54.709 0.0000000000
60825  -27.334  -36.258  54.687 0.0000000000
60826  -27.955  -36.447  54.467 0.0000000000
60804  -29.699  -35.664  54.808 0.0000000000
60806  -31.501  -36.666  55.390 0.0000000000
60786  -31.163  -35.973  55.757 0.0000000000
62904  -30.452  -34.530  56.141 0.0000000000
61822  -31.355  -35.312  56.456 0.0000000000
62905  -31.039  -34.596  56.727 0.0000000000
62890  -31.612  -34.556  57.283 0.0000000000
66971  -26.066  -30.852  57.023 0.0000000000
66039  -25.806  -31.402  57.246 0.0000000000
65080  -26.104  -32.544  55.666 0.0000000000
66051  -26.132  -31.481  56.060 0.0000000000
68013  -26.825  -29.372  56.233 0.0000000000
65091  -28.397  -32.589  55.042 0.0000000000
66054  -30.184  -32.155  55.660 0.0000000000
65081  -29.842  -32.587  55.835 0.0000000000
65082  -30.658  -32.565  56.362 0.0000000000
65071  -31.141  -32.662  56.933 0.0000000000
67037  -29.437  -30.531  52.996 0.0000000000
66099  -30.692  -32.009  53.623 0.0000000000
65103  -31.935  -32.839  54.290 0.0000000000
62944  -32.868  -34.758  53.293 0.0000000000
62926  -33.558  -34.743  54.193 0.0000000000
62945  -34.074  -35.416  53.811 0.0000000000
62946  -34.844  -35.716  53.729 0.0000000000
61875  -34.556  -35.868  53.010 0.0000000000
62974  -33.126  -34.529  51.028 0.0000000000
62961  -33.617  -35.115  51.651 0.0000000000
62995  -33.813  -34.287  50.433 0.0000000000
66135  -32.176  -31.168  51.070 0.0000000000
65143  -34.145  -31.739  50.514 0.0000000000
65158  -33.847  -32.729  50.272 0.0000000000
65144  -34.674  -31.696  50.285 0.0000000000
53840  -15.181  -43.835  58.431 0.0000000000
52782  -15.569  -44.926  58.686 0.0000000000
52783  -16.181  -44.645  59.088 0.0000000000
52737  -17.068  -45.117  60.299 0.0000000000
52715  -16.959  -45.685  61.149 0.0000000000
51627  -17.215  -46.227  61.752 0.0000000000
49659  -23.588  -47.912  58.771 0.0000000000
44361  -3.307  -51.660  67.130 0.0000000000
46568  -5.011  -50.289  65.873 0.0000000000
45444  -4.588  -50.726  66.527 0.0000000000
44407  -4.064  -52.918  64.487 0.0000000000
45458  -3.750  -51.988  65.069 0.0000000000
44393  -3.571  -53.038  65.025 0.0000000000
44392  -3.134  -53.144  65.510 0.0000000000
43318  -3.545  -53.852  65.274 0.0000000000
42240  -3.681  -54.628  65.841 0.0000000000
42249  -4.201  -54.451  65.304 0.0000000000
47710  -7.729  -49.356  62.580 0.0000000000
44442  -7.426  -52.308  62.557 0.0000000000
44425  -7.078  -52.925  62.905 0.0000000000
43349  -7.775  -53.502  63.287 0.0000000000
82352  -43.086  -15.517  42.576 0.0000000000
38070  3.772  -58.472  72.795 0.0000000000
39130  3.232  -58.604  73.049 0.0000000000
39129  3.528  -58.411  72.800 0.0000000000
40174  3.562  -56.691  72.368 0.0000000000
49622  -14.433  -47.338  59.965 0.0000000000
49640  -14.249  -46.788  59.351 0.0000000000
50610  -14.863  -46.701  59.665 0.0000000000
53878  -30.563  -43.446  56.894 0.0000000000
52712  -12.348  -43.596  60.782 0.0000000000
52689  -12.090  -43.305  61.551 0.0000000000
52733  -11.997  -44.380  60.239 0.0000000000
54827  -25.835  -41.092  57.583 0.0000000000
75393  -39.022  -22.625  47.870 0.0000000000
74390  -40.166  -23.276  46.357 0.0000000000
61797  -25.741  -34.748  58.086 0.0000000000
62872  -25.711  -34.173  58.050 0.0000000000
64008  -25.631  -33.327  58.111 0.0000000000
70114  -30.813  -27.613  53.095 0.0000000000
69087  -31.162  -27.920  52.747 0.0000000000
69108  -32.032  -28.238  52.464 0.0000000000
70116  -32.044  -27.353  53.360 0.0000000000
51704  -19.928  -45.935  57.458 0.0000000000
51688  -19.978  -46.558  58.161 0.0000000000
50645  -20.540  -46.758  57.853 0.0000000000
49657  -21.839  -47.806  59.054 0.0000000000
47683  -6.434  -49.107  64.928 0.0000000000
79428  -42.710  -18.549  43.673 0.0000000000
79429  -43.842  -18.508  43.447 0.0000000000
39160  0.282  -57.988  70.875 0.0000000000
39174  0.769  -57.826  70.577 0.0000000000
38085  0.980  -58.166  71.048 0.0000000000
38079  1.372  -58.382  71.742 0.0000000000
38078  2.062  -58.321  72.265 0.0000000000
59796  -34.512  -36.912  57.756 0.0000000000
60774  -32.983  -36.176  57.141 0.0000000000
50651  -26.186  -47.223  57.555 0.0000000000
50631  -27.508  -46.928  58.487 0.0000000000
51600  -10.944  -43.994  62.793 0.0000000000
51599  -10.619  -44.233  63.684 0.0000000000
50551  -10.241  -44.751  64.071 0.0000000000
50562  -9.344  -46.718  63.241 0.0000000000
49582  -9.316  -47.524  62.309 0.0000000000
49598  -9.535  -47.723  61.853 0.0000000000
48643  -12.288  -49.048  60.950 0.0000000000
47742  -11.668  -49.027  60.749 0.0000000000
47730  -12.610  -49.227  61.615 0.0000000000
47721  -12.618  -49.414  62.416 0.0000000000
55820  -29.460  -41.802  54.002 0.0000000000
57798  -26.904  -39.355  54.595 0.0000000000
54785  -14.986  -41.634  59.751 0.0000000000
55755  -15.317  -41.350  59.437 0.0000000000
55756  -15.748  -41.123  58.991 0.0000000000
57672  -17.465  -39.624  58.458 0.0000000000
57699  -18.480  -39.710  57.829 0.0000000000
56724  -18.700  -40.444  57.347 0.0000000000
54821  -18.754  -41.795  57.200 0.0000000000
55781  -19.073  -41.171  57.061 0.0000000000
54823  -20.078  -42.284  56.343 0.0000000000
54825  -23.162  -41.548  56.991 0.0000000000
54835  -21.744  -42.218  55.414 0.0000000000
54850  -21.947  -42.633  55.108 0.0000000000
52822  -22.863  -44.420  54.410 0.0000000000
51740  -23.298  -45.494  54.607 0.0000000000
52823  -23.274  -44.830  54.324 0.0000000000
53910  -28.787  -43.800  54.277 0.0000000000
62976  -35.032  -35.036  50.928 0.0000000000
62977  -36.136  -35.317  51.220 0.0000000000
62998  -36.578  -34.220  50.438 0.0000000000
62999  -37.363  -33.924  50.430 0.0000000000
67115  -36.143  -30.717  48.747 0.0000000000
72238  -35.782  -24.967  52.274 0.0000000000
72237  -35.245  -25.235  51.622 0.0000000000
73299  -35.379  -24.844  51.254 0.0000000000
72253  -35.389  -24.894  49.951 0.0000000000
72264  -35.842  -25.304  49.100 0.0000000000
72289  -38.445  -25.533  47.113 0.0000000000
72276  -38.000  -25.921  47.408 0.0000000000
71232  -38.630  -26.567  47.153 0.0000000000
70181  -38.770  -27.651  47.274 0.0000000000
70169  -39.630  -28.786  47.614 0.0000000000
70182  -39.584  -28.508  46.971 0.0000000000
75431  -42.343  -21.903  44.634 0.0000000000
43286  -1.516  -53.291  67.406 0.0000000000
40194  -1.887  -57.012  70.379 0.0000000000
57801  -30.380  -39.607  54.291 0.0000000000
58851  -30.405  -38.395  54.294 0.0000000000
59836  -29.813  -37.502  54.225 0.0000000000
62924  -27.705  -35.186  54.570 0.0000000000
61851  -28.329  -35.446  54.535 0.0000000000
61835  -29.036  -35.257  54.732 0.0000000000
61836  -29.910  -35.134  55.349 0.0000000000
62917  -29.834  -34.502  55.673 0.0000000000
66985  -26.236  -30.422  56.479 0.0000000000
68026  -27.892  -29.073  54.505 0.0000000000
66066  -29.337  -32.028  55.105 0.0000000000
66055  -31.140  -32.057  56.084 0.0000000000
65116  -30.380  -31.720  52.570 0.0000000000
64055  -32.234  -33.599  53.908 0.0000000000
64056  -33.013  -34.040  54.233 0.0000000000
62943  -32.339  -34.517  52.951 0.0000000000
62973  -32.298  -34.525  51.552 0.0000000000
67056  -33.231  -29.637  51.927 0.0000000000
66113  -33.638  -30.037  51.966 0.0000000000
53826  -16.593  -44.118  59.037 0.0000000000
45473  -4.511  -51.636  64.170 0.0000000000
43332  -4.652  -53.487  64.242 0.0000000000
42250  -4.961  -54.564  65.088 0.0000000000
46630  -8.409  -50.805  61.866 0.0000000000
45490  -8.753  -52.355  62.682 0.0000000000
57730  -33.683  -39.068  57.293 0.0000000000
49584  -14.271  -47.960  62.425 0.0000000000
50565  -14.909  -47.055  63.210 0.0000000000
50580  -15.170  -46.747  61.918 0.0000000000
51719  -28.621  -45.672  56.684 0.0000000000
50593  -10.489  -46.962  61.208 0.0000000000
49620  -12.143  -47.839  59.937 0.0000000000
56781  -26.409  -40.475  54.174 0.0000000000
56761  -26.158  -40.080  54.900 0.0000000000
55804  -26.047  -39.878  55.966 0.0000000000
53891  -24.789  -41.774  55.266 0.0000000000
54853  -25.179  -41.526  54.917 0.0000000000
66163  -36.037  -31.607  49.159 0.0000000000
67125  -36.404  -30.214  48.448 0.0000000000
67126  -36.748  -29.942  48.264 0.0000000000
69169  -36.831  -29.006  48.179 0.0000000000
74355  -36.515  -23.540  49.461 0.0000000000
74338  -37.436  -22.897  49.972 0.0000000000
74373  -37.583  -23.878  47.883 0.0000000000
74374  -38.354  -23.314  47.525 0.0000000000
73339  -38.058  -24.521  47.276 0.0000000000
71248  -41.359  -26.914  46.195 0.0000000000
72292  -40.844  -26.086  46.353 0.0000000000
76407  -41.975  -21.167  44.987 0.0000000000
42239  -2.841  -54.437  66.215 0.0000000000
41217  -3.452  -55.527  67.290 0.0000000000
59824  -27.128  -36.863  55.107 0.0000000000
60802  -26.725  -36.248  55.121 0.0000000000
60801  -26.378  -35.641  55.310 0.0000000000
61832  -26.155  -35.153  55.500 0.0000000000
61833  -26.645  -35.341  54.942 0.0000000000
62913  -26.436  -34.628  55.138 0.0000000000
69070  -27.904  -28.440  55.213 0.0000000000
67036  -28.955  -30.142  53.374 0.0000000000
66111  -30.325  -31.192  52.049 0.0000000000
66112  -30.776  -31.516  51.721 0.0000000000
66134  -31.325  -31.260  51.261 0.0000000000
67081  -32.157  -30.427  51.364 0.0000000000
68068  -32.120  -28.620  52.146 0.0000000000
68069  -32.775  -28.942  51.909 0.0000000000
67038  -33.766  -28.937  52.590 0.0000000000
68047  -33.905  -28.756  53.032 0.0000000000
50613  -20.238  -47.555  59.933 0.0000000000
46584  -4.931  -50.600  64.771 0.0000000000
47663  -6.019  -49.435  65.559 0.0000000000
46585  -5.488  -49.917  65.255 0.0000000000
46615  -10.789  -51.307  64.029 0.0000000000
42188  0.828  -54.865  70.245 0.0000000000
41185  1.330  -55.490  70.703 0.0000000000
41176  1.830  -55.903  71.286 0.0000000000
39186  1.515  -57.051  70.603 0.0000000000
40191  1.735  -56.668  70.901 0.0000000000
41170  2.208  -55.469  72.204 0.0000000000
41169  2.630  -55.866  72.445 0.0000000000
71196  -36.101  -26.271  52.756 0.0000000000
73285  -36.459  -24.291  52.698 0.0000000000
74311  -36.997  -23.738  51.919 0.0000000000
74312  -37.933  -23.263  51.860 0.0000000000
62875  -32.731  -34.593  58.296 0.0000000000
50665  -23.272  -47.206  57.182 0.0000000000
50649  -24.734  -47.605  58.024 0.0000000000
48587  -7.675  -48.220  63.976 0.0000000000
48607  -8.743  -48.107  62.553 0.0000000000
47719  -8.305  -49.548  61.866 0.0000000000
48642  -10.466  -48.546  60.788 0.0000000000
47728  -10.533  -49.575  61.012 0.0000000000
82343  -42.180  -16.104  43.605 0.0000000000
55796  -31.283  -41.892  56.741 0.0000000000
56785  -30.334  -40.460  54.314 0.0000000000
56782  -27.011  -40.094  53.862 0.0000000000
57776  -26.935  -38.992  54.839 0.0000000000
57751  -26.739  -39.117  56.845 0.0000000000
58836  -27.007  -38.573  55.107 0.0000000000
52780  -13.902  -44.882  58.685 0.0000000000
52759  -14.088  -43.953  58.887 0.0000000000
53842  -17.034  -43.333  58.425 0.0000000000
53843  -17.829  -43.265  58.281 0.0000000000
56681  -16.166  -39.909  60.312 0.0000000000
56694  -16.288  -40.417  58.925 0.0000000000
56695  -16.868  -40.237  58.390 0.0000000000
56707  -16.613  -40.815  58.177 0.0000000000
53857  -19.137  -43.558  57.318 0.0000000000
52798  -19.419  -44.112  57.061 0.0000000000
52785  -19.570  -45.255  57.342 0.0000000000
51715  -20.649  -45.829  56.638 0.0000000000
51716  -21.584  -46.426  56.359 0.0000000000
56726  -20.445  -39.763  57.525 0.0000000000
53872  -21.009  -43.234  55.427 0.0000000000
52809  -20.624  -44.331  55.774 0.0000000000
51717  -22.221  -46.715  56.381 0.0000000000
50677  -22.738  -46.833  56.527 0.0000000000
50679  -24.602  -46.886  56.063 0.0000000000
51730  -24.494  -46.574  55.385 0.0000000000
50680  -25.569  -46.771  56.000 0.0000000000
50681  -26.434  -46.423  55.766 0.0000000000
51761  -25.806  -45.004  54.177 0.0000000000
52842  -26.057  -44.215  53.735 0.0000000000
51744  -27.290  -45.382  54.552 0.0000000000
51732  -27.643  -45.767  55.372 0.0000000000
52811  -28.921  -45.020  55.984 0.0000000000
52812  -29.473  -44.599  56.216 0.0000000000
53911  -29.237  -43.780  54.712 0.0000000000
53893  -29.480  -44.024  55.321 0.0000000000
54841  -30.423  -43.203  56.263 0.0000000000
54842  -30.796  -42.743  56.586 0.0000000000
54765  -12.960  -42.214  61.753 0.0000000000
54774  -13.205  -42.527  61.304 0.0000000000
53812  -13.060  -43.307  60.557 0.0000000000
53824  -13.391  -43.571  59.869 0.0000000000
62963  -36.947  -35.553  51.708 0.0000000000
64119  -36.999  -33.558  49.939 0.0000000000
64120  -37.809  -33.290  50.060 0.0000000000
65176  -37.602  -32.724  49.541 0.0000000000
70151  -35.617  -27.767  51.897 0.0000000000
71206  -34.617  -26.436  50.616 0.0000000000
69149  -36.355  -28.313  48.326 0.0000000000
73326  -36.338  -24.255  48.812 0.0000000000
72265  -36.581  -25.794  48.441 0.0000000000
69150  -37.612  -28.651  48.217 0.0000000000
68136  -39.841  -30.007  48.693 0.0000000000
78432  -43.305  -19.574  43.591 0.0000000000
82328  -41.768  -16.322  44.733 0.0000000000
42209  0.276  -55.042  68.854 0.0000000000
41214  -0.811  -55.122  67.905 0.0000000000
41203  0.361  -55.793  68.993 0.0000000000
40217  0.424  -56.466  69.312 0.0000000000
40193  -0.945  -57.341  70.112 0.0000000000
39176  -0.684  -57.637  70.589 0.0000000000
39175  0.002  -57.737  70.363 0.0000000000
55797  -31.645  -41.061  56.701 0.0000000000
57778  -31.358  -39.688  55.125 0.0000000000
57752  -32.014  -39.610  55.942 0.0000000000
58827  -32.941  -38.256  56.038 0.0000000000
60828  -30.277  -36.920  54.521 0.0000000000
59827  -31.897  -37.621  55.160 0.0000000000
59816  -33.128  -37.493  56.200 0.0000000000
60788  -32.717  -36.581  56.407 0.0000000000
60773  -32.147  -35.887  56.852 0.0000000000
62891  -32.130  -34.643  57.856 0.0000000000
65056  -25.626  -32.395  58.020 0.0000000000
66040  -25.853  -31.210  57.929 0.0000000000
66026  -25.727  -31.594  57.991 0.0000000000
65089  -26.727  -32.507  54.984 0.0000000000
66052  -26.359  -30.843  55.661 0.0000000000
64048  -29.247  -33.593  55.592 0.0000000000
64038  -29.587  -33.258  55.919 0.0000000000
64039  -30.231  -33.396  56.350 0.0000000000
64029  -31.498  -33.305  57.404 0.0000000000
64010  -32.004  -33.340  57.973 0.0000000000
66041  -31.845  -31.969  56.640 0.0000000000
66084  -31.718  -32.237  54.615 0.0000000000
61893  -35.238  -35.874  52.319 0.0000000000
61891  -33.610  -35.365  52.112 0.0000000000
61906  -34.646  -35.339  51.338 0.0000000000
62996  -34.590  -34.370  50.340 0.0000000000
64097  -31.864  -32.678  50.998 0.0000000000
67083  -35.073  -30.102  51.283 0.0000000000
67084  -35.374  -29.667  51.968 0.0000000000
51701  -14.780  -45.391  58.567 0.0000000000
51702  -15.266  -45.682  58.829 0.0000000000
51686  -15.623  -45.695  59.475 0.0000000000
52735  -16.231  -45.588  60.857 0.0000000000
52714  -16.465  -45.849  61.474 0.0000000000
52739  -18.056  -45.374  59.655 0.0000000000
51668  -17.982  -45.747  60.149 0.0000000000
51651  -17.759  -46.171  60.908 0.0000000000
50599  -18.735  -47.090  61.071 0.0000000000
50598  -18.154  -46.716  61.076 0.0000000000
51628  -17.570  -46.622  61.922 0.0000000000
49658  -22.588  -47.830  58.871 0.0000000000
45442  -3.331  -51.837  66.092 0.0000000000
42225  -4.268  -55.230  66.375 0.0000000000
47708  -6.632  -49.947  63.320 0.0000000000
46614  -6.829  -50.396  62.851 0.0000000000
46629  -7.383  -50.768  62.321 0.0000000000
46628  -6.777  -50.936  62.664 0.0000000000
45507  -6.479  -51.399  62.760 0.0000000000
44440  -6.285  -51.819  62.859 0.0000000000
43347  -6.373  -53.283  63.323 0.0000000000
44410  -9.315  -52.971  63.887 0.0000000000
43335  -7.653  -53.972  63.833 0.0000000000
43334  -6.751  -53.914  63.815 0.0000000000
38063  2.653  -58.961  73.651 0.0000000000
39142  4.417  -57.785  72.052 0.0000000000
40173  4.136  -56.864  72.150 0.0000000000
38086  0.595  -58.089  70.963 0.0000000000
40192  -0.444  -57.519  70.139 0.0000000000
40203  1.371  -56.698  70.388 0.0000000000
43303  -1.907  -53.744  66.766 0.0000000000
44427  -8.933  -52.751  63.172 0.0000000000
44441  -6.716  -52.088  62.680 0.0000000000
48664  -13.216  -48.621  60.818 0.0000000000
50626  -15.172  -46.190  59.233 0.0000000000
50642  -13.973  -45.678  58.729 0.0000000000
50682  -27.201  -46.124  55.812 0.0000000000
50686  -24.977  -46.613  55.453 0.0000000000
51649  -16.254  -46.124  61.817 0.0000000000
51650  -17.293  -45.901  61.140 0.0000000000
51700  -14.180  -45.288  58.630 0.0000000000
51758  -23.504  -44.970  54.267 0.0000000000
52665  -16.649  -46.273  62.432 0.0000000000
52690  -16.667  -46.177  62.097 0.0000000000
52713  -16.257  -45.761  61.253 0.0000000000
52838  -23.148  -44.071  54.305 0.0000000000
53864  -26.051  -41.195  58.138 0.0000000000
53892  -29.115  -44.111  54.785 0.0000000000
54851  -22.313  -42.533  55.092 0.0000000000
55803  -25.673  -40.373  55.884 0.0000000000
56799  -27.431  -40.579  53.595 0.0000000000
57700  -19.303  -39.225  58.238 0.0000000000
57725  -19.398  -39.701  57.690 0.0000000000
57729  -33.201  -39.351  57.030 0.0000000000
57750  -26.642  -39.080  56.147 0.0000000000
58835  -26.800  -38.898  55.463 0.0000000000
61834  -28.555  -35.095  54.660 0.0000000000
62925  -27.886  -34.969  54.584 0.0000000000
64138  -36.831  -33.055  49.552 0.0000000000
66027  -26.078  -31.523  58.619 0.0000000000
68133  -35.931  -30.067  48.640 0.0000000000
68151  -36.002  -29.609  48.454 0.0000000000
68152  -36.627  -29.447  48.242 0.0000000000
69107  -31.561  -28.321  52.405 0.0000000000
69167  -35.704  -29.109  48.555 0.0000000000
69170  -39.907  -28.965  47.498 0.0000000000
70149  -34.611  -26.725  50.596 0.0000000000
70156  -34.630  -26.695  50.320 0.0000000000
71207  -34.643  -26.164  51.059 0.0000000000
71213  -34.627  -26.509  50.482 0.0000000000
72222  -35.856  -25.469  52.554 0.0000000000
72288  -37.832  -25.272  47.440 0.0000000000
73283  -35.440  -24.868  51.520 0.0000000000
73284  -35.793  -24.554  51.672 0.0000000000
73340  -38.629  -24.822  46.891 0.0000000000
81351  -41.798  -16.848  44.579 0.0000000000
