#!ascii label  , from subject sub-1633992 vox2ras=TkReg
1946
54638  -27.830  -41.768  73.176 0.0000000000
71141  -47.454  -25.178  57.483 0.0000000000
69946  -35.798  -26.594  67.242 0.0000000000
49505  -1.698  -48.076  67.211 0.0000000000
57518  -14.837  -38.664  72.317 0.0000000000
54644  -0.017  -40.851  71.428 0.0000000000
54570  -1.295  -42.030  80.104 0.0000000000
74197  -41.783  -23.156  63.052 0.0000000000
60674  -0.216  -38.441  64.903 0.0000000000
45327  1.349  -51.772  75.967 0.0000000000
58685  -27.772  -37.271  65.752 0.0000000000
51537  -24.221  -42.834  68.993 0.0000000000
53626  -20.859  -42.823  72.745 0.0000000000
74302  -49.936  -22.181  54.154 0.0000000000
73128  -38.485  -23.846  65.896 0.0000000000
53692  -9.793  -42.636  67.983 0.0000000000
62742  -1.426  -34.596  70.673 0.0000000000
53675  -4.205  -43.917  70.072 0.0000000000
52635  -1.379  -43.508  64.611 0.0000000000
49581  -3.378  -47.409  62.534 0.0000000000
46414  -5.622  -49.205  79.092 0.0000000000
46400  -2.397  -49.682  81.576 0.0000000000
66887  -32.368  -29.787  69.223 0.0000000000
54613  -18.378  -41.193  75.530 0.0000000000
55628  -16.994  -39.907  69.004 0.0000000000
53577  -0.708  -41.240  76.021 0.0000000000
50449  -3.825  -46.124  74.795 0.0000000000
71081  -45.127  -25.146  60.500 0.0000000000
48443  -7.629  -47.085  75.766 0.0000000000
51472  -9.176  -44.892  72.644 0.0000000000
57579  0.678  -40.057  67.369 0.0000000000
53809  1.283  -42.391  61.047 0.0000000000
53511  -1.845  -43.434  82.979 0.0000000000
49388  -1.571  -47.600  79.897 0.0000000000
48466  0.867  -49.335  72.395 0.0000000000
57522  -28.946  -39.210  72.964 0.0000000000
54674  -26.632  -41.319  70.013 0.0000000000
56582  -27.509  -39.654  69.829 0.0000000000
52523  -25.764  -43.231  71.566 0.0000000000
51541  -25.531  -42.858  67.407 0.0000000000
51467  -24.841  -43.689  73.613 0.0000000000
73252  -49.082  -23.925  55.707 0.0000000000
70098  -43.790  -25.680  56.361 0.0000000000
72209  -45.595  -24.145  54.786 0.0000000000
74304  -47.003  -22.938  53.456 0.0000000000
71020  -36.647  -25.547  66.301 0.0000000000
68949  -32.986  -27.533  65.422 0.0000000000
69985  -34.800  -26.219  63.921 0.0000000000
71052  -35.981  -25.212  63.327 0.0000000000
50495  -3.408  -46.240  69.064 0.0000000000
50532  -3.915  -45.949  65.935 0.0000000000
49546  -2.541  -47.967  64.307 0.0000000000
47717  -2.464  -49.819  62.181 0.0000000000
47706  -0.880  -50.160  64.167 0.0000000000
44258  -5.013  -50.547  75.851 0.0000000000
44251  -3.976  -51.209  77.669 0.0000000000
65937  -31.729  -31.173  69.981 0.0000000000
60649  -30.202  -35.534  68.433 0.0000000000
60677  -29.522  -35.696  65.368 0.0000000000
62784  -30.564  -33.936  67.779 0.0000000000
64945  -30.382  -32.298  66.884 0.0000000000
54583  -19.815  -42.126  78.088 0.0000000000
53693  -20.597  -41.487  68.813 0.0000000000
54661  -18.954  -40.819  70.758 0.0000000000
77347  -48.547  -19.625  50.171 0.0000000000
80342  -49.304  -17.098  48.728 0.0000000000
54579  -0.804  -41.389  78.312 0.0000000000
53569  -3.378  -43.179  76.011 0.0000000000
52443  -2.539  -43.503  78.850 0.0000000000
72098  -43.572  -24.580  61.951 0.0000000000
73199  -39.216  -23.940  60.694 0.0000000000
70013  -40.223  -25.664  60.129 0.0000000000
68997  -41.900  -26.495  59.170 0.0000000000
50430  -7.799  -45.520  78.753 0.0000000000
51422  -8.894  -44.692  77.152 0.0000000000
58603  0.891  -37.826  72.881 0.0000000000
58615  -0.385  -37.906  70.978 0.0000000000
55601  0.331  -40.875  69.640 0.0000000000
51642  -2.984  -44.021  61.254 0.0000000000
51617  -0.234  -43.359  62.755 0.0000000000
52755  -1.416  -43.751  59.331 0.0000000000
53514  -2.915  -43.193  83.544 0.0000000000
45315  -0.531  -50.864  78.821 0.0000000000
48419  -1.603  -48.702  80.604 0.0000000000
47513  -0.415  -49.907  77.872 0.0000000000
49406  -0.661  -48.716  76.035 0.0000000000
47530  1.721  -50.583  73.938 0.0000000000
58647  -29.302  -37.541  69.845 0.0000000000
52471  -21.602  -43.958  76.345 0.0000000000
51447  -23.396  -44.351  74.980 0.0000000000
52536  -23.298  -42.940  70.935 0.0000000000
77332  -50.609  -19.835  52.901 0.0000000000
75349  -47.341  -21.235  51.803 0.0000000000
75232  -39.839  -22.757  64.093 0.0000000000
74212  -37.367  -23.597  61.820 0.0000000000
56591  -13.181  -38.911  67.906 0.0000000000
57558  -11.050  -39.042  69.929 0.0000000000
59669  -1.941  -38.158  68.429 0.0000000000
52515  -2.137  -42.774  70.423 0.0000000000
52544  -0.856  -42.423  68.386 0.0000000000
53720  -3.587  -43.107  67.284 0.0000000000
52687  -4.345  -44.773  62.693 0.0000000000
50622  -3.790  -46.448  59.404 0.0000000000
50418  -5.356  -46.316  81.480 0.0000000000
49373  -4.025  -46.925  83.016 0.0000000000
46407  -4.316  -50.093  81.032 0.0000000000
43166  -2.001  -51.582  79.163 0.0000000000
67894  -34.135  -27.972  68.535 0.0000000000
66916  -30.714  -29.608  66.337 0.0000000000
55567  -16.864  -40.087  74.104 0.0000000000
53598  -19.497  -42.157  74.035 0.0000000000
54647  -17.718  -40.564  72.319 0.0000000000
55592  -15.731  -39.846  70.647 0.0000000000
57505  1.149  -38.599  73.837 0.0000000000
57475  0.639  -39.011  75.799 0.0000000000
54625  -0.342  -41.065  73.725 0.0000000000
53606  -2.688  -42.921  73.472 0.0000000000
51462  -4.281  -45.117  73.056 0.0000000000
49460  -2.222  -46.907  70.961 0.0000000000
70049  -45.928  -25.679  58.699 0.0000000000
69038  -43.092  -26.662  57.442 0.0000000000
50424  -6.599  -46.159  79.974 0.0000000000
47514  -6.700  -48.287  77.455 0.0000000000
45335  -5.701  -49.707  73.897 0.0000000000
56546  -9.994  -39.977  71.967 0.0000000000
55566  -9.701  -41.125  74.610 0.0000000000
53584  -9.555  -43.025  75.588 0.0000000000
50458  -8.492  -46.051  74.073 0.0000000000
47550  -6.758  -48.784  72.432 0.0000000000
61658  0.111  -35.554  71.434 0.0000000000
59655  -1.080  -37.957  69.827 0.0000000000
58674  0.632  -39.309  66.375 0.0000000000
53717  0.384  -42.418  66.437 0.0000000000
55692  1.074  -41.128  64.912 0.0000000000
57618  1.462  -39.768  62.846 0.0000000000
53523  -1.291  -42.605  81.960 0.0000000000
50411  -2.180  -45.898  83.162 0.0000000000
51403  -1.557  -45.375  81.969 0.0000000000
52433  -1.949  -44.571  80.217 0.0000000000
50441  -2.517  -46.984  77.739 0.0000000000
49417  -1.259  -47.967  73.968 0.0000000000
48512  -0.299  -48.836  69.490 0.0000000000
45336  2.851  -52.067  73.428 0.0000000000
45368  3.110  -51.950  71.140 0.0000000000
47680  0.580  -50.426  66.262 0.0000000000
55585  -28.604  -40.611  73.024 0.0000000000
54624  -28.474  -41.179  74.822 0.0000000000
54651  -27.529  -41.620  72.192 0.0000000000
55595  -27.839  -40.637  71.550 0.0000000000
53627  -26.569  -42.727  72.566 0.0000000000
53664  -26.007  -42.569  70.156 0.0000000000
53602  -27.661  -42.252  74.667 0.0000000000
52500  -26.217  -42.974  73.360 0.0000000000
71164  -47.903  -24.667  56.417 0.0000000000
70100  -45.473  -25.499  56.662 0.0000000000
71171  -44.270  -25.024  55.612 0.0000000000
71162  -46.477  -25.063  56.309 0.0000000000
72190  -46.900  -24.301  55.288 0.0000000000
69960  -36.120  -25.928  66.268 0.0000000000
71010  -37.633  -25.441  67.769 0.0000000000
69931  -36.451  -26.538  68.169 0.0000000000
69971  -33.313  -27.117  65.101 0.0000000000
69959  -35.058  -26.712  66.316 0.0000000000
69974  -35.972  -25.669  65.559 0.0000000000
49506  -2.393  -47.357  67.713 0.0000000000
49521  -2.477  -47.608  66.494 0.0000000000
49520  -1.674  -48.517  66.036 0.0000000000
48585  -1.746  -49.233  64.456 0.0000000000
48551  -1.107  -49.210  65.956 0.0000000000
44267  -4.808  -50.580  73.857 0.0000000000
44261  -4.335  -50.980  75.285 0.0000000000
60638  -30.275  -35.094  69.246 0.0000000000
60659  -30.347  -34.999  67.801 0.0000000000
62769  -30.644  -33.854  68.839 0.0000000000
63865  -30.754  -33.092  68.590 0.0000000000
78381  -49.724  -18.791  50.014 0.0000000000
78391  -48.747  -18.808  49.206 0.0000000000
81324  -50.233  -16.441  49.198 0.0000000000
54573  -1.031  -41.626  79.283 0.0000000000
53544  -1.965  -42.526  78.721 0.0000000000
53541  -1.777  -42.786  79.579 0.0000000000
73179  -42.570  -24.200  62.498 0.0000000000
73143  -44.254  -23.556  63.353 0.0000000000
74216  -40.615  -23.459  62.306 0.0000000000
72119  -39.976  -25.164  60.591 0.0000000000
72095  -40.985  -24.365  61.158 0.0000000000
71054  -41.977  -24.580  61.121 0.0000000000
52436  -8.940  -43.264  78.847 0.0000000000
53546  -9.419  -42.571  78.092 0.0000000000
56531  -15.790  -38.994  73.857 0.0000000000
57517  -14.069  -38.040  72.671 0.0000000000
61724  -2.142  -37.593  65.986 0.0000000000
56545  0.412  -39.340  72.625 0.0000000000
57541  -0.111  -39.351  70.898 0.0000000000
54656  0.161  -41.295  70.207 0.0000000000
51682  -3.169  -44.949  59.577 0.0000000000
51662  -1.630  -43.729  60.139 0.0000000000
51697  -2.287  -44.862  58.223 0.0000000000
55493  -3.847  -41.351  82.919 0.0000000000
53516  -4.297  -43.104  82.790 0.0000000000
46419  0.509  -51.117  77.069 0.0000000000
47508  -0.528  -50.235  78.678 0.0000000000
47516  1.018  -50.934  76.215 0.0000000000
47522  0.648  -50.262  75.651 0.0000000000
46432  1.676  -51.227  74.918 0.0000000000
57548  -28.707  -38.857  71.104 0.0000000000
57574  -28.245  -38.538  69.196 0.0000000000
58637  -29.404  -37.622  70.637 0.0000000000
59647  -29.877  -36.444  70.708 0.0000000000
51502  -24.614  -43.748  70.942 0.0000000000
51487  -23.896  -43.711  71.630 0.0000000000
52570  -23.748  -42.665  69.439 0.0000000000
52568  -22.721  -42.220  68.600 0.0000000000
75340  -49.921  -21.123  53.600 0.0000000000
74300  -48.726  -22.766  54.163 0.0000000000
75343  -47.174  -22.009  52.582 0.0000000000
75338  -48.939  -21.582  53.171 0.0000000000
77336  -48.984  -20.346  52.087 0.0000000000
73142  -38.987  -23.380  65.404 0.0000000000
74166  -40.147  -22.598  65.959 0.0000000000
73118  -39.226  -23.543  66.908 0.0000000000
72078  -37.225  -24.653  64.109 0.0000000000
72094  -36.390  -24.622  62.932 0.0000000000
73157  -37.745  -23.921  63.645 0.0000000000
74194  -38.627  -23.319  63.470 0.0000000000
62743  -2.359  -34.750  70.471 0.0000000000
60630  -2.928  -36.820  69.165 0.0000000000
60616  -2.444  -36.550  70.046 0.0000000000
53657  -2.851  -43.017  70.221 0.0000000000
53673  -3.066  -43.028  69.207 0.0000000000
52564  -4.074  -43.773  68.001 0.0000000000
50560  -3.324  -46.986  63.422 0.0000000000
51598  -4.418  -45.140  64.043 0.0000000000
50592  -4.025  -46.293  62.278 0.0000000000
51644  -4.250  -45.363  61.708 0.0000000000
49617  -3.878  -47.375  60.846 0.0000000000
48638  -3.334  -49.029  60.968 0.0000000000
48420  -5.866  -47.803  80.506 0.0000000000
48417  -5.035  -48.072  81.889 0.0000000000
46409  -4.837  -49.231  80.139 0.0000000000
43185  -2.741  -51.677  76.814 0.0000000000
43174  -2.870  -51.396  78.586 0.0000000000
42136  -1.947  -51.982  77.600 0.0000000000
42123  -0.848  -52.197  77.909 0.0000000000
67877  -33.566  -28.466  68.951 0.0000000000
66886  -31.743  -30.146  68.600 0.0000000000
66908  -30.898  -30.079  67.091 0.0000000000
67875  -32.071  -29.457  68.014 0.0000000000
67906  -32.704  -28.596  67.028 0.0000000000
55547  -18.196  -40.667  76.563 0.0000000000
56511  -17.354  -39.823  75.937 0.0000000000
54620  -17.862  -40.771  74.963 0.0000000000
52488  -21.368  -43.621  74.143 0.0000000000
53586  -20.288  -43.173  75.452 0.0000000000
53612  -20.184  -42.479  73.435 0.0000000000
55617  -18.033  -40.632  69.853 0.0000000000
54660  -18.253  -40.723  71.124 0.0000000000
54670  -17.650  -40.632  70.732 0.0000000000
55594  -17.064  -40.311  71.733 0.0000000000
55615  -16.211  -39.994  69.487 0.0000000000
55614  -15.316  -39.582  69.030 0.0000000000
56496  0.286  -39.938  76.690 0.0000000000
55544  0.275  -40.176  76.067 0.0000000000
55554  0.150  -40.284  75.149 0.0000000000
54617  -0.504  -40.783  74.962 0.0000000000
53605  -1.933  -42.539  73.338 0.0000000000
53591  -1.518  -41.870  74.417 0.0000000000
52467  -4.244  -44.016  75.998 0.0000000000
53583  -4.378  -43.917  74.926 0.0000000000
51442  -4.178  -45.551  74.352 0.0000000000
50461  -3.424  -45.997  72.293 0.0000000000
50456  -3.182  -46.469  73.322 0.0000000000
70038  -45.564  -25.715  59.157 0.0000000000
71083  -46.710  -25.061  60.365 0.0000000000
72101  -46.211  -24.523  61.754 0.0000000000
70036  -43.751  -25.896  59.418 0.0000000000
67971  -42.705  -26.960  57.999 0.0000000000
70047  -44.204  -26.222  58.771 0.0000000000
69025  -44.567  -26.277  57.967 0.0000000000
52428  -6.868  -44.079  79.750 0.0000000000
49393  -7.855  -46.508  77.589 0.0000000000
48431  -7.377  -47.070  78.192 0.0000000000
47520  -7.231  -47.825  76.504 0.0000000000
46429  -6.129  -49.279  75.916 0.0000000000
46434  -6.597  -48.755  74.988 0.0000000000
55613  -10.315  -40.786  69.104 0.0000000000
57530  -10.681  -39.195  71.527 0.0000000000
55602  -10.140  -40.702  70.309 0.0000000000
52517  -9.173  -44.160  71.117 0.0000000000
53641  -9.561  -42.810  71.642 0.0000000000
52495  -9.471  -43.694  73.385 0.0000000000
54619  -9.611  -42.090  75.082 0.0000000000
52486  -9.504  -44.340  74.061 0.0000000000
51444  -9.084  -44.748  74.878 0.0000000000
50462  -8.809  -46.026  73.075 0.0000000000
47590  -7.133  -48.464  70.697 0.0000000000
61651  0.820  -35.647  72.019 0.0000000000
57555  -0.261  -39.406  69.218 0.0000000000
58629  -0.674  -38.037  70.159 0.0000000000
58643  -0.413  -39.163  68.648 0.0000000000
58665  -0.299  -39.222  67.629 0.0000000000
58663  0.688  -39.641  66.829 0.0000000000
52596  -1.406  -42.901  66.455 0.0000000000
53704  -0.106  -42.510  67.505 0.0000000000
52612  -0.332  -43.301  65.700 0.0000000000
52704  0.554  -42.798  62.207 0.0000000000
52655  0.337  -42.418  64.040 0.0000000000
53779  0.755  -42.257  62.860 0.0000000000
56643  1.275  -40.668  64.263 0.0000000000
55728  1.495  -41.187  62.360 0.0000000000
56679  1.651  -40.435  61.054 0.0000000000
54552  -1.254  -42.440  82.548 0.0000000000
47489  -2.909  -48.675  82.528 0.0000000000
50412  -2.740  -46.207  83.387 0.0000000000
48409  -2.253  -47.900  82.434 0.0000000000
48423  -1.400  -48.821  79.840 0.0000000000
49379  -1.605  -47.514  81.354 0.0000000000
50421  -1.542  -46.458  81.188 0.0000000000
51409  -1.608  -45.449  81.097 0.0000000000
50431  -1.840  -46.849  79.957 0.0000000000
50433  -2.729  -46.109  78.903 0.0000000000
49392  -1.929  -47.513  78.738 0.0000000000
48448  0.644  -49.083  73.708 0.0000000000
49413  -1.032  -48.105  74.892 0.0000000000
48454  0.069  -48.765  73.258 0.0000000000
49441  -0.870  -48.117  71.395 0.0000000000
48498  0.418  -49.217  70.901 0.0000000000
44299  3.673  -52.829  71.645 0.0000000000
45348  3.148  -51.949  72.347 0.0000000000
57523  -29.174  -38.462  72.556 0.0000000000
54685  -26.420  -41.367  68.815 0.0000000000
55631  -26.550  -40.728  68.223 0.0000000000
55606  -27.256  -40.610  70.450 0.0000000000
56559  -28.422  -39.794  71.671 0.0000000000
51515  -25.135  -43.291  69.852 0.0000000000
52555  -25.600  -42.904  69.552 0.0000000000
53680  -25.973  -42.437  69.000 0.0000000000
52507  -25.540  -43.429  72.150 0.0000000000
73260  -49.189  -23.167  54.955 0.0000000000
72207  -43.898  -24.281  54.193 0.0000000000
72231  -44.390  -23.977  53.588 0.0000000000
73293  -44.959  -23.187  52.767 0.0000000000
72233  -45.909  -23.716  54.274 0.0000000000
73269  -47.669  -23.594  54.523 0.0000000000
71030  -37.366  -24.871  65.861 0.0000000000
72049  -38.670  -24.279  67.308 0.0000000000
72048  -38.024  -24.970  67.168 0.0000000000
71001  -38.247  -25.188  68.411 0.0000000000
68947  -31.567  -28.508  64.656 0.0000000000
69982  -32.147  -27.789  63.847 0.0000000000
69994  -32.837  -26.756  63.181 0.0000000000
69995  -34.000  -26.484  63.007 0.0000000000
71073  -34.401  -25.448  61.951 0.0000000000
71038  -35.343  -25.893  63.870 0.0000000000
71029  -36.552  -25.353  65.537 0.0000000000
51509  -4.091  -45.235  69.580 0.0000000000
51534  -4.316  -44.929  67.827 0.0000000000
50518  -3.865  -45.845  67.166 0.0000000000
50531  -3.117  -46.952  65.659 0.0000000000
49561  -2.795  -48.109  63.329 0.0000000000
48621  -2.899  -48.749  62.175 0.0000000000
49560  -2.427  -48.734  63.501 0.0000000000
47707  -1.380  -50.009  63.492 0.0000000000
45318  -5.667  -49.921  77.689 0.0000000000
45316  -4.855  -50.301  78.825 0.0000000000
44252  -4.489  -50.932  77.233 0.0000000000
66875  -31.898  -30.458  69.385 0.0000000000
59692  -29.332  -36.469  67.361 0.0000000000
59703  -29.040  -36.270  66.015 0.0000000000
59693  -29.781  -35.869  66.902 0.0000000000
61718  -30.365  -34.987  66.648 0.0000000000
62809  -30.347  -34.128  66.031 0.0000000000
63889  -30.545  -33.418  67.262 0.0000000000
64940  -30.714  -32.208  68.361 0.0000000000
54594  -19.206  -41.841  77.158 0.0000000000
53662  -21.000  -42.282  70.494 0.0000000000
53643  -20.167  -41.745  71.205 0.0000000000
54673  -19.791  -41.324  69.652 0.0000000000
55630  -19.087  -40.557  68.930 0.0000000000
77374  -47.428  -19.332  48.200 0.0000000000
79397  -47.544  -18.134  47.808 0.0000000000
80358  -47.279  -17.491  47.403 0.0000000000
82322  -47.784  -16.159  47.941 0.0000000000
54603  -0.664  -41.365  76.960 0.0000000000
53567  -1.905  -42.234  76.577 0.0000000000
53555  -1.875  -42.232  77.641 0.0000000000
52455  -3.362  -43.601  77.510 0.0000000000
51421  -3.847  -45.261  77.361 0.0000000000
71056  -43.777  -24.769  61.210 0.0000000000
73161  -44.724  -23.826  63.133 0.0000000000
70031  -39.314  -26.133  59.213 0.0000000000
69007  -39.498  -26.661  58.705 0.0000000000
67968  -40.634  -27.309  58.276 0.0000000000
68996  -41.009  -26.455  59.267 0.0000000000
70016  -42.307  -25.472  60.060 0.0000000000
52434  -7.641  -44.102  79.292 0.0000000000
52435  -8.244  -43.644  79.012 0.0000000000
51419  -8.606  -44.897  77.955 0.0000000000
49399  -8.278  -46.049  76.440 0.0000000000
51511  -9.016  -44.714  69.784 0.0000000000
49462  -8.371  -46.647  70.810 0.0000000000
59626  1.052  -37.117  72.673 0.0000000000
60605  0.719  -36.462  72.100 0.0000000000
57528  0.005  -38.493  71.378 0.0000000000
57554  -0.074  -39.863  69.650 0.0000000000
56588  0.668  -40.730  68.244 0.0000000000
52684  -2.449  -43.640  62.687 0.0000000000
52658  -0.944  -43.396  63.722 0.0000000000
51619  -1.404  -43.601  61.953 0.0000000000
51640  -0.871  -43.595  61.216 0.0000000000
52730  0.365  -43.316  60.789 0.0000000000
56457  -3.585  -40.567  82.828 0.0000000000
55492  -3.063  -41.433  83.141 0.0000000000
53513  -2.349  -43.218  83.392 0.0000000000
45310  -1.501  -50.617  80.231 0.0000000000
47491  -1.936  -49.184  80.974 0.0000000000
47504  -1.118  -49.785  79.645 0.0000000000
47509  -0.732  -49.786  78.816 0.0000000000
48428  -1.050  -49.354  78.713 0.0000000000
48438  -1.077  -49.056  77.486 0.0000000000
48437  -0.549  -49.443  77.009 0.0000000000
48440  0.275  -49.575  75.516 0.0000000000
47531  1.181  -49.730  73.837 0.0000000000
58675  -26.994  -38.508  66.758 0.0000000000
56593  -26.975  -39.854  68.770 0.0000000000
58655  -27.857  -38.503  68.466 0.0000000000
58667  -28.065  -37.713  67.798 0.0000000000
59670  -29.609  -36.900  69.346 0.0000000000
60621  -30.091  -35.696  70.320 0.0000000000
52497  -22.126  -43.659  73.440 0.0000000000
51458  -24.472  -43.909  74.345 0.0000000000
51464  -23.416  -43.714  73.110 0.0000000000
52520  -22.187  -42.962  71.465 0.0000000000
53679  -21.767  -42.489  69.907 0.0000000000
75347  -45.923  -21.629  51.522 0.0000000000
76346  -47.753  -20.586  51.220 0.0000000000
77342  -49.521  -19.405  50.975 0.0000000000
75252  -41.154  -22.616  63.562 0.0000000000
75235  -42.243  -22.198  64.451 0.0000000000
75214  -41.241  -22.152  65.371 0.0000000000
71074  -35.186  -25.085  62.150 0.0000000000
74239  -38.551  -23.397  61.404 0.0000000000
74215  -39.779  -23.254  62.222 0.0000000000
56569  -14.069  -38.788  69.757 0.0000000000
57547  -12.957  -38.135  70.362 0.0000000000
57571  -11.931  -38.825  68.767 0.0000000000
56589  -10.984  -39.705  68.517 0.0000000000
60657  -3.027  -37.329  67.357 0.0000000000
59691  -1.410  -38.267  66.538 0.0000000000
53635  -0.971  -42.202  70.879 0.0000000000
53653  -0.297  -42.096  69.564 0.0000000000
52529  -1.573  -42.458  69.609 0.0000000000
52579  -2.429  -42.681  67.893 0.0000000000
52615  -3.052  -43.168  65.471 0.0000000000
52599  -4.253  -44.135  66.622 0.0000000000
52616  -3.946  -44.053  65.470 0.0000000000
52660  -2.851  -43.608  63.540 0.0000000000
52708  -3.609  -44.086  61.969 0.0000000000
51400  -4.478  -45.163  83.136 0.0000000000
50417  -5.022  -46.267  82.123 0.0000000000
48412  -4.260  -47.997  82.419 0.0000000000
46402  -3.280  -49.846  81.724 0.0000000000
44239  -4.217  -50.693  79.538 0.0000000000
44231  -3.064  -50.806  80.474 0.0000000000
44228  -1.732  -50.835  80.435 0.0000000000
44241  -1.021  -51.454  79.094 0.0000000000
44246  -0.236  -51.382  77.947 0.0000000000
44255  1.169  -52.121  76.078 0.0000000000
68902  -35.167  -27.111  68.084 0.0000000000
68888  -36.172  -26.940  68.959 0.0000000000
68874  -35.080  -27.747  69.542 0.0000000000
59725  -28.348  -36.461  64.182 0.0000000000
67915  -30.559  -29.415  65.081 0.0000000000
68918  -33.593  -27.994  66.932 0.0000000000
56521  -16.712  -39.494  75.023 0.0000000000
56539  -15.543  -39.146  72.942 0.0000000000
53561  -20.696  -43.062  77.384 0.0000000000
53573  -19.973  -42.875  76.214 0.0000000000
54614  -18.797  -41.654  75.204 0.0000000000
53611  -19.627  -41.781  73.047 0.0000000000
54630  -18.973  -41.441  73.494 0.0000000000
54621  -18.352  -41.195  74.679 0.0000000000
55575  -17.303  -40.397  73.583 0.0000000000
55582  -16.430  -39.948  72.055 0.0000000000
56557  -15.294  -39.400  71.033 0.0000000000
56581  -14.721  -39.302  69.363 0.0000000000
83228  -47.525  -14.741  48.078 0.0000000000
84138  -47.152  -13.407  48.235 0.0000000000
85951  -46.979  -11.905  48.340 0.0000000000
57515  0.811  -38.554  73.114 0.0000000000
55571  0.376  -39.870  73.157 0.0000000000
57496  1.022  -38.624  74.533 0.0000000000
55563  0.581  -39.822  74.267 0.0000000000
54633  -0.150  -40.931  72.326 0.0000000000
53617  -1.081  -42.164  71.934 0.0000000000
53619  -2.443  -42.903  72.369 0.0000000000
53639  -3.829  -43.388  71.830 0.0000000000
53593  -2.987  -43.036  74.424 0.0000000000
53608  -4.066  -43.506  73.795 0.0000000000
52516  -4.345  -44.569  71.642 0.0000000000
51495  -3.526  -45.852  70.353 0.0000000000
50486  -2.774  -46.572  70.377 0.0000000000
49474  -1.633  -47.731  69.455 0.0000000000
70062  -46.699  -25.503  58.160 0.0000000000
67993  -41.081  -27.509  57.195 0.0000000000
68007  -41.561  -26.925  56.580 0.0000000000
69064  -41.941  -26.512  56.355 0.0000000000
69065  -43.279  -26.050  56.580 0.0000000000
69053  -44.933  -25.867  57.250 0.0000000000
50423  -6.096  -46.251  80.474 0.0000000000
48421  -6.337  -47.630  79.834 0.0000000000
50429  -7.324  -45.917  79.214 0.0000000000
48426  -6.788  -47.399  79.004 0.0000000000
47510  -5.999  -48.789  78.973 0.0000000000
45331  -5.418  -50.186  75.239 0.0000000000
58605  -11.961  -37.936  72.131 0.0000000000
58594  -11.179  -38.413  72.792 0.0000000000
57497  -10.634  -39.150  74.492 0.0000000000
54658  -9.842  -41.889  70.941 0.0000000000
55580  -9.801  -41.054  72.507 0.0000000000
56520  -10.112  -39.937  75.141 0.0000000000
55556  -9.812  -40.971  75.453 0.0000000000
55545  -9.970  -41.089  76.651 0.0000000000
53558  -9.582  -42.634  77.249 0.0000000000
52457  -9.427  -43.616  76.799 0.0000000000
50447  -8.534  -45.494  76.116 0.0000000000
49410  -8.044  -46.398  75.497 0.0000000000
49444  -8.027  -47.378  71.580 0.0000000000
48456  -7.716  -47.593  73.326 0.0000000000
47537  -7.067  -48.275  73.748 0.0000000000
46441  -6.325  -49.114  73.392 0.0000000000
61659  -0.556  -35.619  71.115 0.0000000000
60612  0.264  -36.408  71.621 0.0000000000
60613  -0.353  -36.534  71.162 0.0000000000
60614  -1.066  -36.820  70.726 0.0000000000
59656  -1.582  -37.960  69.279 0.0000000000
59680  -1.438  -38.487  67.380 0.0000000000
59700  0.347  -38.795  65.444 0.0000000000
53671  -0.022  -42.226  68.743 0.0000000000
53686  0.558  -41.937  67.688 0.0000000000
55640  1.228  -41.119  67.192 0.0000000000
52633  0.058  -43.076  64.489 0.0000000000
53732  0.607  -42.231  65.254 0.0000000000
55658  1.410  -41.101  66.383 0.0000000000
57593  1.222  -39.979  65.841 0.0000000000
58691  1.013  -39.444  64.608 0.0000000000
59720  0.819  -38.928  63.510 0.0000000000
58715  1.362  -39.031  61.841 0.0000000000
51394  -3.673  -45.013  83.527 0.0000000000
51392  -2.352  -44.958  83.340 0.0000000000
51391  -2.074  -44.603  83.119 0.0000000000
49376  -1.821  -48.151  82.025 0.0000000000
51396  -1.731  -45.330  82.429 0.0000000000
52416  -1.754  -44.035  82.541 0.0000000000
52426  -1.506  -44.244  81.782 0.0000000000
52431  -1.493  -43.824  81.299 0.0000000000
53537  -1.651  -43.154  80.224 0.0000000000
52438  -2.276  -44.310  79.596 0.0000000000
51418  -2.994  -45.304  78.712 0.0000000000
50445  -3.173  -46.787  76.137 0.0000000000
49402  -1.823  -47.922  76.613 0.0000000000
49408  -1.814  -47.829  75.656 0.0000000000
49415  -2.593  -47.155  74.435 0.0000000000
49427  -2.153  -47.201  72.716 0.0000000000
49459  -1.620  -47.580  70.590 0.0000000000
49473  -0.952  -48.311  68.939 0.0000000000
44259  2.003  -52.516  75.046 0.0000000000
44268  3.014  -52.958  73.774 0.0000000000
45333  2.481  -52.183  74.340 0.0000000000
46435  2.211  -51.364  74.078 0.0000000000
46440  2.201  -50.794  72.642 0.0000000000
46453  2.025  -50.589  72.021 0.0000000000
45388  2.241  -51.510  69.738 0.0000000000
47588  1.291  -50.028  70.850 0.0000000000
47621  0.906  -50.137  68.890 0.0000000000
48537  0.270  -49.443  68.051 0.0000000000
48550  -0.582  -49.364  66.504 0.0000000000
47681  0.021  -50.162  65.659 0.0000000000
45486  0.008  -51.729  64.100 0.0000000000
55576  -28.364  -41.233  73.501 0.0000000000
55577  -28.711  -40.687  73.814 0.0000000000
55569  -28.462  -41.238  74.288 0.0000000000
55584  -28.158  -41.100  72.617 0.0000000000
53628  -27.213  -42.285  72.864 0.0000000000
53647  -26.833  -42.170  71.825 0.0000000000
54631  -28.001  -41.751  74.073 0.0000000000
53615  -27.473  -42.310  73.806 0.0000000000
54623  -28.164  -41.683  74.875 0.0000000000
71152  -47.421  -25.062  56.969 0.0000000000
72172  -48.657  -24.603  57.181 0.0000000000
71142  -47.998  -24.907  57.695 0.0000000000
70087  -46.442  -25.469  57.270 0.0000000000
71161  -45.535  -25.241  56.206 0.0000000000
71151  -46.806  -25.274  56.872 0.0000000000
71163  -47.229  -24.911  56.457 0.0000000000
69947  -36.725  -25.911  67.316 0.0000000000
69945  -35.362  -26.793  66.917 0.0000000000
49519  -1.158  -49.020  66.367 0.0000000000
44266  -4.246  -50.903  74.203 0.0000000000
61678  -30.472  -34.502  69.139 0.0000000000
53543  -1.408  -42.020  78.981 0.0000000000
53540  -1.493  -42.357  79.850 0.0000000000
74218  -42.252  -23.807  62.748 0.0000000000
74198  -42.663  -23.310  63.184 0.0000000000
74217  -41.449  -23.640  62.500 0.0000000000
73177  -41.092  -24.049  61.774 0.0000000000
73178  -41.941  -24.130  62.166 0.0000000000
54571  -9.746  -41.539  79.648 0.0000000000
53542  -9.350  -42.495  78.885 0.0000000000
54574  -9.767  -41.597  78.811 0.0000000000
57508  -14.675  -38.234  73.448 0.0000000000
60675  -1.014  -38.212  65.299 0.0000000000
60676  -1.694  -37.845  65.703 0.0000000000
55578  -0.008  -40.235  72.119 0.0000000000
55590  0.100  -40.539  70.860 0.0000000000
51681  -2.251  -44.426  59.270 0.0000000000
52415  -4.506  -43.790  82.858 0.0000000000
45323  0.775  -51.515  76.567 0.0000000000
46423  0.761  -51.064  76.649 0.0000000000
46428  1.516  -51.459  75.618 0.0000000000
58612  -29.445  -37.798  72.178 0.0000000000
57549  -29.125  -38.113  71.055 0.0000000000
58623  -29.442  -37.708  71.409 0.0000000000
59633  -29.693  -37.174  71.836 0.0000000000
51526  -24.594  -43.171  69.575 0.0000000000
51525  -24.206  -43.041  69.917 0.0000000000
75335  -50.136  -21.644  53.963 0.0000000000
74301  -49.491  -22.479  54.216 0.0000000000
75337  -48.361  -21.946  53.348 0.0000000000
74307  -49.296  -22.041  53.632 0.0000000000
76333  -49.405  -21.145  53.151 0.0000000000
73141  -38.478  -23.778  64.902 0.0000000000
73129  -39.237  -23.283  66.178 0.0000000000
72068  -37.887  -24.375  65.471 0.0000000000
73140  -37.821  -24.269  64.549 0.0000000000
73158  -38.262  -23.763  64.160 0.0000000000
62751  -1.286  -33.758  70.364 0.0000000000
61661  -2.084  -35.704  70.693 0.0000000000
53674  -3.652  -43.449  69.665 0.0000000000
53691  -4.108  -43.922  69.241 0.0000000000
50577  -4.001  -46.226  62.876 0.0000000000
50576  -3.767  -46.771  62.407 0.0000000000
50591  -4.060  -46.379  61.562 0.0000000000
49597  -3.703  -47.345  61.801 0.0000000000
48639  -3.532  -48.162  61.364 0.0000000000
47502  -5.772  -48.322  80.151 0.0000000000
47501  -5.125  -48.630  80.603 0.0000000000
47505  -5.279  -48.783  79.969 0.0000000000
43178  -2.284  -51.837  77.245 0.0000000000
67876  -32.691  -29.101  68.551 0.0000000000
67864  -33.813  -28.637  69.844 0.0000000000
67863  -32.999  -29.189  69.525 0.0000000000
57595  -27.115  -38.251  65.514 0.0000000000
66899  -31.364  -30.185  67.796 0.0000000000
54593  -18.690  -41.137  77.362 0.0000000000
54606  -18.414  -41.012  76.432 0.0000000000
54612  -17.998  -40.735  75.764 0.0000000000
53613  -20.758  -43.096  73.786 0.0000000000
55616  -17.298  -40.452  69.983 0.0000000000
55605  -17.047  -40.385  70.881 0.0000000000
55627  -15.923  -39.683  68.613 0.0000000000
54602  -0.359  -40.977  76.744 0.0000000000
54610  -0.218  -40.671  75.816 0.0000000000
53590  -1.062  -41.303  75.142 0.0000000000
53578  -1.381  -41.763  75.774 0.0000000000
51432  -4.434  -45.234  75.374 0.0000000000
51433  -4.535  -44.782  75.110 0.0000000000
50453  -3.646  -46.077  73.862 0.0000000000
71102  -45.485  -25.470  59.792 0.0000000000
71082  -46.046  -25.163  60.631 0.0000000000
71058  -45.483  -24.899  61.256 0.0000000000
71101  -44.697  -25.479  59.819 0.0000000000
70037  -44.830  -25.839  59.246 0.0000000000
49398  -7.938  -46.620  76.777 0.0000000000
48435  -7.442  -47.327  77.234 0.0000000000
47524  -7.314  -47.721  75.915 0.0000000000
47523  -6.937  -48.327  76.039 0.0000000000
47527  -6.985  -48.159  75.403 0.0000000000
54680  -9.983  -41.746  68.561 0.0000000000
54669  -9.796  -41.772  69.759 0.0000000000
52502  -9.195  -44.210  72.094 0.0000000000
52503  -9.357  -43.595  72.394 0.0000000000
52494  -9.407  -44.409  73.131 0.0000000000
51454  -9.297  -44.956  73.950 0.0000000000
51471  -8.982  -45.453  72.371 0.0000000000
61644  1.459  -35.304  72.453 0.0000000000
57568  0.333  -40.179  68.404 0.0000000000
57569  0.050  -39.726  68.095 0.0000000000
58653  -0.162  -39.416  67.811 0.0000000000
52614  -1.911  -43.154  65.556 0.0000000000
52595  -0.647  -42.994  66.361 0.0000000000
52613  -0.989  -43.362  65.615 0.0000000000
52729  0.747  -42.858  61.293 0.0000000000
53793  0.885  -42.277  61.899 0.0000000000
54764  1.075  -41.757  62.591 0.0000000000
54773  1.369  -41.796  61.652 0.0000000000
54783  1.683  -41.849  60.776 0.0000000000
53823  1.544  -42.369  60.345 0.0000000000
54543  -1.998  -42.378  83.300 0.0000000000
54553  -1.320  -42.449  82.790 0.0000000000
47494  -2.577  -49.279  82.115 0.0000000000
48410  -2.713  -47.897  82.725 0.0000000000
47493  -2.261  -49.164  81.830 0.0000000000
48424  -1.434  -48.170  79.977 0.0000000000
49385  -1.518  -47.570  80.560 0.0000000000
50426  -1.712  -46.532  80.580 0.0000000000
49389  -1.804  -47.324  79.453 0.0000000000
48453  0.651  -49.076  72.973 0.0000000000
48467  0.305  -48.943  72.407 0.0000000000
48483  0.599  -49.246  71.725 0.0000000000
42176  4.342  -54.425  71.464 0.0000000000
43244  4.107  -53.780  70.984 0.0000000000
55596  -28.386  -40.442  72.294 0.0000000000
56558  -28.055  -39.950  71.209 0.0000000000
57533  -28.881  -39.105  72.108 0.0000000000
52538  -25.361  -43.291  70.375 0.0000000000
52554  -25.347  -43.159  69.835 0.0000000000
52539  -25.665  -43.046  70.740 0.0000000000
53665  -26.482  -42.064  70.678 0.0000000000
53681  -26.259  -41.987  69.482 0.0000000000
53697  -26.263  -42.105  68.237 0.0000000000
52508  -26.002  -43.134  72.347 0.0000000000
52499  -25.622  -43.249  73.120 0.0000000000
51503  -25.079  -43.669  70.861 0.0000000000
73259  -48.696  -23.848  55.324 0.0000000000
74282  -49.780  -23.289  55.536 0.0000000000
73253  -49.461  -23.708  55.753 0.0000000000
70097  -42.861  -25.838  56.227 0.0000000000
70109  -42.615  -25.553  55.828 0.0000000000
70110  -43.521  -25.402  55.980 0.0000000000
71184  -44.822  -24.548  55.102 0.0000000000
71183  -44.055  -24.582  54.937 0.0000000000
72208  -44.647  -24.211  54.366 0.0000000000
72232  -45.211  -23.721  53.758 0.0000000000
72191  -47.887  -24.318  55.510 0.0000000000
72211  -47.307  -24.026  55.005 0.0000000000
73258  -48.148  -23.970  55.109 0.0000000000
73270  -48.651  -23.239  54.641 0.0000000000
71021  -37.251  -25.342  66.631 0.0000000000
69932  -37.134  -26.072  68.383 0.0000000000
71000  -37.764  -25.737  68.715 0.0000000000
68948  -32.584  -27.796  64.909 0.0000000000
69972  -34.389  -26.553  65.053 0.0000000000
69984  -33.666  -26.637  64.069 0.0000000000
69996  -34.649  -26.169  63.177 0.0000000000
71028  -35.921  -25.571  65.141 0.0000000000
51521  -3.847  -45.671  68.840 0.0000000000
51533  -4.013  -45.508  67.975 0.0000000000
50506  -3.629  -46.170  68.081 0.0000000000
49534  -2.486  -47.826  65.308 0.0000000000
50546  -2.990  -47.280  64.533 0.0000000000
49545  -2.289  -48.657  64.017 0.0000000000
48602  -1.413  -49.703  64.095 0.0000000000
46626  -1.413  -50.754  62.812 0.0000000000
46611  -0.948  -50.532  63.597 0.0000000000
45324  -5.396  -50.232  76.520 0.0000000000
44253  -4.960  -50.623  76.837 0.0000000000
59683  -29.979  -36.133  67.856 0.0000000000
61706  -30.459  -34.568  67.704 0.0000000000
60669  -30.324  -35.124  67.225 0.0000000000
61719  -30.436  -34.697  67.041 0.0000000000
61730  -30.360  -34.834  66.275 0.0000000000
62797  -30.555  -34.001  66.932 0.0000000000
63905  -30.446  -33.437  66.674 0.0000000000
64932  -30.981  -32.153  69.349 0.0000000000
55528  -19.261  -41.448  78.274 0.0000000000
54595  -19.663  -42.320  77.467 0.0000000000
53678  -21.122  -42.066  69.521 0.0000000000
53661  -20.365  -41.755  70.069 0.0000000000
53677  -20.514  -41.635  69.244 0.0000000000
76357  -47.562  -20.307  49.678 0.0000000000
77358  -47.317  -20.163  48.597 0.0000000000
77359  -47.770  -19.682  48.846 0.0000000000
79391  -49.209  -17.900  48.904 0.0000000000
79398  -48.293  -18.045  48.430 0.0000000000
80346  -47.863  -17.364  47.951 0.0000000000
81330  -48.124  -16.603  48.123 0.0000000000
54591  -0.735  -41.386  77.445 0.0000000000
53566  -1.091  -41.706  76.903 0.0000000000
53554  -1.308  -41.819  78.015 0.0000000000
53545  -2.423  -42.743  78.189 0.0000000000
52454  -2.915  -43.257  78.133 0.0000000000
52445  -3.635  -44.523  77.752 0.0000000000
72099  -44.337  -24.634  61.826 0.0000000000
72081  -44.396  -24.333  62.545 0.0000000000
73216  -38.852  -24.495  60.174 0.0000000000
71076  -40.187  -25.482  60.314 0.0000000000
71099  -39.682  -25.706  60.007 0.0000000000
71100  -39.980  -25.733  60.107 0.0000000000
70032  -40.064  -25.919  59.876 0.0000000000
68995  -40.226  -26.350  59.308 0.0000000000
70033  -40.783  -25.982  59.749 0.0000000000
71055  -42.851  -24.695  61.262 0.0000000000
71078  -42.106  -24.956  60.595 0.0000000000
71079  -43.045  -25.033  60.562 0.0000000000
53538  -8.570  -42.831  79.698 0.0000000000
52446  -8.911  -44.159  77.811 0.0000000000
52440  -8.645  -44.040  78.376 0.0000000000
50440  -8.347  -45.675  77.514 0.0000000000
50444  -8.545  -45.510  76.740 0.0000000000
51523  -8.796  -45.263  69.580 0.0000000000
49477  -8.317  -46.589  69.689 0.0000000000
58613  0.534  -37.809  72.165 0.0000000000
56565  0.032  -40.193  70.251 0.0000000000
56576  0.356  -40.520  69.076 0.0000000000
55612  0.608  -41.065  68.604 0.0000000000
51620  -2.213  -43.696  61.917 0.0000000000
51597  -1.770  -43.574  62.537 0.0000000000
51641  -1.949  -43.688  61.105 0.0000000000
51680  -1.800  -43.969  59.469 0.0000000000
51661  -0.926  -43.518  60.491 0.0000000000
52732  -0.965  -43.485  59.977 0.0000000000
52731  -0.264  -43.560  60.538 0.0000000000
52754  -0.534  -43.434  59.343 0.0000000000
54545  -3.301  -42.286  83.175 0.0000000000
54544  -2.600  -42.338  83.390 0.0000000000
45309  -0.815  -50.840  79.601 0.0000000000
46411  -1.238  -50.176  80.026 0.0000000000
46410  -0.759  -50.389  79.384 0.0000000000
47512  -0.238  -50.330  77.840 0.0000000000
48432  -0.744  -49.466  77.800 0.0000000000
47518  -0.305  -49.882  77.165 0.0000000000
47525  1.320  -50.677  74.885 0.0000000000
47526  0.938  -50.023  74.724 0.0000000000
57594  -26.656  -39.146  66.043 0.0000000000
57587  -26.748  -39.248  67.171 0.0000000000
58646  -28.773  -38.093  69.520 0.0000000000
58656  -28.513  -37.870  68.719 0.0000000000
58668  -28.876  -37.112  68.069 0.0000000000
58657  -29.154  -37.365  69.001 0.0000000000
51555  -25.279  -43.069  66.707 0.0000000000
51436  -22.864  -44.503  75.676 0.0000000000
52489  -22.207  -44.097  74.441 0.0000000000
51455  -22.738  -44.261  74.402 0.0000000000
51459  -24.973  -43.792  74.446 0.0000000000
51466  -24.380  -43.752  73.468 0.0000000000
51500  -23.829  -43.393  71.122 0.0000000000
51473  -23.477  -43.650  72.194 0.0000000000
52521  -23.014  -43.408  71.790 0.0000000000
52535  -22.454  -42.676  70.406 0.0000000000
53663  -21.694  -42.626  70.869 0.0000000000
53709  -22.400  -41.962  68.020 0.0000000000
77339  -50.580  -19.497  52.156 0.0000000000
73294  -45.808  -22.930  53.010 0.0000000000
74314  -45.566  -22.696  52.638 0.0000000000
75344  -47.873  -21.540  52.601 0.0000000000
75348  -46.773  -21.663  52.057 0.0000000000
76344  -46.419  -21.384  51.443 0.0000000000
76345  -46.867  -21.098  51.293 0.0000000000
76356  -46.818  -20.779  50.243 0.0000000000
76340  -49.670  -20.280  52.394 0.0000000000
77337  -49.432  -20.087  51.922 0.0000000000
77338  -50.180  -19.782  51.974 0.0000000000
77343  -50.049  -19.301  51.163 0.0000000000
75233  -40.475  -22.505  64.196 0.0000000000
75234  -41.286  -22.299  64.362 0.0000000000
75213  -40.430  -22.426  65.015 0.0000000000
73130  -39.707  -23.014  66.607 0.0000000000
74153  -40.211  -22.614  66.567 0.0000000000
71051  -35.222  -25.728  63.080 0.0000000000
72093  -35.753  -24.917  62.589 0.0000000000
73175  -36.927  -23.899  62.294 0.0000000000
74237  -37.139  -23.691  61.448 0.0000000000
74213  -37.777  -23.406  62.159 0.0000000000
75250  -39.417  -23.017  63.568 0.0000000000
75249  -39.076  -23.129  63.234 0.0000000000
75269  -40.052  -22.978  62.859 0.0000000000
57560  -12.952  -38.582  69.264 0.0000000000
57572  -12.795  -38.764  68.500 0.0000000000
56601  -11.284  -40.032  67.563 0.0000000000
61673  -3.648  -35.399  69.439 0.0000000000
60643  -2.631  -37.550  68.173 0.0000000000
60656  -2.515  -37.656  67.220 0.0000000000
59681  -2.139  -38.051  67.574 0.0000000000
53636  -1.476  -42.548  71.139 0.0000000000
53655  -1.360  -42.408  70.362 0.0000000000
52530  -2.155  -42.690  69.910 0.0000000000
53689  -3.118  -42.908  68.395 0.0000000000
52563  -2.478  -42.769  68.777 0.0000000000
53705  -3.107  -42.821  67.576 0.0000000000
52597  -2.538  -42.776  66.710 0.0000000000
53719  -3.242  -42.879  67.013 0.0000000000
51560  -4.145  -45.389  66.674 0.0000000000
51547  -4.351  -44.863  66.990 0.0000000000
51561  -4.348  -44.964  66.010 0.0000000000
51576  -4.377  -44.900  65.002 0.0000000000
52638  -4.116  -44.350  64.294 0.0000000000
52637  -3.373  -43.748  64.457 0.0000000000
52661  -3.756  -43.933  63.499 0.0000000000
52685  -3.293  -43.779  62.712 0.0000000000
52686  -4.074  -44.151  62.682 0.0000000000
50607  -4.021  -46.456  60.372 0.0000000000
51665  -4.090  -45.505  60.839 0.0000000000
47725  -2.979  -49.832  61.318 0.0000000000
46643  -2.491  -50.693  61.554 0.0000000000
51401  -5.244  -45.233  82.270 0.0000000000
49377  -4.999  -47.110  81.893 0.0000000000
47497  -4.424  -48.916  81.483 0.0000000000
48416  -4.451  -48.540  81.996 0.0000000000
47496  -3.840  -49.022  81.975 0.0000000000
45300  -3.399  -50.392  81.292 0.0000000000
44243  -4.380  -50.602  78.876 0.0000000000
44247  -3.909  -51.023  78.513 0.0000000000
43167  -2.376  -51.443  79.042 0.0000000000
43168  -2.837  -51.122  79.384 0.0000000000
43160  -2.477  -51.131  79.799 0.0000000000
44230  -2.765  -50.792  80.470 0.0000000000
43159  -2.076  -51.330  79.757 0.0000000000
44235  -1.800  -51.060  80.188 0.0000000000
43158  -1.667  -51.422  79.519 0.0000000000
42128  -0.459  -52.322  77.182 0.0000000000
43172  -0.519  -52.078  77.851 0.0000000000
43171  0.008  -52.108  77.322 0.0000000000
44250  0.619  -51.842  76.640 0.0000000000
68901  -34.432  -27.576  67.825 0.0000000000
68886  -34.735  -27.531  68.741 0.0000000000
59713  -28.323  -36.664  65.081 0.0000000000
59714  -28.980  -36.088  64.858 0.0000000000
66907  -30.351  -30.575  66.517 0.0000000000
67916  -31.085  -29.052  65.516 0.0000000000
67893  -33.544  -28.253  67.874 0.0000000000
67907  -33.144  -28.409  67.359 0.0000000000
68900  -34.055  -27.891  67.388 0.0000000000
68919  -34.411  -27.537  67.077 0.0000000000
55557  -16.853  -39.870  74.662 0.0000000000
56522  -17.114  -39.718  75.444 0.0000000000
56532  -16.475  -39.533  74.279 0.0000000000
56540  -16.297  -39.566  73.464 0.0000000000
53585  -19.442  -42.389  75.304 0.0000000000
53572  -19.524  -42.372  76.551 0.0000000000
54650  -19.515  -41.163  71.101 0.0000000000
53624  -19.667  -41.458  72.088 0.0000000000
53642  -19.618  -41.295  71.512 0.0000000000
54648  -18.332  -40.691  72.006 0.0000000000
54637  -19.045  -41.077  72.589 0.0000000000
54636  -18.367  -40.886  72.916 0.0000000000
54629  -18.377  -41.100  73.804 0.0000000000
54635  -17.793  -40.680  73.215 0.0000000000
54628  -17.854  -40.760  74.107 0.0000000000
55593  -16.395  -40.109  71.151 0.0000000000
55581  -15.863  -39.818  71.360 0.0000000000
56570  -15.003  -39.373  70.208 0.0000000000
55603  -15.558  -39.776  69.842 0.0000000000
55626  -14.981  -39.397  68.184 0.0000000000
82314  -48.283  -15.692  48.243 0.0000000000
82313  -47.817  -15.228  48.119 0.0000000000
83220  -48.155  -14.763  48.312 0.0000000000
85070  -47.637  -12.705  48.657 0.0000000000
85060  -48.026  -12.534  48.954 0.0000000000
58583  1.364  -38.028  74.232 0.0000000000
56537  0.753  -39.186  73.540 0.0000000000
57486  0.790  -38.784  75.226 0.0000000000
55564  0.090  -40.507  74.340 0.0000000000
55572  0.191  -40.440  73.455 0.0000000000
53603  -0.720  -41.583  72.720 0.0000000000
53638  -3.051  -43.100  71.465 0.0000000000
53620  -3.252  -43.092  72.610 0.0000000000
53568  -2.608  -42.703  76.263 0.0000000000
53579  -2.045  -42.328  75.472 0.0000000000
53580  -2.749  -42.823  75.310 0.0000000000
52493  -4.435  -44.519  73.514 0.0000000000
53622  -4.389  -43.901  73.180 0.0000000000
53640  -4.341  -43.873  72.212 0.0000000000
51483  -4.053  -45.226  71.248 0.0000000000
51470  -4.169  -45.142  72.173 0.0000000000
50477  -2.833  -46.469  71.258 0.0000000000
50478  -3.224  -46.147  70.741 0.0000000000
49475  -2.213  -47.070  69.941 0.0000000000
70050  -46.470  -25.534  58.538 0.0000000000
71118  -47.049  -25.307  58.831 0.0000000000
71117  -46.480  -25.496  58.881 0.0000000000
69009  -41.250  -26.894  58.742 0.0000000000
67980  -40.863  -27.550  57.668 0.0000000000
67969  -41.487  -27.229  58.202 0.0000000000
69023  -43.125  -26.783  57.927 0.0000000000
67994  -41.645  -27.112  57.127 0.0000000000
67995  -42.276  -26.777  57.080 0.0000000000
68019  -41.224  -27.016  56.248 0.0000000000
69050  -42.090  -26.546  56.577 0.0000000000
69051  -42.873  -26.470  56.864 0.0000000000
70060  -45.337  -25.913  58.110 0.0000000000
69040  -44.756  -26.058  57.564 0.0000000000
70074  -45.500  -25.779  57.660 0.0000000000
70075  -46.212  -25.578  57.691 0.0000000000
51406  -6.324  -45.087  80.506 0.0000000000
51410  -6.483  -45.675  80.213 0.0000000000
49382  -6.195  -46.981  80.194 0.0000000000
49383  -6.618  -46.828  79.753 0.0000000000
51415  -7.784  -44.888  79.099 0.0000000000
51412  -7.355  -44.976  79.535 0.0000000000
48430  -6.926  -47.651  77.971 0.0000000000
48427  -7.326  -46.938  78.696 0.0000000000
47507  -6.273  -48.214  79.143 0.0000000000
47511  -6.371  -48.375  78.413 0.0000000000
46421  -6.009  -49.478  77.380 0.0000000000
46422  -6.459  -48.973  76.995 0.0000000000
46433  -6.223  -49.284  75.269 0.0000000000
45329  -5.815  -49.728  75.573 0.0000000000
45332  -5.827  -49.770  74.834 0.0000000000
45334  -5.301  -50.214  74.348 0.0000000000
45338  -5.101  -50.289  73.287 0.0000000000
57546  -11.627  -38.473  70.300 0.0000000000
58618  -12.724  -37.873  71.395 0.0000000000
58632  -11.860  -38.187  70.737 0.0000000000
56555  -10.381  -39.942  71.055 0.0000000000
58604  -11.102  -38.436  71.873 0.0000000000
57516  -10.569  -39.222  72.433 0.0000000000
58584  -11.276  -38.367  73.795 0.0000000000
57506  -10.559  -39.212  73.448 0.0000000000
53660  -9.674  -42.858  70.462 0.0000000000
54634  -9.591  -42.063  73.092 0.0000000000
54646  -9.662  -41.973  72.033 0.0000000000
55573  -9.691  -41.113  73.580 0.0000000000
56530  -9.942  -40.197  74.214 0.0000000000
56529  -9.788  -40.685  74.610 0.0000000000
56509  -10.365  -39.994  76.117 0.0000000000
54611  -9.650  -42.055  76.003 0.0000000000
54604  -9.686  -42.097  76.729 0.0000000000
54592  -9.802  -41.674  77.259 0.0000000000
53571  -9.593  -42.917  76.422 0.0000000000
52469  -9.421  -43.769  76.092 0.0000000000
50455  -8.784  -45.448  74.508 0.0000000000
51434  -8.860  -44.963  75.716 0.0000000000
50454  -8.327  -45.979  74.959 0.0000000000
49411  -8.291  -45.972  75.668 0.0000000000
49416  -8.019  -46.597  74.633 0.0000000000
49461  -7.970  -47.329  70.394 0.0000000000
49445  -8.470  -46.664  71.840 0.0000000000
47570  -6.754  -48.911  71.417 0.0000000000
47571  -7.218  -48.441  71.690 0.0000000000
47551  -7.272  -48.214  72.686 0.0000000000
48451  -7.440  -47.764  74.190 0.0000000000
47536  -6.786  -48.619  73.214 0.0000000000
46442  -6.681  -48.700  73.690 0.0000000000
46454  -6.248  -49.250  72.161 0.0000000000
62739  0.342  -34.600  71.606 0.0000000000
62740  -0.285  -34.524  71.223 0.0000000000
59628  0.080  -37.389  71.546 0.0000000000
59639  0.288  -36.924  71.767 0.0000000000
59654  -0.528  -37.983  69.879 0.0000000000
59641  -0.699  -37.427  70.631 0.0000000000
60628  -1.539  -37.426  69.994 0.0000000000
59678  -0.086  -39.073  67.024 0.0000000000
59679  -0.575  -38.981  67.490 0.0000000000
59689  0.123  -38.983  66.541 0.0000000000
59690  -0.622  -38.628  66.403 0.0000000000
58683  0.578  -39.081  65.987 0.0000000000
53672  -0.563  -42.295  68.931 0.0000000000
53688  -0.305  -42.428  68.196 0.0000000000
53718  0.036  -42.557  66.890 0.0000000000
53703  0.290  -42.275  67.247 0.0000000000
54691  0.833  -41.521  67.390 0.0000000000
53702  0.664  -41.956  66.931 0.0000000000
51595  -0.611  -43.343  63.066 0.0000000000
52657  -0.366  -43.213  63.783 0.0000000000
54734  0.793  -41.631  64.425 0.0000000000
52631  0.473  -42.364  64.662 0.0000000000
54718  0.921  -41.574  65.521 0.0000000000
55677  1.331  -41.001  65.672 0.0000000000
56621  1.402  -40.472  66.165 0.0000000000
56631  1.334  -40.545  65.334 0.0000000000
56655  1.375  -40.517  63.117 0.0000000000
57609  1.258  -39.913  63.910 0.0000000000
59711  0.765  -39.054  64.437 0.0000000000
58697  1.098  -39.346  63.646 0.0000000000
58703  1.321  -39.069  62.645 0.0000000000
54566  -1.196  -42.175  81.354 0.0000000000
50414  -4.172  -45.996  83.241 0.0000000000
51395  -4.185  -44.654  83.340 0.0000000000
51399  -3.985  -45.580  83.427 0.0000000000
49371  -2.404  -47.051  83.014 0.0000000000
50407  -2.539  -45.491  83.411 0.0000000000
50406  -2.329  -45.435  83.283 0.0000000000
51398  -2.126  -45.186  83.160 0.0000000000
48414  -1.788  -48.431  81.337 0.0000000000
48415  -1.873  -48.359  81.719 0.0000000000
50420  -1.527  -46.423  81.588 0.0000000000
50416  -1.555  -46.463  81.937 0.0000000000
52421  -1.636  -44.216  82.227 0.0000000000
51413  -1.840  -45.379  80.530 0.0000000000
52427  -1.535  -44.630  81.388 0.0000000000
52432  -1.675  -44.182  80.753 0.0000000000
53536  -1.442  -42.895  80.742 0.0000000000
52437  -1.888  -43.691  80.010 0.0000000000
50436  -2.398  -46.866  78.476 0.0000000000
50437  -3.027  -46.246  78.162 0.0000000000
50438  -3.509  -45.992  77.581 0.0000000000
50442  -3.001  -46.748  77.165 0.0000000000
49400  -0.720  -48.828  76.399 0.0000000000
49401  -1.109  -48.583  76.826 0.0000000000
48450  -0.781  -48.281  74.203 0.0000000000
49414  -1.898  -47.713  74.678 0.0000000000
49409  -2.548  -47.309  75.412 0.0000000000
49418  -2.039  -47.572  73.673 0.0000000000
49419  -2.644  -46.938  73.506 0.0000000000
48499  -0.245  -48.763  70.560 0.0000000000
49458  -0.903  -48.174  70.063 0.0000000000
43187  2.126  -52.852  74.753 0.0000000000
44280  3.516  -52.901  72.778 0.0000000000
46439  2.525  -51.234  73.047 0.0000000000
46452  2.549  -51.219  71.883 0.0000000000
46471  2.054  -50.905  71.142 0.0000000000
47587  1.610  -50.545  70.530 0.0000000000
47604  1.480  -50.662  69.610 0.0000000000
47605  1.109  -50.147  69.987 0.0000000000
47620  1.462  -50.803  68.752 0.0000000000
47644  0.761  -49.921  67.914 0.0000000000
47662  0.846  -50.342  67.200 0.0000000000
48549  0.255  -49.753  67.074 0.0000000000
48564  -0.053  -49.885  66.203 0.0000000000
56544  -28.817  -39.987  73.383 0.0000000000
56536  -28.799  -40.017  74.142 0.0000000000
55570  -28.679  -40.690  74.518 0.0000000000
54663  -27.168  -41.487  71.092 0.0000000000
53646  -26.161  -42.744  71.421 0.0000000000
53601  -27.112  -42.718  74.490 0.0000000000
53614  -26.906  -42.761  73.564 0.0000000000
72184  -48.436  -24.405  56.045 0.0000000000
72186  -49.182  -24.030  55.986 0.0000000000
72181  -49.144  -24.313  56.609 0.0000000000
70099  -44.764  -25.575  56.503 0.0000000000
70111  -44.218  -25.410  56.108 0.0000000000
71160  -44.778  -25.280  55.999 0.0000000000
71172  -45.131  -24.913  55.613 0.0000000000
71173  -46.048  -24.634  55.572 0.0000000000
72189  -46.299  -24.210  55.100 0.0000000000
71174  -47.054  -24.686  55.869 0.0000000000
71175  -47.557  -24.657  56.083 0.0000000000
69961  -36.696  -25.672  66.646 0.0000000000
69958  -33.966  -26.922  65.829 0.0000000000
69973  -35.386  -25.922  65.123 0.0000000000
50505  -2.962  -46.717  68.363 0.0000000000
50517  -3.269  -46.718  67.062 0.0000000000
49533  -2.048  -48.573  64.898 0.0000000000
48566  -1.393  -49.189  65.283 0.0000000000
48584  -1.045  -49.729  64.758 0.0000000000
44262  -4.867  -50.578  74.814 0.0000000000
44271  -3.617  -51.221  73.445 0.0000000000
60650  -30.347  -34.946  68.568 0.0000000000
61692  -30.469  -34.505  68.287 0.0000000000
63859  -30.890  -33.036  69.566 0.0000000000
54584  -20.717  -42.439  78.339 0.0000000000
54684  -20.605  -41.281  68.493 0.0000000000
78380  -49.078  -19.074  49.898 0.0000000000
78392  -49.396  -18.408  49.361 0.0000000000
79392  -49.783  -18.150  49.339 0.0000000000
81318  -50.736  -16.347  49.692 0.0000000000
72079  -42.914  -24.332  62.531 0.0000000000
73160  -43.901  -24.022  63.045 0.0000000000
73159  -43.044  -23.999  62.877 0.0000000000
74199  -43.539  -23.458  63.301 0.0000000000
74241  -40.333  -23.766  61.593 0.0000000000
73200  -40.038  -24.309  60.869 0.0000000000
73201  -40.658  -24.239  61.178 0.0000000000
72120  -40.561  -24.763  60.780 0.0000000000
72121  -41.048  -24.554  60.929 0.0000000000
71077  -41.174  -24.888  60.645 0.0000000000
72096  -41.554  -24.405  61.344 0.0000000000
72097  -42.604  -24.466  61.984 0.0000000000
53539  -9.100  -42.502  79.560 0.0000000000
52441  -9.094  -43.384  78.238 0.0000000000
52447  -9.270  -43.641  77.469 0.0000000000
57498  -15.416  -38.372  74.538 0.0000000000
61713  -3.039  -37.306  66.594 0.0000000000
61725  -2.628  -37.425  66.006 0.0000000000
61737  -2.202  -37.610  65.668 0.0000000000
57527  0.384  -38.699  72.121 0.0000000000
56554  0.053  -39.707  71.511 0.0000000000
51663  -2.594  -44.213  60.278 0.0000000000
52756  -1.808  -44.091  59.190 0.0000000000
52779  -1.762  -44.228  58.740 0.0000000000
54546  -4.063  -42.214  82.741 0.0000000000
53515  -3.631  -43.157  83.262 0.0000000000
45320  -0.231  -50.911  78.062 0.0000000000
46415  -0.497  -50.531  78.674 0.0000000000
46420  0.004  -50.740  77.682 0.0000000000
46424  0.223  -50.636  77.241 0.0000000000
47517  0.303  -50.447  76.744 0.0000000000
47521  1.142  -50.832  75.697 0.0000000000
57562  -28.260  -38.982  69.974 0.0000000000
58636  -28.954  -38.197  70.343 0.0000000000
59661  -29.679  -37.035  70.222 0.0000000000
59646  -29.696  -37.109  71.051 0.0000000000
52587  -25.911  -42.754  67.005 0.0000000000
51489  -24.720  -43.765  71.730 0.0000000000
51475  -24.342  -43.719  72.523 0.0000000000
51501  -24.225  -43.625  71.035 0.0000000000
51512  -24.106  -43.298  70.593 0.0000000000
52552  -23.169  -42.680  69.900 0.0000000000
52551  -22.540  -42.467  69.442 0.0000000000
52569  -23.215  -42.384  68.977 0.0000000000
77331  -50.218  -20.154  52.861 0.0000000000
74305  -47.823  -22.621  53.548 0.0000000000
74315  -46.524  -22.504  52.777 0.0000000000
76338  -48.518  -20.691  52.170 0.0000000000
75345  -48.663  -21.182  52.630 0.0000000000
76334  -49.763  -20.592  53.050 0.0000000000
74180  -39.226  -23.135  64.527 0.0000000000
74165  -39.626  -22.879  65.332 0.0000000000
73156  -37.038  -24.326  63.280 0.0000000000
73176  -37.455  -23.756  62.883 0.0000000000
74193  -38.026  -23.436  62.933 0.0000000000
74179  -38.710  -23.460  64.206 0.0000000000
56603  -12.945  -39.257  67.009 0.0000000000
61662  -3.005  -35.759  70.004 0.0000000000
60629  -2.176  -37.401  69.423 0.0000000000
52531  -2.437  -42.825  69.985 0.0000000000
53690  -3.779  -43.484  68.697 0.0000000000
53706  -3.701  -43.210  67.919 0.0000000000
50547  -3.673  -46.519  64.692 0.0000000000
50548  -4.170  -45.656  64.813 0.0000000000
50561  -4.072  -46.024  63.812 0.0000000000
51621  -4.290  -45.397  63.054 0.0000000000
52710  -4.343  -45.200  62.354 0.0000000000
51645  -4.204  -45.817  62.300 0.0000000000
49637  -3.878  -47.387  59.764 0.0000000000
48660  -3.629  -48.440  60.232 0.0000000000
49381  -5.731  -47.161  80.765 0.0000000000
49378  -5.348  -47.238  81.345 0.0000000000
48418  -5.461  -47.933  81.142 0.0000000000
47498  -4.961  -48.531  81.269 0.0000000000
46408  -4.621  -49.703  80.625 0.0000000000
43186  -3.382  -51.486  77.234 0.0000000000
43180  -3.403  -51.378  78.131 0.0000000000
43179  -2.848  -51.617  77.693 0.0000000000
43173  -2.419  -51.699  78.108 0.0000000000
42131  -2.101  -51.777  78.365 0.0000000000
42124  -1.327  -52.031  78.257 0.0000000000
42130  -1.644  -52.097  77.923 0.0000000000
42134  -0.751  -52.407  76.758 0.0000000000
67878  -34.324  -28.062  69.332 0.0000000000
60693  -29.703  -35.322  65.024 0.0000000000
65962  -30.982  -31.204  68.085 0.0000000000
67891  -31.852  -29.195  67.420 0.0000000000
67905  -31.713  -28.758  66.472 0.0000000000
67892  -32.708  -28.823  67.676 0.0000000000
55546  -17.890  -40.473  76.283 0.0000000000
55558  -17.321  -40.201  75.194 0.0000000000
55568  -17.422  -40.463  74.402 0.0000000000
52481  -21.211  -43.794  75.329 0.0000000000
52470  -20.685  -43.391  76.370 0.0000000000
53587  -20.707  -43.471  75.312 0.0000000000
53599  -20.091  -42.840  74.464 0.0000000000
54671  -18.194  -40.753  70.306 0.0000000000
54649  -19.082  -40.872  71.621 0.0000000000
54659  -17.650  -40.560  71.450 0.0000000000
55604  -16.347  -40.153  70.325 0.0000000000
78413  -46.230  -18.881  47.284 0.0000000000
56507  0.551  -39.502  75.685 0.0000000000
55553  0.494  -39.799  75.308 0.0000000000
54618  -0.883  -41.288  74.403 0.0000000000
54626  -0.968  -41.541  73.671 0.0000000000
53592  -2.254  -42.630  74.420 0.0000000000
52466  -3.665  -43.564  76.722 0.0000000000
53570  -3.795  -43.417  75.631 0.0000000000
52476  -4.388  -44.050  75.315 0.0000000000
51443  -4.521  -44.955  74.665 0.0000000000
51453  -4.397  -45.078  73.893 0.0000000000
51461  -3.830  -45.581  72.645 0.0000000000
51452  -3.962  -45.580  73.478 0.0000000000
50460  -3.188  -46.318  72.679 0.0000000000
49443  -2.417  -46.786  71.907 0.0000000000
71103  -46.351  -25.408  59.518 0.0000000000
72122  -46.575  -24.881  60.929 0.0000000000
70035  -42.596  -26.012  59.569 0.0000000000
69010  -42.107  -26.850  58.606 0.0000000000
68998  -42.804  -26.461  59.005 0.0000000000
68999  -43.481  -26.409  58.775 0.0000000000
69024  -43.806  -26.542  57.880 0.0000000000
69039  -43.898  -26.361  57.427 0.0000000000
69013  -44.280  -26.348  58.299 0.0000000000
70048  -44.998  -26.018  58.598 0.0000000000
51411  -6.839  -45.057  79.933 0.0000000000
50439  -7.925  -46.141  78.068 0.0000000000
50434  -7.646  -46.112  78.602 0.0000000000
47515  -7.082  -47.924  77.035 0.0000000000
46426  -6.503  -48.877  76.269 0.0000000000
46430  -6.564  -48.785  75.652 0.0000000000
46437  -6.239  -49.263  74.478 0.0000000000
56579  -10.652  -39.840  69.553 0.0000000000
57545  -10.912  -39.024  70.707 0.0000000000
56568  -10.612  -39.725  70.323 0.0000000000
55591  -9.928  -40.943  71.454 0.0000000000
52534  -9.478  -43.647  70.574 0.0000000000
52518  -9.432  -43.542  71.380 0.0000000000
53623  -9.413  -42.878  72.697 0.0000000000
53610  -9.443  -42.975  73.708 0.0000000000
54627  -9.501  -42.102  74.126 0.0000000000
53597  -9.539  -43.043  74.667 0.0000000000
52479  -9.376  -43.984  75.199 0.0000000000
52478  -9.398  -44.226  74.614 0.0000000000
50459  -8.990  -45.480  73.660 0.0000000000
48500  -7.611  -47.975  71.035 0.0000000000
46472  -6.224  -49.254  71.119 0.0000000000
57543  -0.479  -38.609  70.112 0.0000000000
57544  -0.675  -38.338  69.849 0.0000000000
58644  -0.215  -38.001  69.009 0.0000000000
59667  -0.584  -38.512  68.976 0.0000000000
58654  -0.587  -39.063  68.285 0.0000000000
58664  0.138  -39.254  67.121 0.0000000000
52577  -0.961  -42.730  67.135 0.0000000000
52560  -0.620  -42.543  67.676 0.0000000000
52594  -0.007  -42.913  66.248 0.0000000000
52683  0.191  -43.197  62.531 0.0000000000
52656  0.053  -42.969  63.547 0.0000000000
52682  0.429  -42.651  63.160 0.0000000000
53761  0.594  -42.109  63.774 0.0000000000
54749  0.876  -41.724  63.520 0.0000000000
55705  1.026  -41.296  64.110 0.0000000000
55718  1.204  -41.220  63.336 0.0000000000
56667  1.733  -40.436  62.077 0.0000000000
55740  1.668  -41.161  61.357 0.0000000000
48411  -3.402  -47.902  82.782 0.0000000000
49372  -3.100  -47.042  83.144 0.0000000000
49370  -1.971  -47.104  82.628 0.0000000000
49384  -1.495  -47.979  80.744 0.0000000000
49380  -1.532  -46.964  80.945 0.0000000000
51408  -1.516  -45.448  81.587 0.0000000000
51414  -2.144  -45.377  79.933 0.0000000000
50432  -2.247  -46.499  79.450 0.0000000000
48445  -0.165  -48.986  75.373 0.0000000000
49412  -0.612  -48.536  75.329 0.0000000000
48449  -0.234  -48.677  74.376 0.0000000000
48455  -0.671  -48.386  73.525 0.0000000000
49426  -1.333  -47.916  72.783 0.0000000000
48468  -0.444  -48.530  72.493 0.0000000000
48484  -0.042  -48.813  71.577 0.0000000000
48511  0.336  -49.239  69.977 0.0000000000
43228  4.204  -53.844  72.150 0.0000000000
47642  1.528  -50.987  68.242 0.0000000000
54696  -26.439  -41.480  67.645 0.0000000000
55618  -26.781  -40.553  69.370 0.0000000000
56571  -27.757  -39.940  70.728 0.0000000000
56572  -28.198  -39.480  70.841 0.0000000000
57534  -29.174  -38.351  71.742 0.0000000000
51527  -24.910  -43.234  69.209 0.0000000000
51528  -25.170  -43.113  68.836 0.0000000000
51529  -25.438  -42.917  68.535 0.0000000000
52571  -25.843  -42.643  68.178 0.0000000000
51468  -25.287  -43.549  73.811 0.0000000000
52492  -26.485  -42.962  74.325 0.0000000000
51477  -25.160  -43.469  72.869 0.0000000000
51490  -25.141  -43.652  71.896 0.0000000000
51514  -24.825  -43.460  70.165 0.0000000000
74292  -50.035  -22.427  54.524 0.0000000000
74291  -49.668  -22.955  55.122 0.0000000000
71182  -43.306  -24.651  54.867 0.0000000000
72206  -43.163  -24.276  54.212 0.0000000000
72230  -43.718  -23.944  53.449 0.0000000000
72246  -44.672  -23.708  53.205 0.0000000000
73278  -45.460  -23.420  53.422 0.0000000000
73279  -46.300  -23.336  53.723 0.0000000000
72210  -46.623  -23.851  54.656 0.0000000000
73268  -46.888  -23.608  54.319 0.0000000000
73280  -47.243  -23.176  53.787 0.0000000000
74299  -48.271  -23.089  54.211 0.0000000000
73271  -49.049  -22.879  54.551 0.0000000000
72059  -38.042  -24.537  66.456 0.0000000000
71011  -38.267  -24.912  67.750 0.0000000000
69970  -32.863  -27.404  64.720 0.0000000000
69983  -32.704  -27.352  64.170 0.0000000000
70011  -32.958  -26.264  62.167 0.0000000000
70012  -33.847  -25.968  62.382 0.0000000000
71050  -34.444  -25.999  62.739 0.0000000000
69986  -35.353  -25.876  64.273 0.0000000000
71039  -35.929  -25.582  64.274 0.0000000000
71040  -36.705  -25.107  64.527 0.0000000000
72067  -37.240  -24.786  65.020 0.0000000000
62750  -0.892  -33.888  70.612 0.0000000000
52548  -4.259  -44.544  69.412 0.0000000000
51522  -4.232  -45.077  68.683 0.0000000000
49562  -3.141  -47.599  62.968 0.0000000000
48622  -3.307  -47.907  62.082 0.0000000000
49580  -3.107  -47.948  62.615 0.0000000000
48604  -2.482  -48.822  63.062 0.0000000000
48620  -2.341  -49.301  62.763 0.0000000000
48603  -2.033  -49.316  63.553 0.0000000000
47716  -1.908  -49.903  62.837 0.0000000000
46627  -2.044  -50.443  62.293 0.0000000000
46416  -5.425  -49.701  78.902 0.0000000000
45314  -5.095  -49.991  79.025 0.0000000000
45317  -5.322  -50.196  78.327 0.0000000000
44249  -4.948  -50.632  77.721 0.0000000000
44257  -4.462  -50.965  76.305 0.0000000000
44256  -3.944  -51.274  76.767 0.0000000000
43192  -3.287  -51.500  76.350 0.0000000000
66876  -32.516  -30.124  70.008 0.0000000000
58677  -28.387  -36.900  66.886 0.0000000000
58686  -28.394  -36.700  66.090 0.0000000000
59704  -29.763  -35.674  66.113 0.0000000000
60658  -30.191  -35.502  67.460 0.0000000000
60668  -30.214  -35.270  66.658 0.0000000000
60678  -30.016  -35.311  65.771 0.0000000000
61743  -30.105  -34.859  65.411 0.0000000000
62817  -30.038  -34.275  65.101 0.0000000000
63904  -30.316  -33.506  66.223 0.0000000000
64946  -30.501  -32.444  67.279 0.0000000000
63876  -30.633  -33.065  67.821 0.0000000000
54582  -19.043  -41.476  77.888 0.0000000000
53644  -21.079  -42.591  71.606 0.0000000000
54662  -19.660  -41.266  70.448 0.0000000000
54683  -20.012  -41.279  68.888 0.0000000000
54682  -19.222  -40.820  69.356 0.0000000000
54672  -19.074  -40.856  70.044 0.0000000000
54681  -18.525  -40.698  69.781 0.0000000000
55629  -18.282  -40.340  69.247 0.0000000000
78400  -46.579  -19.338  47.676 0.0000000000
78402  -47.805  -18.832  48.330 0.0000000000
78401  -47.031  -18.888  47.715 0.0000000000
79409  -47.019  -18.180  47.246 0.0000000000
81339  -46.993  -16.984  47.166 0.0000000000
81329  -47.449  -16.661  47.628 0.0000000000
81323  -49.636  -16.480  48.805 0.0000000000
53565  -0.667  -41.328  76.678 0.0000000000
53556  -2.637  -42.725  77.330 0.0000000000
53557  -3.170  -43.045  76.800 0.0000000000
52456  -3.945  -44.324  77.049 0.0000000000
51424  -4.210  -45.219  76.483 0.0000000000
71057  -44.690  -24.844  61.208 0.0000000000
72100  -45.146  -24.597  61.984 0.0000000000
72136  -39.218  -25.288  60.019 0.0000000000
71098  -38.921  -25.789  59.341 0.0000000000
67967  -39.776  -27.285  58.225 0.0000000000
70034  -41.640  -25.987  59.650 0.0000000000
70015  -41.391  -25.461  60.113 0.0000000000
70017  -43.158  -25.496  59.972 0.0000000000
71080  -44.065  -25.103  60.313 0.0000000000
53533  -8.471  -42.543  80.206 0.0000000000
52430  -8.081  -43.386  79.624 0.0000000000
51416  -8.226  -44.819  78.589 0.0000000000
49394  -8.252  -46.100  76.991 0.0000000000
49404  -7.965  -46.546  76.133 0.0000000000
52567  -9.534  -43.451  68.614 0.0000000000
52549  -9.312  -44.131  69.217 0.0000000000
52533  -9.293  -44.162  70.188 0.0000000000
51498  -8.920  -44.834  70.748 0.0000000000
51484  -8.830  -45.461  71.502 0.0000000000
50479  -8.698  -46.057  71.198 0.0000000000
60598  1.651  -35.774  72.770 0.0000000000
61643  1.305  -35.981  72.493 0.0000000000
60604  1.068  -36.534  72.476 0.0000000000
59627  0.585  -37.121  72.107 0.0000000000
58614  0.102  -37.809  71.558 0.0000000000
57542  -0.294  -39.033  70.257 0.0000000000
56566  -0.117  -38.968  69.645 0.0000000000
56600  0.878  -40.632  67.623 0.0000000000
52659  -1.817  -43.501  63.471 0.0000000000
51596  -1.181  -43.453  62.801 0.0000000000
51618  -0.716  -43.547  62.271 0.0000000000
51639  -0.190  -43.637  61.952 0.0000000000
52706  -0.129  -43.677  61.267 0.0000000000
53810  0.191  -43.535  61.112 0.0000000000
52752  0.973  -42.812  60.341 0.0000000000
56456  -2.845  -40.653  82.903 0.0000000000
55491  -2.348  -41.476  83.311 0.0000000000
53512  -1.965  -43.223  83.131 0.0000000000
46406  -1.908  -50.092  80.714 0.0000000000
46398  -1.829  -49.307  80.854 0.0000000000
46405  -1.759  -49.875  80.628 0.0000000000
47499  -1.642  -49.392  80.514 0.0000000000
47503  -0.685  -50.223  79.154 0.0000000000
48429  -1.395  -48.525  79.353 0.0000000000
49391  -1.502  -48.023  79.013 0.0000000000
48433  -1.295  -48.879  78.423 0.0000000000
48441  -0.433  -49.130  76.311 0.0000000000
48436  -0.003  -49.812  76.399 0.0000000000
48444  0.525  -49.283  74.620 0.0000000000
47535  1.123  -49.495  73.040 0.0000000000
58684  -27.163  -38.152  66.150 0.0000000000
58676  -27.548  -37.748  66.835 0.0000000000
55649  -26.481  -40.851  67.127 0.0000000000
56604  -26.650  -40.047  67.689 0.0000000000
57573  -27.741  -39.156  69.154 0.0000000000
57581  -27.194  -39.219  68.168 0.0000000000
58666  -27.364  -38.470  67.565 0.0000000000
59682  -29.564  -36.728  68.392 0.0000000000
59671  -29.912  -36.248  68.845 0.0000000000
59662  -29.892  -36.369  69.803 0.0000000000
60637  -30.100  -35.703  69.403 0.0000000000
60622  -30.207  -35.249  69.868 0.0000000000
52496  -21.444  -43.304  73.115 0.0000000000
51448  -24.021  -44.137  75.095 0.0000000000
51474  -23.915  -43.772  72.388 0.0000000000
51465  -23.894  -43.806  73.327 0.0000000000
51456  -23.224  -44.133  74.109 0.0000000000
52498  -22.789  -43.890  73.697 0.0000000000
52505  -22.171  -43.381  72.440 0.0000000000
52504  -21.527  -43.057  72.161 0.0000000000
53695  -21.932  -42.282  68.963 0.0000000000
74329  -46.058  -21.981  52.116 0.0000000000
74347  -44.731  -21.820  51.025 0.0000000000
77341  -48.785  -20.064  51.451 0.0000000000
77348  -49.226  -19.192  50.250 0.0000000000
78375  -49.971  -19.123  50.770 0.0000000000
78376  -50.364  -18.881  51.056 0.0000000000
75253  -42.073  -22.646  63.663 0.0000000000
72060  -38.698  -23.899  66.613 0.0000000000
72050  -39.300  -23.661  67.397 0.0000000000
74214  -38.781  -23.139  62.416 0.0000000000
74240  -39.501  -23.496  61.452 0.0000000000
74196  -40.908  -23.042  62.922 0.0000000000
56556  -14.467  -38.761  70.680 0.0000000000
57531  -13.978  -38.173  71.539 0.0000000000
57559  -11.922  -38.546  69.587 0.0000000000
56590  -11.988  -39.139  67.980 0.0000000000
57570  -11.236  -39.130  69.230 0.0000000000
55624  -10.662  -40.880  68.045 0.0000000000
54692  -10.426  -41.828  67.495 0.0000000000
61672  -3.559  -36.241  68.914 0.0000000000
60666  -2.449  -37.607  66.642 0.0000000000
60665  -1.887  -37.808  66.236 0.0000000000
60664  -1.160  -38.204  65.964 0.0000000000
53616  -0.595  -41.715  71.561 0.0000000000
54645  -0.232  -41.402  71.009 0.0000000000
53634  -0.512  -41.921  70.483 0.0000000000
53654  -0.907  -42.248  69.819 0.0000000000
52545  -1.454  -42.457  68.708 0.0000000000
52546  -2.029  -42.638  69.137 0.0000000000
52562  -1.882  -42.570  68.310 0.0000000000
52561  -1.228  -42.516  67.914 0.0000000000
52578  -1.695  -42.633  67.399 0.0000000000
52565  -4.219  -44.304  68.479 0.0000000000
52581  -4.273  -44.277  67.538 0.0000000000
52598  -3.586  -43.319  66.531 0.0000000000
52636  -2.376  -43.421  64.512 0.0000000000
52707  -2.876  -43.877  62.097 0.0000000000
51643  -3.933  -44.620  61.290 0.0000000000
51664  -3.483  -44.764  60.481 0.0000000000
50415  -4.662  -46.127  82.782 0.0000000000
48413  -4.775  -47.575  82.202 0.0000000000
47490  -3.484  -48.622  82.452 0.0000000000
47495  -3.094  -49.306  82.229 0.0000000000
46401  -2.925  -49.921  81.951 0.0000000000
45313  -4.639  -50.192  79.487 0.0000000000
45308  -4.506  -50.201  80.143 0.0000000000
45307  -4.125  -50.530  80.552 0.0000000000
43175  -3.324  -51.109  78.945 0.0000000000
43162  -3.313  -50.887  79.951 0.0000000000
45306  -3.490  -50.687  80.892 0.0000000000
45305  -3.017  -50.760  80.941 0.0000000000
45304  -2.445  -50.532  81.077 0.0000000000
45297  -2.237  -49.987  81.167 0.0000000000
45311  -1.795  -50.720  80.348 0.0000000000
44234  -1.119  -51.276  79.635 0.0000000000
44233  -0.811  -51.152  79.438 0.0000000000
43164  -0.978  -51.769  78.560 0.0000000000
43163  -0.476  -51.729  78.136 0.0000000000
45319  0.292  -51.295  77.325 0.0000000000
68921  -35.489  -26.884  67.661 0.0000000000
68903  -35.802  -26.892  68.151 0.0000000000
68887  -35.483  -27.224  68.892 0.0000000000
58698  -27.864  -37.161  64.322 0.0000000000
59726  -28.801  -35.877  64.178 0.0000000000
67923  -31.058  -29.037  64.889 0.0000000000
68933  -32.000  -28.345  65.514 0.0000000000
68934  -32.727  -27.943  65.663 0.0000000000
68917  -32.761  -28.138  66.363 0.0000000000
68935  -33.384  -27.460  65.972 0.0000000000
68936  -34.225  -27.289  66.508 0.0000000000
68937  -34.748  -27.182  66.763 0.0000000000
56510  -16.927  -39.250  75.626 0.0000000000
57499  -16.156  -38.987  74.574 0.0000000000
53548  -20.661  -42.869  77.766 0.0000000000
53560  -20.130  -42.761  77.246 0.0000000000
53559  -19.621  -42.350  77.153 0.0000000000
54607  -18.934  -41.770  76.047 0.0000000000
53625  -20.273  -42.164  72.369 0.0000000000
54622  -18.897  -41.684  74.421 0.0000000000
55583  -17.183  -40.312  72.642 0.0000000000
55574  -16.739  -39.976  73.061 0.0000000000
56548  -16.126  -39.640  72.669 0.0000000000
56547  -15.554  -39.440  71.968 0.0000000000
57532  -14.910  -38.881  71.469 0.0000000000
56580  -13.764  -38.851  68.854 0.0000000000
56592  -14.381  -39.178  68.513 0.0000000000
82321  -47.373  -15.652  47.804 0.0000000000
83227  -46.803  -14.761  47.915 0.0000000000
84147  -47.152  -14.101  48.101 0.0000000000
84146  -46.388  -13.647  48.023 0.0000000000
59619  1.501  -37.200  73.225 0.0000000000
54632  -0.100  -40.654  71.973 0.0000000000
56518  0.777  -39.259  74.876 0.0000000000
56528  0.915  -39.084  74.206 0.0000000000
55579  0.134  -40.357  72.790 0.0000000000
53604  -1.362  -41.986  73.038 0.0000000000
53618  -1.700  -42.571  72.170 0.0000000000
53637  -2.168  -42.915  71.072 0.0000000000
53658  -3.702  -43.409  70.706 0.0000000000
53581  -3.416  -43.197  75.194 0.0000000000
53594  -3.695  -43.316  74.475 0.0000000000
53607  -3.438  -43.174  73.618 0.0000000000
53621  -3.969  -43.375  72.880 0.0000000000
53659  -4.310  -43.887  71.132 0.0000000000
52532  -4.288  -44.710  70.485 0.0000000000
51508  -3.673  -45.777  69.693 0.0000000000
51482  -3.603  -45.707  71.009 0.0000000000
50487  -3.250  -46.211  69.942 0.0000000000
50494  -2.822  -46.658  69.425 0.0000000000
49490  -2.255  -47.187  68.860 0.0000000000
49489  -1.667  -47.869  68.336 0.0000000000
70076  -46.885  -25.439  57.675 0.0000000000
71130  -47.354  -25.285  58.050 0.0000000000
74181  -43.045  -22.729  63.726 0.0000000000
69920  -36.888  -26.724  68.979 0.0000000000
66964  -40.310  -27.936  57.276 0.0000000000
66992  -40.388  -28.155  56.371 0.0000000000
67981  -41.655  -27.262  57.646 0.0000000000
68006  -40.965  -27.543  56.644 0.0000000000
68018  -40.635  -27.756  55.903 0.0000000000
69063  -41.087  -27.034  56.052 0.0000000000
69077  -41.008  -26.928  55.775 0.0000000000
69078  -41.975  -26.168  56.051 0.0000000000
69066  -44.120  -25.824  56.672 0.0000000000
69052  -44.103  -26.081  57.004 0.0000000000
70085  -44.694  -25.799  56.902 0.0000000000
70086  -45.529  -25.648  57.103 0.0000000000
50422  -5.595  -46.613  80.960 0.0000000000
47506  -5.856  -48.558  79.560 0.0000000000
52429  -7.502  -43.790  79.813 0.0000000000
50425  -6.987  -45.740  79.660 0.0000000000
49387  -7.313  -46.648  78.938 0.0000000000
49386  -6.954  -46.719  79.379 0.0000000000
50428  -6.885  -46.315  79.601 0.0000000000
48422  -6.690  -47.126  79.532 0.0000000000
48425  -6.346  -47.948  79.456 0.0000000000
46417  -5.838  -49.384  78.353 0.0000000000
45322  -5.716  -49.892  76.952 0.0000000000
45328  -5.481  -50.091  75.887 0.0000000000
58606  -13.079  -37.795  72.342 0.0000000000
58595  -12.169  -37.928  73.091 0.0000000000
58616  -11.209  -38.504  71.120 0.0000000000
56538  -10.086  -40.130  73.013 0.0000000000
57487  -10.880  -39.137  75.487 0.0000000000
55533  -10.237  -40.872  77.664 0.0000000000
51423  -9.245  -44.118  76.987 0.0000000000
51435  -9.161  -44.459  75.914 0.0000000000
51426  -9.193  -44.308  76.552 0.0000000000
51425  -8.856  -44.925  76.364 0.0000000000
49405  -8.282  -45.999  75.919 0.0000000000
48447  -7.634  -47.092  75.150 0.0000000000
50470  -8.796  -46.073  72.110 0.0000000000
49430  -8.522  -46.586  72.657 0.0000000000
49429  -8.137  -47.170  72.672 0.0000000000
48485  -7.599  -47.974  71.884 0.0000000000
48469  -7.773  -47.690  72.439 0.0000000000
49421  -8.140  -46.890  73.561 0.0000000000
48446  -7.306  -47.677  74.912 0.0000000000
47532  -6.974  -48.226  74.622 0.0000000000
46438  -6.634  -48.739  74.207 0.0000000000
45339  -5.685  -49.687  72.803 0.0000000000
45351  -5.739  -49.651  71.736 0.0000000000
62749  -0.616  -34.001  70.927 0.0000000000
62741  -0.788  -34.680  70.941 0.0000000000
59640  -0.299  -37.333  71.050 0.0000000000
61660  -1.234  -35.676  70.892 0.0000000000
60615  -1.783  -36.684  70.444 0.0000000000
59668  -1.233  -38.510  68.600 0.0000000000
59701  -0.487  -38.460  65.610 0.0000000000
54657  -0.093  -41.778  70.130 0.0000000000
53652  0.158  -41.864  69.352 0.0000000000
54668  0.451  -41.465  69.037 0.0000000000
53687  0.187  -42.282  67.978 0.0000000000
53670  0.402  -41.936  68.474 0.0000000000
54679  0.637  -41.513  68.128 0.0000000000
55623  0.826  -41.114  67.819 0.0000000000
52634  -0.451  -43.496  64.737 0.0000000000
52611  0.119  -43.156  65.358 0.0000000000
52593  0.320  -42.736  65.794 0.0000000000
52632  0.293  -42.664  64.463 0.0000000000
52610  0.408  -42.716  65.141 0.0000000000
53716  0.728  -42.031  66.106 0.0000000000
54703  0.978  -41.546  66.609 0.0000000000
56609  1.268  -40.497  66.937 0.0000000000
57586  1.014  -40.051  66.557 0.0000000000
58673  0.961  -39.660  66.230 0.0000000000
57601  1.295  -39.941  64.956 0.0000000000
58682  0.917  -39.377  65.575 0.0000000000
59699  0.797  -39.144  65.035 0.0000000000
59712  0.403  -38.657  64.306 0.0000000000
59736  0.916  -38.744  62.789 0.0000000000
58716  0.962  -38.932  61.608 0.0000000000
57629  1.616  -39.623  61.741 0.0000000000
58739  1.271  -39.340  61.197 0.0000000000
54569  -1.177  -41.979  80.674 0.0000000000
52418  -4.458  -44.372  83.105 0.0000000000
52414  -4.034  -44.025  83.312 0.0000000000
52413  -3.276  -44.061  83.634 0.0000000000
50408  -3.027  -45.551  83.563 0.0000000000
51393  -2.861  -44.871  83.578 0.0000000000
52412  -2.608  -44.067  83.555 0.0000000000
52411  -2.238  -44.004  83.279 0.0000000000
52410  -2.007  -43.891  83.032 0.0000000000
47486  -1.963  -48.527  81.848 0.0000000000
48408  -1.907  -48.100  82.041 0.0000000000
49369  -1.753  -47.242  82.185 0.0000000000
49375  -1.660  -47.354  81.867 0.0000000000
50409  -1.665  -46.640  82.194 0.0000000000
50410  -1.831  -46.267  82.623 0.0000000000
51397  -1.909  -45.268  82.945 0.0000000000
52417  -1.877  -44.238  82.817 0.0000000000
53518  -1.620  -43.147  82.703 0.0000000000
53517  -1.569  -43.330  82.454 0.0000000000
53524  -1.357  -42.951  81.970 0.0000000000
53531  -1.404  -43.191  81.524 0.0000000000
53535  -1.316  -42.565  81.237 0.0000000000
52442  -2.099  -43.314  79.408 0.0000000000
51417  -2.579  -45.362  79.350 0.0000000000
52439  -2.713  -44.529  79.021 0.0000000000
52444  -3.149  -44.253  78.373 0.0000000000
51420  -3.472  -45.284  78.089 0.0000000000
50443  -3.692  -46.092  76.801 0.0000000000
50446  -3.846  -46.107  75.815 0.0000000000
49395  -1.494  -48.331  78.054 0.0000000000
49396  -2.010  -47.746  77.693 0.0000000000
49397  -2.364  -47.385  77.140 0.0000000000
49407  -1.114  -48.247  75.910 0.0000000000
49403  -2.477  -47.386  76.372 0.0000000000
50448  -3.229  -46.730  75.138 0.0000000000
50452  -3.208  -46.619  74.176 0.0000000000
49442  -1.752  -47.387  71.726 0.0000000000
49488  -1.021  -48.511  67.883 0.0000000000
44254  1.626  -52.350  75.479 0.0000000000
45326  1.769  -51.915  75.415 0.0000000000
43201  3.081  -53.656  73.551 0.0000000000
43193  2.609  -53.096  74.054 0.0000000000
44263  2.388  -52.673  74.551 0.0000000000
45330  2.161  -52.217  74.946 0.0000000000
46427  1.924  -51.906  75.195 0.0000000000
46431  2.050  -51.763  74.873 0.0000000000
46436  1.748  -50.997  74.427 0.0000000000
47529  2.157  -50.988  73.548 0.0000000000
47534  1.767  -50.176  72.899 0.0000000000
47548  1.712  -50.124  72.051 0.0000000000
45387  2.798  -51.921  69.874 0.0000000000
46470  2.514  -51.417  70.727 0.0000000000
47568  1.708  -50.345  71.375 0.0000000000
47569  1.395  -49.876  71.608 0.0000000000
48497  0.940  -49.604  71.220 0.0000000000
48510  0.810  -49.660  70.415 0.0000000000
47643  1.268  -50.572  67.925 0.0000000000
47622  0.580  -49.710  68.438 0.0000000000
48525  0.331  -49.433  68.974 0.0000000000
48526  -0.332  -48.953  68.463 0.0000000000
48538  -0.406  -49.140  67.480 0.0000000000
49504  -1.122  -48.808  66.923 0.0000000000
48565  -0.599  -49.677  65.587 0.0000000000
45487  -0.494  -51.684  63.431 0.0000000000
42125  -1.817  -51.796  78.586 0.0000000000
42126  -2.141  -51.636  78.823 0.0000000000
42127  0.056  -52.462  76.663 0.0000000000
42129  -1.069  -52.309  77.530 0.0000000000
43154  -2.230  -51.112  80.067 0.0000000000
43155  -2.608  -50.894  80.185 0.0000000000
43156  -3.164  -50.912  80.148 0.0000000000
43157  -1.284  -51.492  79.160 0.0000000000
43161  -3.160  -50.903  79.788 0.0000000000
43165  -1.548  -51.646  78.886 0.0000000000
43169  -3.315  -50.947  79.641 0.0000000000
43170  0.419  -52.093  76.725 0.0000000000
44229  -2.254  -50.889  80.319 0.0000000000
44232  -3.547  -50.836  80.440 0.0000000000
44236  -1.949  -51.194  80.068 0.0000000000
44237  -3.308  -50.844  80.193 0.0000000000
44238  -3.809  -50.996  79.977 0.0000000000
44240  -0.730  -51.291  78.928 0.0000000000
44242  -3.820  -50.883  79.275 0.0000000000
44244  -4.817  -50.537  78.384 0.0000000000
44245  0.244  -51.743  77.194 0.0000000000
44273  -4.765  -50.558  73.348 0.0000000000
45298  -2.462  -50.163  81.232 0.0000000000
45299  -2.871  -50.353  81.348 0.0000000000
45301  -3.886  -50.373  81.085 0.0000000000
45302  -1.784  -50.279  80.507 0.0000000000
45303  -1.788  -50.344  80.737 0.0000000000
45312  -4.328  -50.621  79.960 0.0000000000
45321  -5.364  -50.311  77.352 0.0000000000
45325  -5.749  -49.756  76.228 0.0000000000
46399  -2.124  -49.705  81.143 0.0000000000
46403  -3.966  -49.791  81.399 0.0000000000
46404  -4.441  -49.593  81.138 0.0000000000
46412  -4.695  -49.745  79.997 0.0000000000
46413  -5.147  -49.428  79.506 0.0000000000
46418  -6.282  -48.946  77.733 0.0000000000
46489  2.393  -51.505  70.147 0.0000000000
46490  1.991  -51.145  70.191 0.0000000000
46625  -0.838  -51.071  63.364 0.0000000000
47487  -2.102  -48.575  82.032 0.0000000000
47488  -2.448  -48.633  82.308 0.0000000000
47492  -2.049  -48.852  81.570 0.0000000000
47500  -4.570  -49.074  80.977 0.0000000000
47519  -6.834  -48.391  76.670 0.0000000000
47528  -7.352  -47.563  75.465 0.0000000000
47533  2.086  -50.774  73.206 0.0000000000
47549  1.359  -49.743  72.319 0.0000000000
48434  -7.043  -47.771  77.421 0.0000000000
48439  -7.605  -47.187  76.367 0.0000000000
48442  -0.794  -49.082  76.887 0.0000000000
48482  1.052  -49.555  71.856 0.0000000000
48524  0.690  -49.721  69.636 0.0000000000
49368  -1.641  -47.068  82.067 0.0000000000
49374  -4.635  -47.015  82.419 0.0000000000
49390  -7.589  -46.590  78.379 0.0000000000
49420  -8.024  -47.238  73.206 0.0000000000
49428  -2.771  -46.685  72.695 0.0000000000
50413  -3.529  -46.070  83.430 0.0000000000
50419  -5.759  -45.908  80.916 0.0000000000
50427  -1.955  -46.147  80.149 0.0000000000
50435  -8.127  -45.596  78.256 0.0000000000
50450  -8.295  -45.965  75.436 0.0000000000
50451  -8.536  -45.557  75.435 0.0000000000
50457  -3.521  -46.006  73.046 0.0000000000
50463  -9.134  -45.403  73.022 0.0000000000
50468  -2.991  -46.376  72.058 0.0000000000
50469  -3.307  -46.058  71.526 0.0000000000
50533  -4.249  -45.369  65.433 0.0000000000
50559  -2.918  -47.585  63.891 0.0000000000
51445  -9.110  -44.555  75.450 0.0000000000
51446  -22.752  -44.398  74.854 0.0000000000
51457  -23.909  -44.036  74.237 0.0000000000
51460  -25.352  -43.580  74.551 0.0000000000
51463  -9.292  -45.052  73.297 0.0000000000
51469  -3.721  -45.618  71.815 0.0000000000
51476  -24.754  -43.619  72.669 0.0000000000
51485  -8.953  -44.809  71.769 0.0000000000
51486  -23.577  -43.528  71.598 0.0000000000
51488  -24.299  -43.781  71.674 0.0000000000
51496  -3.892  -45.428  70.391 0.0000000000
51497  -8.779  -45.505  70.759 0.0000000000
51499  -23.481  -43.330  71.358 0.0000000000
51510  -8.833  -45.236  70.200 0.0000000000
51513  -24.471  -43.424  70.396 0.0000000000
51516  -25.335  -43.095  69.362 0.0000000000
51546  -4.155  -45.317  67.315 0.0000000000
51594  -0.283  -43.218  63.262 0.0000000000
52458  -20.692  -43.174  77.112 0.0000000000
52468  -4.472  -44.499  75.375 0.0000000000
52477  -4.498  -44.398  74.910 0.0000000000
52480  -20.698  -43.482  75.633 0.0000000000
52485  -4.473  -44.507  74.268 0.0000000000
52487  -9.531  -43.754  74.280 0.0000000000
52490  -22.750  -44.159  74.169 0.0000000000
52501  -4.397  -44.519  72.634 0.0000000000
52506  -22.862  -43.566  72.782 0.0000000000
52514  -1.816  -42.640  70.416 0.0000000000
52519  -21.597  -42.887  71.666 0.0000000000
52522  -25.440  -43.459  71.246 0.0000000000
52528  -1.065  -42.372  69.060 0.0000000000
52537  -23.819  -43.156  70.741 0.0000000000
52547  -2.480  -42.834  69.533 0.0000000000
52553  -23.772  -42.937  70.276 0.0000000000
52576  -0.378  -42.682  66.968 0.0000000000
52580  -4.036  -43.580  67.319 0.0000000000
52609  0.464  -42.499  64.885 0.0000000000
52662  -4.297  -44.576  63.367 0.0000000000
52705  0.273  -43.398  61.554 0.0000000000
52709  -4.245  -44.632  62.064 0.0000000000
53530  -1.297  -42.621  81.712 0.0000000000
53547  -20.186  -42.626  77.764 0.0000000000
53582  -4.067  -43.578  75.190 0.0000000000
53595  -4.213  -43.685  74.512 0.0000000000
53596  -4.439  -44.080  74.543 0.0000000000
53600  -20.714  -43.357  74.763 0.0000000000
53609  -4.414  -43.992  73.989 0.0000000000
53645  -21.638  -42.788  71.405 0.0000000000
53656  -2.349  -42.840  70.310 0.0000000000
53733  0.511  -42.424  65.756 0.0000000000
53747  0.626  -42.045  64.626 0.0000000000
53794  0.119  -43.615  61.256 0.0000000000
53795  0.012  -43.696  61.043 0.0000000000
53811  0.113  -43.576  60.863 0.0000000000
54560  -1.193  -42.202  81.868 0.0000000000
54580  -9.773  -41.669  77.950 0.0000000000
54605  -18.113  -40.748  76.153 0.0000000000
55535  -18.204  -40.497  77.013 0.0000000000
55543  0.448  -39.811  75.704 0.0000000000
55555  -9.763  -40.901  74.956 0.0000000000
55565  -9.757  -40.866  74.777 0.0000000000
56519  -9.835  -40.595  74.867 0.0000000000
56527  -28.778  -40.000  74.826 0.0000000000
56549  -28.724  -39.905  72.571 0.0000000000
56567  0.190  -38.835  69.476 0.0000000000
56577  0.149  -38.899  69.555 0.0000000000
56578  0.369  -38.914  69.571 0.0000000000
56583  -27.934  -39.462  70.352 0.0000000000
57507  -14.093  -37.970  73.164 0.0000000000
57529  -0.325  -38.377  70.927 0.0000000000
57556  -0.487  -38.837  69.490 0.0000000000
57557  -0.571  -38.143  69.677 0.0000000000
57561  -27.848  -39.213  69.652 0.0000000000
57580  0.315  -39.623  67.404 0.0000000000
58617  -11.823  -38.048  71.339 0.0000000000
58630  -0.636  -38.036  69.959 0.0000000000
58631  -11.368  -38.522  70.698 0.0000000000
58633  -12.347  -38.001  70.915 0.0000000000
58645  -0.037  -37.980  69.741 0.0000000000
58704  1.140  -38.746  62.208 0.0000000000
59702  -28.391  -36.661  65.714 0.0000000000
60655  -1.967  -37.992  66.883 0.0000000000
60667  -2.942  -37.399  67.069 0.0000000000
61650  0.997  -36.158  72.334 0.0000000000
61711  -1.930  -37.594  66.210 0.0000000000
61712  -2.376  -37.566  66.222 0.0000000000
61731  -30.472  -34.349  66.535 0.0000000000
62810  -30.480  -33.974  66.512 0.0000000000
64958  -30.431  -32.931  66.816 0.0000000000
66965  -40.722  -27.735  57.256 0.0000000000
66976  -39.985  -28.283  56.767 0.0000000000
66977  -40.599  -27.905  56.905 0.0000000000
67970  -42.248  -27.077  58.085 0.0000000000
67982  -42.415  -26.954  57.610 0.0000000000
68008  -42.162  -26.652  56.776 0.0000000000
68920  -35.105  -27.066  67.214 0.0000000000
69008  -40.376  -26.813  58.763 0.0000000000
69011  -42.887  -26.744  58.380 0.0000000000
69012  -43.653  -26.536  58.328 0.0000000000
70014  -40.578  -25.574  60.134 0.0000000000
70061  -46.054  -25.644  58.151 0.0000000000
70088  -47.021  -25.337  57.289 0.0000000000
71053  -41.539  -24.559  60.997 0.0000000000
71075  -39.926  -25.516  60.360 0.0000000000
71150  -46.057  -25.396  56.770 0.0000000000
71153  -48.016  -24.828  57.078 0.0000000000
71185  -45.380  -24.549  55.276 0.0000000000
72080  -43.409  -24.354  62.548 0.0000000000
72137  -39.711  -25.375  60.319 0.0000000000
72180  -48.573  -24.515  56.565 0.0000000000
72185  -48.969  -24.153  55.977 0.0000000000
72192  -48.563  -24.212  55.717 0.0000000000
73217  -39.534  -24.834  60.455 0.0000000000
74195  -38.997  -23.249  63.945 0.0000000000
74306  -48.821  -22.275  53.666 0.0000000000
74316  -47.372  -22.173  52.904 0.0000000000
75212  -39.904  -22.702  64.649 0.0000000000
75251  -40.296  -22.740  63.515 0.0000000000
75267  -38.934  -23.100  63.004 0.0000000000
75268  -39.336  -23.069  62.878 0.0000000000
75334  -49.863  -22.026  53.965 0.0000000000
75339  -49.649  -21.622  53.599 0.0000000000
76335  -50.208  -20.636  53.466 0.0000000000
76339  -49.196  -20.760  52.584 0.0000000000
76371  -47.437  -20.260  48.945 0.0000000000
78371  -50.533  -19.327  51.813 0.0000000000
78382  -50.285  -18.527  50.203 0.0000000000
78414  -46.713  -18.575  47.232 0.0000000000
80357  -46.764  -17.553  46.992 0.0000000000
84139  -47.806  -13.894  48.345 0.0000000000
