#!ascii label  , from subject sub-1633992 vox2ras=TkReg
1170
93423  -37.518  -3.556  41.882 0.0000000000
89916  -46.049  -6.417  28.933 0.0000000000
98340  -43.895  2.985  45.123 0.0000000000
88877  -45.438  -9.094  36.187 0.0000000000
89738  -44.618  -7.338  44.706 0.0000000000
95116  -42.116  -1.349  33.896 0.0000000000
98459  -47.755  2.795  35.007 0.0000000000
103095  -42.572  8.998  36.374 0.0000000000
85058  -39.703  -12.297  49.697 0.0000000000
88828  -40.411  -7.957  38.752 0.0000000000
91689  -42.119  -5.865  34.790 0.0000000000
94278  -40.647  -2.599  38.496 0.0000000000
99232  -48.174  4.049  46.640 0.0000000000
98399  -47.748  2.721  39.904 0.0000000000
100902  -49.130  5.452  40.961 0.0000000000
100938  -45.765  5.617  36.442 0.0000000000
101643  -43.503  5.979  40.855 0.0000000000
91787  -42.775  -5.169  26.675 0.0000000000
95050  -35.830  -1.579  46.534 0.0000000000
96670  -39.129  1.184  43.416 0.0000000000
90717  -50.811  -6.283  38.560 0.0000000000
87829  -46.123  -9.021  40.548 0.0000000000
87798  -39.869  -9.535  43.022 0.0000000000
88743  -39.435  -8.921  46.389 0.0000000000
93502  -43.621  -3.240  29.412 0.0000000000
96779  -42.889  0.304  28.359 0.0000000000
97540  -43.281  1.310  39.199 0.0000000000
97610  -46.168  1.319  33.239 0.0000000000
99380  -43.620  3.472  29.338 0.0000000000
98490  -42.277  2.695  33.027 0.0000000000
99310  -41.926  3.158  36.552 0.0000000000
91636  -38.537  -5.446  40.694 0.0000000000
91649  -40.159  -5.381  38.844 0.0000000000
94267  -39.156  -2.979  40.644 0.0000000000
101616  -49.057  6.151  46.406 0.0000000000
100091  -50.050  4.650  43.387 0.0000000000
100864  -48.172  5.617  43.579 0.0000000000
100885  -46.314  5.480  41.102 0.0000000000
91789  -44.565  -5.154  26.841 0.0000000000
94223  -35.869  -2.721  48.858 0.0000000000
95046  -37.536  -1.534  47.759 0.0000000000
88797  -45.182  -8.212  42.713 0.0000000000
87817  -43.255  -9.131  41.778 0.0000000000
89746  -42.276  -7.909  43.769 0.0000000000
86864  -39.453  -10.688  48.668 0.0000000000
88737  -33.695  -8.451  45.962 0.0000000000
91598  -32.757  -5.314  45.280 0.0000000000
89703  -30.829  -7.529  46.798 0.0000000000
89857  -46.181  -7.087  33.343 0.0000000000
93473  -41.601  -3.472  34.688 0.0000000000
92624  -42.316  -4.394  32.532 0.0000000000
94321  -42.297  -2.353  31.454 0.0000000000
95149  -43.117  -1.364  28.647 0.0000000000
95947  -42.464  -0.456  31.363 0.0000000000
97514  -41.184  2.134  44.141 0.0000000000
97522  -41.362  1.778  41.291 0.0000000000
98363  -43.658  2.564  41.556 0.0000000000
98426  -48.616  2.944  37.523 0.0000000000
97572  -47.253  1.235  36.370 0.0000000000
97612  -48.068  1.831  33.284 0.0000000000
98520  -46.120  2.626  30.899 0.0000000000
99363  -46.726  3.266  31.411 0.0000000000
99359  -43.089  3.917  30.649 0.0000000000
98493  -45.461  2.785  33.241 0.0000000000
102394  -44.043  7.834  36.415 0.0000000000
100137  -43.457  4.836  36.579 0.0000000000
101692  -42.633  6.768  36.222 0.0000000000
100130  -41.330  4.669  37.375 0.0000000000
102392  -40.998  7.600  35.978 0.0000000000
87869  -42.521  -8.868  37.375 0.0000000000
88901  -43.442  -7.881  34.709 0.0000000000
89808  -41.354  -7.185  37.038 0.0000000000
92592  -41.283  -4.562  36.341 0.0000000000
95093  -41.637  -1.588  36.679 0.0000000000
99243  -46.474  3.489  45.155 0.0000000000
98365  -45.833  2.811  41.897 0.0000000000
99257  -48.026  3.290  43.158 0.0000000000
99279  -49.141  3.719  40.404 0.0000000000
100134  -48.468  4.409  37.592 0.0000000000
100146  -46.550  3.840  35.749 0.0000000000
101675  -47.021  6.236  38.171 0.0000000000
101663  -45.751  6.574  38.644 0.0000000000
102366  -42.971  7.630  38.841 0.0000000000
93527  -42.267  -3.389  27.282 0.0000000000
94257  -35.514  -2.215  43.861 0.0000000000
95067  -37.725  -1.615  41.987 0.0000000000
95871  -37.081  -0.400  45.192 0.0000000000
95863  -39.872  0.141  46.489 0.0000000000
96655  -41.970  1.002  46.866 0.0000000000
97477  -42.545  0.700  49.341 0.0000000000
97501  -44.133  1.556  47.756 0.0000000000
88880  -48.262  -8.424  37.142 0.0000000000
88831  -48.694  -8.213  39.882 0.0000000000
87857  -45.398  -9.583  38.751 0.0000000000
87837  -42.493  -9.633  39.262 0.0000000000
87823  -39.636  -8.964  40.342 0.0000000000
89697  -44.651  -7.332  47.626 0.0000000000
86835  -43.135  -10.131  50.524 0.0000000000
88713  -42.237  -8.813  48.159 0.0000000000
88745  -42.132  -7.909  46.209 0.0000000000
88768  -38.662  -8.774  44.488 0.0000000000
91619  -35.507  -5.401  42.952 0.0000000000
92675  -47.129  -4.757  28.929 0.0000000000
90784  -44.614  -6.462  32.376 0.0000000000
92649  -44.972  -4.418  30.287 0.0000000000
93522  -46.066  -3.894  27.730 0.0000000000
94355  -44.604  -2.588  26.848 0.0000000000
95171  -43.277  -1.450  26.398 0.0000000000
95972  -42.242  -0.446  26.648 0.0000000000
96679  -39.725  -0.454  40.636 0.0000000000
95889  -41.224  -0.839  38.578 0.0000000000
95904  -43.242  0.001  36.454 0.0000000000
97542  -45.630  2.033  39.715 0.0000000000
96715  -44.646  0.470  36.279 0.0000000000
96744  -43.677  0.204  33.734 0.0000000000
97630  -44.372  1.438  31.700 0.0000000000
97657  -43.107  2.005  28.237 0.0000000000
97655  -41.411  1.750  28.158 0.0000000000
98457  -44.628  2.869  34.977 0.0000000000
98455  -42.675  2.560  35.258 0.0000000000
98470  -39.482  2.432  33.889 0.0000000000
98436  -38.999  1.857  36.087 0.0000000000
99296  -39.476  3.296  38.157 0.0000000000
92548  -37.709  -4.504  41.607 0.0000000000
92553  -39.021  -4.524  40.539 0.0000000000
93424  -38.205  -3.621  41.408 0.0000000000
100851  -48.803  6.003  45.299 0.0000000000
100863  -46.904  5.596  43.583 0.0000000000
91781  -45.249  -5.495  27.624 0.0000000000
89750  -45.438  -7.693  43.609 0.0000000000
88784  -43.880  -8.065  43.464 0.0000000000
89737  -43.598  -7.472  44.623 0.0000000000
87776  -33.390  -9.040  46.557 0.0000000000
89705  -32.598  -7.700  45.995 0.0000000000
89833  -47.046  -8.114  35.374 0.0000000000
88904  -45.779  -8.206  34.778 0.0000000000
94300  -41.851  -1.990  34.334 0.0000000000
94313  -41.808  -2.852  33.494 0.0000000000
95122  -42.220  -1.392  33.031 0.0000000000
95129  -42.272  -1.396  31.998 0.0000000000
95932  -42.534  -0.680  33.418 0.0000000000
98338  -42.235  2.519  44.150 0.0000000000
98344  -41.723  2.473  43.409 0.0000000000
98345  -42.832  2.744  43.533 0.0000000000
98460  -48.079  2.659  35.252 0.0000000000
97587  -48.520  2.048  35.877 0.0000000000
98479  -48.020  2.293  33.858 0.0000000000
98512  -47.448  2.533  32.189 0.0000000000
98495  -47.074  2.708  33.266 0.0000000000
98509  -45.908  3.093  32.475 0.0000000000
98477  -46.788  2.761  34.139 0.0000000000
103086  -43.763  8.198  36.613 0.0000000000
101704  -43.664  7.052  36.222 0.0000000000
102403  -43.250  7.918  35.952 0.0000000000
101691  -41.635  7.024  36.242 0.0000000000
102402  -42.332  8.041  35.703 0.0000000000
88844  -41.500  -8.132  37.607 0.0000000000
88859  -42.010  -7.949  36.804 0.0000000000
89796  -40.989  -7.288  37.745 0.0000000000
93440  -40.415  -3.552  38.646 0.0000000000
92584  -40.598  -4.596  37.856 0.0000000000
93450  -40.731  -3.554  37.724 0.0000000000
93456  -41.162  -3.582  36.721 0.0000000000
94279  -40.854  -2.579  37.899 0.0000000000
99237  -47.180  3.671  45.914 0.0000000000
99250  -46.791  3.369  44.109 0.0000000000
99245  -48.478  3.678  44.516 0.0000000000
100889  -49.832  5.041  42.220 0.0000000000
100103  -49.945  4.660  41.636 0.0000000000
100121  -49.631  4.712  40.089 0.0000000000
100127  -48.722  4.617  38.560 0.0000000000
100922  -48.466  5.331  38.958 0.0000000000
100931  -48.261  5.234  37.970 0.0000000000
100912  -47.842  5.563  39.511 0.0000000000
100884  -45.270  5.565  40.728 0.0000000000
100899  -46.098  5.744  39.958 0.0000000000
100897  -44.558  6.112  39.808 0.0000000000
101672  -44.458  7.445  38.181 0.0000000000
101652  -44.040  6.343  39.715 0.0000000000
92679  -42.514  -4.319  27.017 0.0000000000
94254  -35.243  -1.889  44.801 0.0000000000
95060  -36.381  -0.808  44.493 0.0000000000
95056  -36.685  -0.863  45.776 0.0000000000
95042  -39.476  -1.181  48.505 0.0000000000
95862  -38.852  -0.510  46.829 0.0000000000
95857  -39.865  -0.509  47.522 0.0000000000
95864  -40.599  0.263  46.695 0.0000000000
95854  -41.551  -0.123  48.023 0.0000000000
98308  -41.341  1.605  49.173 0.0000000000
96639  -43.293  0.723  48.732 0.0000000000
97492  -44.382  1.836  48.456 0.0000000000
98331  -45.298  2.599  47.759 0.0000000000
99204  -44.726  3.438  48.552 0.0000000000
89823  -49.738  -6.838  36.396 0.0000000000
89809  -49.421  -7.708  38.060 0.0000000000
88823  -48.200  -8.244  40.790 0.0000000000
88829  -47.028  -8.844  40.494 0.0000000000
87859  -47.320  -9.238  38.880 0.0000000000
87840  -45.770  -9.372  39.781 0.0000000000
87856  -44.352  -9.728  38.613 0.0000000000
87839  -44.720  -9.524  39.699 0.0000000000
87807  -41.337  -9.469  42.327 0.0000000000
87815  -40.855  -9.727  41.200 0.0000000000
87813  -38.880  -9.215  41.642 0.0000000000
85914  -41.729  -11.262  50.274 0.0000000000
87753  -40.810  -9.651  48.170 0.0000000000
87770  -41.113  -9.315  47.639 0.0000000000
88727  -41.842  -8.675  47.382 0.0000000000
88744  -40.809  -8.491  46.265 0.0000000000
88759  -41.111  -8.011  45.214 0.0000000000
88758  -39.713  -8.488  45.382 0.0000000000
92535  -34.702  -4.376  43.521 0.0000000000
91606  -33.874  -5.314  44.282 0.0000000000
92666  -47.734  -4.769  29.587 0.0000000000
90758  -42.611  -6.600  34.321 0.0000000000
90771  -43.470  -6.924  33.368 0.0000000000
90770  -42.688  -6.115  33.335 0.0000000000
92647  -42.953  -3.678  30.435 0.0000000000
92634  -43.938  -4.755  30.766 0.0000000000
92663  -44.571  -3.646  29.353 0.0000000000
92664  -45.588  -3.708  29.390 0.0000000000
93511  -44.930  -3.268  28.642 0.0000000000
93530  -45.521  -3.685  27.136 0.0000000000
93519  -44.421  -2.737  28.200 0.0000000000
95966  -43.108  -0.523  28.274 0.0000000000
95165  -43.785  -1.458  27.184 0.0000000000
96796  -43.178  -0.229  26.905 0.0000000000
95978  -42.671  -0.511  26.411 0.0000000000
96787  -42.704  0.520  27.413 0.0000000000
95877  -37.926  -0.151  42.551 0.0000000000
95882  -38.810  -0.811  41.352 0.0000000000
96676  -39.362  0.112  41.230 0.0000000000
97527  -42.319  1.758  40.294 0.0000000000
97538  -41.367  0.590  39.682 0.0000000000
96688  -42.683  0.703  38.755 0.0000000000
95897  -42.356  -0.320  37.492 0.0000000000
96706  -43.473  0.225  37.033 0.0000000000
98381  -46.514  2.564  41.020 0.0000000000
98380  -45.522  2.466  40.827 0.0000000000
97543  -46.749  2.241  39.622 0.0000000000
97585  -47.076  1.150  35.389 0.0000000000
96717  -46.509  0.941  36.281 0.0000000000
96736  -45.899  0.901  35.051 0.0000000000
96724  -44.655  0.456  35.427 0.0000000000
96746  -45.089  0.792  34.089 0.0000000000
96761  -44.010  0.842  32.557 0.0000000000
97620  -45.504  1.456  32.420 0.0000000000
98539  -44.558  3.238  29.701 0.0000000000
97650  -44.263  2.703  29.596 0.0000000000
98538  -43.469  2.810  28.980 0.0000000000
98552  -42.291  2.192  27.597 0.0000000000
99386  -41.956  2.854  28.145 0.0000000000
97647  -41.255  1.930  28.964 0.0000000000
98537  -41.492  2.569  28.812 0.0000000000
99347  -42.314  3.532  31.460 0.0000000000
99358  -41.869  3.674  30.621 0.0000000000
100939  -46.611  5.418  36.580 0.0000000000
99314  -45.532  4.038  36.078 0.0000000000
100139  -45.274  4.860  36.341 0.0000000000
99311  -42.898  3.529  36.460 0.0000000000
99320  -43.524  3.143  35.852 0.0000000000
98439  -42.105  2.672  35.891 0.0000000000
97594  -40.803  2.087  34.369 0.0000000000
98438  -41.309  2.359  35.914 0.0000000000
98452  -39.197  2.076  34.956 0.0000000000
98437  -40.297  2.134  36.189 0.0000000000
100919  -40.437  5.150  37.833 0.0000000000
99297  -40.211  3.688  37.861 0.0000000000
100125  -40.095  4.501  38.108 0.0000000000
99295  -38.603  3.364  38.673 0.0000000000
89780  -39.663  -7.157  39.489 0.0000000000
90701  -40.344  -6.313  38.549 0.0000000000
91648  -39.743  -5.212  39.550 0.0000000000
92563  -39.818  -4.325  39.647 0.0000000000
94269  -40.069  -2.576  39.807 0.0000000000
99240  -49.625  4.327  44.431 0.0000000000
100852  -49.327  5.541  45.453 0.0000000000
100865  -49.135  5.592  43.578 0.0000000000
100887  -48.525  5.545  41.688 0.0000000000
100886  -47.452  5.480  41.419 0.0000000000
100872  -47.786  5.531  42.548 0.0000000000
100871  -46.537  5.468  42.366 0.0000000000
91788  -43.519  -5.344  26.552 0.0000000000
94234  -36.186  -2.056  47.976 0.0000000000
95045  -36.727  -1.722  47.630 0.0000000000
94224  -37.064  -2.319  48.718 0.0000000000
88809  -45.537  -8.522  41.961 0.0000000000
87818  -44.351  -8.988  41.509 0.0000000000
88807  -43.962  -8.728  42.297 0.0000000000
88793  -42.360  -8.538  43.222 0.0000000000
88780  -41.181  -8.638  43.669 0.0000000000
85932  -39.857  -11.350  49.277 0.0000000000
86878  -37.971  -9.950  47.612 0.0000000000
89718  -34.456  -7.759  45.062 0.0000000000
90651  -33.718  -6.140  44.625 0.0000000000
89717  -33.404  -7.299  45.437 0.0000000000
89715  -31.862  -6.670  45.949 0.0000000000
92607  -41.955  -4.949  34.364 0.0000000000
91711  -42.429  -5.272  33.113 0.0000000000
93481  -41.957  -3.508  33.057 0.0000000000
93488  -42.277  -3.383  31.955 0.0000000000
93501  -42.997  -3.090  29.865 0.0000000000
94340  -43.466  -2.226  28.723 0.0000000000
94328  -42.604  -2.269  30.365 0.0000000000
95953  -42.518  -0.461  30.222 0.0000000000
96772  -42.712  0.346  29.591 0.0000000000
97507  -40.302  1.635  44.079 0.0000000000
97516  -39.684  1.293  42.391 0.0000000000
98343  -41.137  2.228  42.702 0.0000000000
98361  -41.858  2.206  41.312 0.0000000000
97528  -43.527  1.953  39.965 0.0000000000
98412  -48.121  2.708  38.848 0.0000000000
97557  -47.440  2.349  39.106 0.0000000000
97573  -48.003  1.619  36.714 0.0000000000
97586  -47.919  1.519  35.528 0.0000000000
97611  -47.195  1.472  33.220 0.0000000000
97621  -46.597  1.637  32.201 0.0000000000
97622  -47.499  1.962  32.205 0.0000000000
98531  -46.433  3.104  30.844 0.0000000000
99372  -44.873  3.825  30.275 0.0000000000
99370  -42.804  3.775  29.758 0.0000000000
99361  -45.171  3.629  30.961 0.0000000000
98508  -44.974  3.140  32.370 0.0000000000
98492  -44.473  2.725  33.136 0.0000000000
101695  -45.323  6.506  36.508 0.0000000000
100937  -44.838  5.818  36.368 0.0000000000
101694  -44.268  6.832  36.348 0.0000000000
100935  -42.815  5.820  36.560 0.0000000000
100928  -42.368  5.313  36.911 0.0000000000
99303  -41.640  3.748  37.147 0.0000000000
100927  -41.835  5.813  36.900 0.0000000000
101682  -41.257  6.403  36.822 0.0000000000
101681  -40.663  6.875  36.764 0.0000000000
87884  -43.830  -9.195  36.796 0.0000000000
88891  -44.154  -8.525  35.376 0.0000000000
88875  -43.397  -8.681  36.256 0.0000000000
89820  -42.295  -7.242  35.796 0.0000000000
90746  -41.782  -5.919  35.816 0.0000000000
90725  -40.747  -5.908  37.693 0.0000000000
91671  -41.141  -5.415  36.743 0.0000000000
92599  -41.577  -4.743  35.669 0.0000000000
93464  -41.450  -3.701  35.668 0.0000000000
94299  -41.701  -2.410  35.136 0.0000000000
95108  -41.932  -1.691  35.299 0.0000000000
98341  -44.729  3.098  45.536 0.0000000000
98354  -44.945  3.069  42.886 0.0000000000
98348  -46.076  3.325  43.978 0.0000000000
98356  -47.444  3.050  42.637 0.0000000000
98367  -47.845  2.965  41.802 0.0000000000
99253  -49.325  3.730  43.312 0.0000000000
99267  -49.191  3.641  41.449 0.0000000000
98400  -48.486  3.305  39.630 0.0000000000
98413  -48.546  3.245  38.549 0.0000000000
99305  -48.539  3.602  37.072 0.0000000000
99316  -48.138  3.466  36.134 0.0000000000
99324  -46.847  3.450  35.369 0.0000000000
100142  -47.781  4.318  36.475 0.0000000000
100940  -47.395  5.226  36.788 0.0000000000
100929  -46.868  6.027  37.041 0.0000000000
100911  -46.777  5.937  39.028 0.0000000000
101674  -46.460  6.493  38.215 0.0000000000
101684  -46.121  6.760  37.278 0.0000000000
102384  -44.973  7.569  37.063 0.0000000000
102374  -44.078  7.949  37.767 0.0000000000
103075  -43.202  8.612  37.562 0.0000000000
94260  -36.622  -2.460  42.696 0.0000000000
94261  -37.279  -2.607  42.156 0.0000000000
95063  -36.615  -1.251  43.298 0.0000000000
95876  -37.431  -0.259  43.330 0.0000000000
96663  -38.172  0.425  44.235 0.0000000000
95052  -37.643  -0.916  46.781 0.0000000000
95868  -38.777  0.220  45.576 0.0000000000
96658  -39.380  0.635  45.218 0.0000000000
96666  -40.344  1.151  45.191 0.0000000000
97504  -41.783  1.479  45.838 0.0000000000
97505  -42.533  1.902  45.908 0.0000000000
96636  -40.880  -0.141  49.489 0.0000000000
96644  -42.170  0.066  48.538 0.0000000000
96650  -43.136  0.892  47.777 0.0000000000
98328  -43.548  2.123  46.449 0.0000000000
98335  -44.778  2.718  46.470 0.0000000000
99230  -45.859  3.151  47.402 0.0000000000
99222  -47.531  3.966  47.698 0.0000000000
89834  -47.895  -7.854  35.745 0.0000000000
88878  -46.451  -9.101  36.558 0.0000000000
89776  -49.375  -7.425  40.660 0.0000000000
88848  -49.500  -7.607  39.221 0.0000000000
88864  -48.711  -8.356  37.939 0.0000000000
88862  -47.013  -9.275  37.339 0.0000000000
87886  -45.547  -9.390  37.004 0.0000000000
87871  -44.039  -9.552  37.596 0.0000000000
87855  -43.279  -9.617  38.363 0.0000000000
87836  -41.399  -9.299  39.079 0.0000000000
87826  -42.863  -9.558  40.482 0.0000000000
87825  -41.665  -9.675  40.217 0.0000000000
88818  -40.186  -8.424  39.344 0.0000000000
89774  -39.127  -7.249  40.063 0.0000000000
87732  -43.554  -9.267  50.064 0.0000000000
86848  -41.356  -10.361  49.406 0.0000000000
87742  -42.683  -9.164  49.255 0.0000000000
88705  -43.526  -8.562  49.151 0.0000000000
88715  -43.814  -7.951  48.304 0.0000000000
89695  -43.324  -7.465  46.660 0.0000000000
89723  -43.800  -7.240  45.427 0.0000000000
89721  -42.074  -7.605  44.957 0.0000000000
88770  -40.971  -8.211  44.267 0.0000000000
88778  -38.864  -9.232  43.383 0.0000000000
92542  -36.396  -4.369  42.419 0.0000000000
93419  -35.555  -3.933  42.972 0.0000000000
94256  -34.959  -2.618  44.111 0.0000000000
94253  -34.477  -2.415  44.817 0.0000000000
94242  -34.130  -2.084  47.049 0.0000000000
91771  -48.697  -5.399  29.567 0.0000000000
91770  -47.689  -5.360  29.143 0.0000000000
91783  -46.939  -5.257  28.647 0.0000000000
89844  -44.514  -7.825  34.024 0.0000000000
89856  -44.999  -7.311  33.255 0.0000000000
91723  -42.867  -5.335  32.142 0.0000000000
91738  -44.239  -5.281  31.308 0.0000000000
91756  -45.825  -4.692  30.826 0.0000000000
92650  -46.222  -4.223  30.217 0.0000000000
92665  -46.636  -4.055  29.143 0.0000000000
91782  -46.131  -5.173  27.943 0.0000000000
92682  -45.696  -4.345  27.173 0.0000000000
92692  -44.944  -4.215  26.396 0.0000000000
93540  -43.903  -3.169  26.238 0.0000000000
94346  -44.172  -2.232  27.633 0.0000000000
94362  -44.078  -2.356  26.539 0.0000000000
93539  -43.240  -3.216  26.336 0.0000000000
94353  -42.868  -2.388  26.360 0.0000000000
95155  -42.052  -1.367  27.016 0.0000000000
95148  -41.659  -1.484  27.802 0.0000000000
95070  -38.317  -2.024  41.454 0.0000000000
95072  -39.502  -1.738  40.583 0.0000000000
95075  -40.399  -1.798  39.498 0.0000000000
96677  -40.032  0.489  40.772 0.0000000000
96686  -40.703  -0.480  39.592 0.0000000000
95077  -40.751  -1.746  38.767 0.0000000000
95086  -41.283  -1.704  37.593 0.0000000000
95094  -42.133  -1.123  36.098 0.0000000000
95909  -42.632  -0.624  35.721 0.0000000000
98364  -44.722  2.692  41.765 0.0000000000
98379  -44.520  2.427  40.864 0.0000000000
97541  -44.476  1.695  39.325 0.0000000000
97556  -46.725  1.902  38.718 0.0000000000
96700  -45.647  1.155  37.837 0.0000000000
96698  -43.727  0.698  38.125 0.0000000000
96714  -43.860  0.224  36.073 0.0000000000
95917  -43.241  -0.223  35.114 0.0000000000
95925  -43.144  -0.209  34.345 0.0000000000
96753  -43.366  0.236  32.922 0.0000000000
97639  -42.843  0.897  30.024 0.0000000000
97631  -45.731  2.020  31.289 0.0000000000
97649  -43.420  2.097  29.294 0.0000000000
97656  -42.731  1.430  28.281 0.0000000000
97662  -42.542  1.684  27.543 0.0000000000
96778  -41.590  0.859  27.611 0.0000000000
99369  -41.665  3.288  29.538 0.0000000000
98476  -45.962  2.902  34.285 0.0000000000
98475  -45.012  2.746  34.109 0.0000000000
98474  -44.037  2.561  34.073 0.0000000000
99312  -43.921  3.959  36.328 0.0000000000
98456  -43.698  2.737  35.041 0.0000000000
98473  -42.964  2.454  34.081 0.0000000000
98471  -40.615  2.272  33.832 0.0000000000
98486  -37.411  2.818  33.437 0.0000000000
99302  -40.720  3.269  37.372 0.0000000000
98423  -38.950  2.181  37.244 0.0000000000
103083  -42.201  9.161  37.687 0.0000000000
103773  -42.248  9.357  36.598 0.0000000000
103778  -41.021  9.250  35.610 0.0000000000
103093  -40.283  8.246  35.708 0.0000000000
102390  -39.637  7.870  36.430 0.0000000000
92549  -38.391  -4.545  41.102 0.0000000000
90830  -45.704  -5.970  28.404 0.0000000000
89739  -45.880  -7.090  44.838 0.0000000000
89749  -44.231  -7.694  43.955 0.0000000000
87762  -33.814  -9.699  46.983 0.0000000000
88893  -46.275  -8.483  35.497 0.0000000000
88892  -45.165  -8.636  35.410 0.0000000000
94307  -41.879  -2.110  33.608 0.0000000000
98339  -42.805  2.450  44.827 0.0000000000
98346  -43.855  3.095  43.861 0.0000000000
98478  -47.534  2.629  34.286 0.0000000000
98496  -47.597  2.523  33.108 0.0000000000
99333  -47.163  2.961  34.860 0.0000000000
103096  -43.389  8.275  36.288 0.0000000000
102393  -43.591  8.037  36.184 0.0000000000
103105  -43.187  8.250  35.982 0.0000000000
103104  -42.820  8.454  35.893 0.0000000000
88843  -40.893  -7.940  38.195 0.0000000000
89795  -40.575  -7.180  38.326 0.0000000000
93449  -40.482  -4.061  38.184 0.0000000000
93441  -40.622  -3.062  38.200 0.0000000000
99238  -48.251  3.856  45.474 0.0000000000
100903  -49.749  5.134  41.294 0.0000000000
100914  -49.574  5.173  40.372 0.0000000000
100120  -49.222  4.870  39.517 0.0000000000
100913  -48.830  5.428  39.954 0.0000000000
100869  -44.347  5.566  41.479 0.0000000000
100883  -44.447  5.836  40.345 0.0000000000
90836  -42.970  -6.042  26.751 0.0000000000
91786  -42.177  -5.317  27.257 0.0000000000
92680  -43.019  -4.129  26.511 0.0000000000
94250  -35.149  -1.759  45.789 0.0000000000
95055  -35.873  -1.435  45.760 0.0000000000
95048  -39.444  -0.887  47.906 0.0000000000
95852  -39.962  -0.803  48.210 0.0000000000
95853  -40.729  -0.542  48.227 0.0000000000
99202  -43.090  2.381  48.899 0.0000000000
98311  -44.465  2.383  48.620 0.0000000000
89811  -50.562  -6.585  37.952 0.0000000000
89810  -50.082  -7.018  37.530 0.0000000000
89799  -50.383  -6.806  38.294 0.0000000000
87841  -46.833  -9.193  39.874 0.0000000000
87828  -45.128  -9.132  40.817 0.0000000000
87806  -40.262  -9.622  42.194 0.0000000000
87805  -39.261  -9.447  42.260 0.0000000000
88792  -38.338  -9.123  42.090 0.0000000000
85913  -41.024  -11.861  50.192 0.0000000000
87769  -40.284  -9.470  47.501 0.0000000000
88725  -39.917  -9.242  47.024 0.0000000000
88726  -40.604  -9.102  46.976 0.0000000000
90660  -34.763  -6.062  43.630 0.0000000000
91612  -34.428  -5.313  43.768 0.0000000000
90652  -34.356  -6.345  44.116 0.0000000000
92636  -46.735  -4.567  30.699 0.0000000000
91701  -42.221  -5.511  34.071 0.0000000000
92648  -43.687  -3.918  29.984 0.0000000000
92662  -43.974  -3.483  29.317 0.0000000000
93520  -44.943  -2.976  27.909 0.0000000000
93510  -44.011  -3.005  28.778 0.0000000000
96780  -43.172  -0.200  27.938 0.0000000000
96788  -43.175  -0.122  27.548 0.0000000000
96669  -38.266  0.467  43.272 0.0000000000
96672  -38.449  0.140  42.048 0.0000000000
96673  -38.981  0.764  42.307 0.0000000000
97539  -41.967  0.974  39.484 0.0000000000
96689  -43.340  0.950  38.676 0.0000000000
98382  -47.417  2.732  40.962 0.0000000000
98398  -47.021  2.457  40.251 0.0000000000
97544  -47.257  2.432  39.710 0.0000000000
97597  -46.455  1.172  34.417 0.0000000000
96726  -46.202  0.897  35.500 0.0000000000
97596  -45.681  1.081  33.968 0.0000000000
96735  -45.426  0.773  34.725 0.0000000000
97609  -45.170  1.118  33.399 0.0000000000
99381  -44.600  3.675  29.836 0.0000000000
99388  -43.046  3.101  28.593 0.0000000000
99387  -42.492  2.881  28.303 0.0000000000
99379  -42.628  3.339  28.923 0.0000000000
99378  -41.893  3.084  28.605 0.0000000000
98506  -42.848  3.066  32.159 0.0000000000
98505  -41.846  3.087  32.208 0.0000000000
99304  -42.296  3.959  36.959 0.0000000000
99309  -41.220  2.853  36.717 0.0000000000
100925  -40.404  6.343  37.385 0.0000000000
90689  -39.390  -6.260  39.775 0.0000000000
91637  -39.164  -5.375  40.137 0.0000000000
93426  -38.841  -3.666  40.864 0.0000000000
92554  -39.521  -4.502  40.017 0.0000000000
93427  -39.487  -3.600  40.246 0.0000000000
93431  -40.002  -3.521  39.594 0.0000000000
93428  -39.816  -3.069  40.005 0.0000000000
100846  -49.258  5.672  46.285 0.0000000000
101623  -49.161  5.912  46.042 0.0000000000
100857  -48.546  5.776  44.478 0.0000000000
100873  -48.843  5.597  42.684 0.0000000000
100855  -46.035  5.983  44.779 0.0000000000
100870  -45.352  5.472  41.988 0.0000000000
90838  -44.274  -5.775  27.473 0.0000000000
89757  -45.749  -8.051  42.858 0.0000000000
88808  -44.793  -8.643  42.040 0.0000000000
88796  -44.336  -8.334  42.810 0.0000000000
88783  -43.165  -8.145  43.537 0.0000000000
88782  -42.549  -8.180  43.532 0.0000000000
87800  -41.637  -8.977  43.160 0.0000000000
88781  -41.914  -8.249  43.537 0.0000000000
88739  -35.400  -9.002  45.728 0.0000000000
88752  -34.211  -8.159  45.506 0.0000000000
89704  -31.675  -7.273  46.218 0.0000000000
92614  -41.654  -4.002  34.300 0.0000000000
92615  -41.935  -4.469  33.772 0.0000000000
93480  -41.703  -3.501  33.915 0.0000000000
94314  -42.023  -2.429  32.659 0.0000000000
93496  -42.589  -3.203  30.863 0.0000000000
95135  -42.365  -1.384  30.860 0.0000000000
97513  -40.768  2.006  43.557 0.0000000000
98352  -42.674  2.712  42.348 0.0000000000
98351  -41.641  2.370  42.008 0.0000000000
98362  -42.576  2.367  41.149 0.0000000000
98378  -43.633  2.291  40.665 0.0000000000
98425  -48.370  2.665  38.064 0.0000000000
97567  -48.435  2.455  37.615 0.0000000000
97574  -48.540  2.250  37.010 0.0000000000
97599  -48.309  1.909  34.629 0.0000000000
97598  -47.612  1.483  34.370 0.0000000000
99364  -47.182  3.054  31.601 0.0000000000
98522  -47.064  2.918  31.228 0.0000000000
99374  -46.493  3.236  30.989 0.0000000000
99373  -45.665  3.345  30.658 0.0000000000
99362  -46.028  3.385  31.208 0.0000000000
98507  -43.940  3.083  32.224 0.0000000000
102395  -45.037  7.225  36.596 0.0000000000
101703  -43.207  7.221  36.097 0.0000000000
101693  -43.423  6.620  36.279 0.0000000000
100132  -42.694  4.726  36.860 0.0000000000
100131  -42.061  4.737  37.143 0.0000000000
100934  -42.223  6.384  36.458 0.0000000000
101690  -40.901  7.334  36.264 0.0000000000
87883  -43.363  -9.005  36.780 0.0000000000
88860  -42.664  -8.612  36.841 0.0000000000
88873  -42.171  -7.716  36.459 0.0000000000
89819  -41.966  -7.321  36.365 0.0000000000
90737  -41.994  -6.834  36.007 0.0000000000
90736  -41.592  -6.352  36.336 0.0000000000
90714  -40.746  -6.461  37.893 0.0000000000
91661  -40.527  -5.523  38.124 0.0000000000
92585  -40.921  -4.507  37.142 0.0000000000
91670  -40.786  -5.372  37.465 0.0000000000
91680  -41.549  -5.414  36.055 0.0000000000
94293  -41.470  -2.605  36.210 0.0000000000
95100  -41.834  -1.769  35.824 0.0000000000
99242  -45.552  3.337  45.281 0.0000000000
98347  -45.153  3.355  44.264 0.0000000000
99249  -46.010  3.384  44.538 0.0000000000
99251  -47.802  3.450  43.924 0.0000000000
99256  -47.285  3.243  43.369 0.0000000000
98357  -48.226  3.201  42.481 0.0000000000
100088  -49.916  4.702  44.183 0.0000000000
99247  -49.775  4.210  43.737 0.0000000000
99268  -49.698  4.152  41.059 0.0000000000
99260  -49.753  4.126  42.006 0.0000000000
98383  -48.338  3.223  40.867 0.0000000000
99290  -49.150  3.983  39.280 0.0000000000
99298  -48.670  3.798  38.087 0.0000000000
100143  -48.269  4.171  36.847 0.0000000000
100133  -48.077  4.926  37.120 0.0000000000
100921  -47.522  5.841  38.394 0.0000000000
100930  -47.563  5.648  37.488 0.0000000000
101685  -46.970  6.232  37.747 0.0000000000
100900  -47.138  5.600  40.252 0.0000000000
100909  -45.434  6.417  39.107 0.0000000000
100910  -45.935  6.218  39.189 0.0000000000
101673  -45.393  7.108  37.846 0.0000000000
101683  -45.553  7.231  37.248 0.0000000000
101661  -43.668  7.218  38.877 0.0000000000
101671  -43.930  7.721  38.240 0.0000000000
102382  -43.683  8.322  37.489 0.0000000000
102373  -43.386  8.071  38.175 0.0000000000
92673  -42.013  -4.438  27.620 0.0000000000
93518  -41.800  -3.476  27.960 0.0000000000
94258  -36.074  -2.274  43.292 0.0000000000
95875  -36.942  -0.387  44.175 0.0000000000
96668  -37.854  0.233  43.885 0.0000000000
95872  -37.747  0.075  44.679 0.0000000000
95051  -36.627  -1.365  46.833 0.0000000000
95869  -39.516  0.410  45.752 0.0000000000
96659  -40.046  0.686  45.613 0.0000000000
96648  -41.561  0.372  47.247 0.0000000000
96661  -41.418  1.021  46.320 0.0000000000
97498  -42.325  1.460  46.390 0.0000000000
97476  -41.649  0.756  49.447 0.0000000000
96637  -41.887  -0.066  49.243 0.0000000000
96638  -42.749  0.370  48.975 0.0000000000
97495  -43.751  1.171  47.951 0.0000000000
96651  -43.485  0.910  48.014 0.0000000000
97500  -43.837  1.555  47.406 0.0000000000
97499  -43.064  1.516  46.856 0.0000000000
98329  -43.957  2.070  46.807 0.0000000000
98330  -44.543  2.101  47.473 0.0000000000
98325  -45.455  2.774  48.287 0.0000000000
99220  -45.807  2.878  47.909 0.0000000000
99231  -46.832  3.585  47.024 0.0000000000
99221  -46.396  3.349  48.021 0.0000000000
89836  -49.709  -6.557  35.809 0.0000000000
89822  -48.949  -7.690  36.837 0.0000000000
89821  -48.174  -8.179  36.568 0.0000000000
88894  -47.067  -8.505  35.911 0.0000000000
88879  -47.552  -8.682  36.680 0.0000000000
89775  -48.842  -7.869  40.631 0.0000000000
89782  -49.179  -7.737  40.100 0.0000000000
89783  -49.694  -7.349  39.742 0.0000000000
88832  -49.266  -7.793  39.568 0.0000000000
88847  -49.205  -7.995  38.872 0.0000000000
88846  -48.260  -8.847  39.024 0.0000000000
87858  -46.396  -9.418  38.869 0.0000000000
87874  -46.952  -9.396  38.126 0.0000000000
87873  -46.118  -9.513  37.750 0.0000000000
87885  -44.715  -9.374  36.884 0.0000000000
87872  -45.024  -9.573  37.759 0.0000000000
87838  -43.627  -9.674  39.517 0.0000000000
87854  -42.180  -9.069  38.049 0.0000000000
87827  -43.997  -9.325  40.628 0.0000000000
87816  -42.062  -9.488  41.452 0.0000000000
87824  -40.360  -9.248  39.934 0.0000000000
88817  -39.556  -8.261  39.842 0.0000000000
88816  -38.893  -8.072  40.357 0.0000000000
89710  -44.595  -7.068  46.830 0.0000000000
85916  -43.334  -10.629  50.931 0.0000000000
86836  -43.862  -9.841  50.693 0.0000000000
87733  -44.443  -9.336  50.661 0.0000000000
86846  -39.857  -10.902  49.050 0.0000000000
86847  -40.306  -10.751  49.146 0.0000000000
86865  -40.500  -10.164  48.712 0.0000000000
87754  -41.799  -9.257  48.372 0.0000000000
87741  -41.828  -9.639  49.091 0.0000000000
87755  -42.480  -8.877  48.586 0.0000000000
87743  -43.366  -8.911  49.563 0.0000000000
88704  -42.877  -8.757  48.822 0.0000000000
88714  -42.835  -8.495  48.247 0.0000000000
88728  -43.016  -7.830  47.301 0.0000000000
88746  -42.852  -7.600  46.544 0.0000000000
89709  -43.904  -7.226  46.308 0.0000000000
89708  -42.997  -7.339  45.997 0.0000000000
89722  -42.926  -7.434  45.176 0.0000000000
88760  -41.928  -7.737  45.489 0.0000000000
88769  -39.932  -8.613  44.451 0.0000000000
90669  -35.729  -6.182  42.800 0.0000000000
90670  -36.287  -6.634  42.454 0.0000000000
91620  -36.109  -5.411  42.505 0.0000000000
91621  -36.657  -5.069  42.193 0.0000000000
92541  -35.805  -4.499  42.782 0.0000000000
92529  -34.125  -4.359  44.070 0.0000000000
93415  -34.523  -3.397  44.005 0.0000000000
90641  -33.232  -6.164  45.068 0.0000000000
91605  -33.338  -5.285  44.817 0.0000000000
94248  -33.341  -2.544  45.991 0.0000000000
91772  -49.256  -5.791  29.728 0.0000000000
88902  -43.926  -8.140  34.653 0.0000000000
88903  -44.860  -8.238  34.691 0.0000000000
90772  -44.284  -7.159  33.043 0.0000000000
90782  -42.744  -5.774  32.767 0.0000000000
92635  -44.578  -4.961  30.867 0.0000000000
91739  -45.128  -5.289  31.207 0.0000000000
93512  -45.746  -3.409  28.537 0.0000000000
93513  -46.189  -3.762  28.294 0.0000000000
92674  -46.488  -4.444  28.313 0.0000000000
92683  -46.092  -4.418  27.635 0.0000000000
91791  -45.900  -4.717  27.463 0.0000000000
93531  -45.891  -4.058  27.397 0.0000000000
93529  -45.049  -3.028  27.265 0.0000000000
93542  -45.221  -3.777  26.629 0.0000000000
93541  -44.748  -3.225  26.549 0.0000000000
92691  -44.309  -3.965  26.116 0.0000000000
95150  -43.526  -1.784  28.348 0.0000000000
94341  -43.867  -2.227  28.221 0.0000000000
95980  -43.460  -0.946  26.758 0.0000000000
95172  -43.804  -1.588  26.733 0.0000000000
94361  -43.381  -2.378  26.300 0.0000000000
95164  -43.019  -1.854  26.238 0.0000000000
95163  -42.650  -1.360  26.399 0.0000000000
94263  -37.939  -2.696  41.645 0.0000000000
95883  -39.351  -0.934  40.855 0.0000000000
95071  -38.891  -1.710  41.084 0.0000000000
95074  -39.994  -1.797  40.090 0.0000000000
95885  -39.864  -0.993  40.344 0.0000000000
97521  -40.179  1.088  41.258 0.0000000000
97525  -40.386  0.650  40.587 0.0000000000
96687  -41.413  0.023  39.165 0.0000000000
96681  -41.041  0.394  39.820 0.0000000000
95888  -40.762  -0.959  39.220 0.0000000000
95078  -41.158  -1.398  38.190 0.0000000000
96705  -42.675  -0.099  37.330 0.0000000000
95903  -42.451  -0.497  36.769 0.0000000000
97530  -45.049  2.284  40.365 0.0000000000
97529  -44.478  2.158  40.118 0.0000000000
97565  -46.806  1.438  37.496 0.0000000000
96716  -45.609  0.705  36.345 0.0000000000
96708  -45.897  1.024  37.209 0.0000000000
96699  -45.011  0.976  37.924 0.0000000000
96707  -44.746  0.658  37.169 0.0000000000
96734  -44.580  0.485  34.628 0.0000000000
96723  -43.901  0.185  35.274 0.0000000000
96733  -43.843  0.175  34.476 0.0000000000
95933  -42.999  -0.183  33.638 0.0000000000
96760  -43.496  0.705  32.018 0.0000000000
97629  -43.590  1.131  31.410 0.0000000000
97640  -43.397  1.369  30.519 0.0000000000
97661  -41.963  1.693  27.427 0.0000000000
95964  -41.455  0.307  27.985 0.0000000000
96777  -41.179  0.815  28.321 0.0000000000
99357  -40.669  3.184  30.662 0.0000000000
100147  -47.001  3.954  35.868 0.0000000000
99322  -45.138  3.458  35.605 0.0000000000
98458  -45.398  3.004  34.932 0.0000000000
100138  -44.375  4.939  36.402 0.0000000000
98472  -41.699  2.335  34.071 0.0000000000
98487  -38.699  3.038  32.987 0.0000000000
98469  -38.258  2.634  34.078 0.0000000000
98451  -38.014  2.338  35.102 0.0000000000
98435  -37.878  2.011  36.132 0.0000000000
99301  -39.875  2.885  37.601 0.0000000000
98411  -38.571  2.478  37.989 0.0000000000
103763  -41.197  9.828  36.770 0.0000000000
103779  -41.482  9.342  35.844 0.0000000000
103771  -41.096  9.653  36.031 0.0000000000
103101  -40.106  8.690  35.548 0.0000000000
101622  -48.911  6.160  46.037 0.0000000000
100850  -47.915  6.191  45.346 0.0000000000
100856  -47.436  5.835  44.573 0.0000000000
91780  -44.705  -5.610  27.482 0.0000000000
93396  -35.532  -2.964  49.486 0.0000000000
88785  -44.604  -8.000  43.322 0.0000000000
89748  -43.371  -7.740  43.991 0.0000000000
89736  -42.764  -7.592  44.479 0.0000000000
89706  -33.161  -7.971  45.938 0.0000000000
88736  -32.924  -8.443  46.329 0.0000000000
89846  -46.905  -7.511  34.506 0.0000000000
89845  -45.556  -7.740  34.077 0.0000000000
94306  -41.706  -2.715  34.206 0.0000000000
95940  -42.632  -0.384  32.533 0.0000000000
97509  -41.694  2.110  44.761 0.0000000000
98353  -43.780  2.872  42.633 0.0000000000
98440  -48.553  2.816  36.434 0.0000000000
97623  -47.797  2.173  32.600 0.0000000000
98497  -47.866  2.285  32.877 0.0000000000
98511  -47.239  2.801  32.459 0.0000000000
99352  -47.009  3.172  31.954 0.0000000000
99351  -46.342  3.299  31.879 0.0000000000
98510  -46.696  3.006  32.523 0.0000000000
98494  -46.335  2.803  33.292 0.0000000000
102404  -43.687  7.409  36.239 0.0000000000
101702  -42.509  7.426  35.922 0.0000000000
101701  -41.977  7.589  35.807 0.0000000000
102401  -41.469  7.936  35.701 0.0000000000
88845  -42.162  -8.546  37.328 0.0000000000
90715  -40.978  -6.798  37.476 0.0000000000
92577  -40.356  -4.586  38.479 0.0000000000
94287  -41.149  -2.594  37.141 0.0000000000
99244  -47.513  3.561  44.844 0.0000000000
99252  -48.637  3.532  43.662 0.0000000000
100875  -50.003  5.077  43.058 0.0000000000
100094  -50.024  4.636  42.539 0.0000000000
100113  -49.883  4.702  40.737 0.0000000000
99280  -49.595  4.265  40.195 0.0000000000
99291  -49.454  4.464  39.756 0.0000000000
100898  -45.148  6.065  39.671 0.0000000000
101662  -44.830  6.689  38.925 0.0000000000
95062  -36.014  -1.528  43.884 0.0000000000
95059  -35.835  -1.355  44.749 0.0000000000
95041  -38.434  -1.686  48.577 0.0000000000
95047  -38.631  -1.066  47.636 0.0000000000
95856  -39.208  -0.757  47.506 0.0000000000
95858  -40.899  -0.063  47.286 0.0000000000
95859  -41.569  0.119  47.594 0.0000000000
98294  -42.524  1.278  49.414 0.0000000000
98295  -42.966  1.129  49.395 0.0000000000
97491  -43.809  1.370  48.613 0.0000000000
97496  -44.291  1.623  48.111 0.0000000000
98324  -44.762  2.182  48.170 0.0000000000
90727  -50.355  -6.514  36.728 0.0000000000
88822  -47.377  -8.501  40.890 0.0000000000
88830  -47.700  -8.706  40.074 0.0000000000
87842  -47.540  -9.041  39.484 0.0000000000
87814  -39.554  -9.366  41.119 0.0000000000
88805  -39.213  -8.687  40.551 0.0000000000
88804  -38.558  -8.534  41.128 0.0000000000
87752  -39.865  -9.900  48.026 0.0000000000
90662  -35.731  -6.985  42.989 0.0000000000
90661  -35.257  -6.473  43.318 0.0000000000
92536  -35.269  -4.489  43.104 0.0000000000
91613  -34.968  -5.358  43.338 0.0000000000
92667  -48.580  -4.761  29.899 0.0000000000
92651  -47.181  -4.398  30.122 0.0000000000
89842  -42.976  -7.291  34.458 0.0000000000
89843  -43.574  -7.578  34.175 0.0000000000
90759  -43.130  -7.122  34.071 0.0000000000
90783  -43.278  -6.178  32.558 0.0000000000
92633  -42.868  -4.311  31.187 0.0000000000
93521  -45.651  -3.387  27.814 0.0000000000
94347  -44.598  -2.572  27.329 0.0000000000
95156  -43.278  -0.950  28.097 0.0000000000
95157  -43.580  -1.391  27.870 0.0000000000
95967  -43.322  -0.616  27.786 0.0000000000
95973  -43.465  -0.737  27.290 0.0000000000
95170  -42.894  -0.909  26.291 0.0000000000
95979  -43.053  -0.597  26.432 0.0000000000
96795  -42.717  -0.023  26.694 0.0000000000
96794  -42.484  -0.067  26.588 0.0000000000
95879  -37.640  -0.718  42.430 0.0000000000
95880  -38.192  -0.667  41.882 0.0000000000
96675  -38.677  -0.288  41.594 0.0000000000
97526  -41.089  0.937  40.288 0.0000000000
96696  -41.713  -0.361  38.390 0.0000000000
96697  -42.458  0.056  38.003 0.0000000000
98397  -46.302  2.336  40.283 0.0000000000
96709  -46.658  1.144  36.838 0.0000000000
96725  -45.436  0.655  35.556 0.0000000000
96745  -44.481  0.566  33.817 0.0000000000
96754  -44.147  0.637  33.205 0.0000000000
97608  -44.620  0.872  33.319 0.0000000000
97619  -44.629  1.139  32.807 0.0000000000
98530  -45.590  3.123  30.409 0.0000000000
97642  -45.480  2.633  30.553 0.0000000000
98529  -44.987  2.834  30.022 0.0000000000
97663  -42.664  2.092  27.768 0.0000000000
98547  -42.728  2.481  28.149 0.0000000000
98546  -42.357  2.540  27.898 0.0000000000
99348  -43.473  3.591  31.446 0.0000000000
99346  -40.904  3.265  31.772 0.0000000000
100140  -46.250  4.473  36.188 0.0000000000
99313  -44.793  4.057  36.253 0.0000000000
98454  -41.562  2.174  35.020 0.0000000000
97584  -41.354  2.183  34.495 0.0000000000
98453  -40.517  1.973  34.822 0.0000000000
98424  -39.814  2.319  36.977 0.0000000000
100926  -40.863  5.737  37.393 0.0000000000
100126  -40.667  4.525  37.741 0.0000000000
100124  -39.379  4.534  38.528 0.0000000000
89781  -40.127  -7.111  38.911 0.0000000000
90700  -39.904  -6.236  39.183 0.0000000000
92564  -40.085  -4.426  39.144 0.0000000000
94271  -40.414  -2.642  39.168 0.0000000000
99233  -48.807  4.252  45.842 0.0000000000
100081  -49.469  5.062  45.933 0.0000000000
100085  -49.656  4.767  45.070 0.0000000000
100867  -49.942  5.115  43.858 0.0000000000
100858  -49.387  5.524  44.390 0.0000000000
100866  -49.682  5.334  43.536 0.0000000000
100874  -49.568  5.358  42.834 0.0000000000
100888  -49.351  5.363  41.944 0.0000000000
100901  -48.199  5.502  40.620 0.0000000000
100861  -44.387  5.621  42.685 0.0000000000
91797  -43.357  -4.685  26.378 0.0000000000
94243  -35.259  -1.791  46.984 0.0000000000
94244  -36.156  -1.705  47.224 0.0000000000
95040  -37.599  -1.944  48.449 0.0000000000
88810  -46.316  -8.402  41.841 0.0000000000
88820  -45.820  -8.752  41.272 0.0000000000
87819  -44.890  -8.886  41.463 0.0000000000
88806  -43.347  -8.736  42.541 0.0000000000
88795  -43.601  -8.416  42.969 0.0000000000
87808  -42.340  -9.006  42.623 0.0000000000
87799  -40.785  -9.344  43.106 0.0000000000
85059  -40.419  -11.891  49.788 0.0000000000
85931  -39.042  -11.852  49.239 0.0000000000
85950  -39.227  -11.289  48.994 0.0000000000
86863  -38.064  -10.570  48.229 0.0000000000
87751  -38.838  -10.046  47.804 0.0000000000
89731  -34.098  -6.977  44.750 0.0000000000
89730  -33.628  -6.638  44.981 0.0000000000
90640  -32.631  -6.225  45.454 0.0000000000
89716  -32.337  -6.907  45.761 0.0000000000
90639  -31.984  -6.179  45.781 0.0000000000
91700  -41.973  -5.266  34.702 0.0000000000
93509  -43.429  -2.735  29.224 0.0000000000
94334  -42.983  -2.188  29.392 0.0000000000
95142  -42.658  -1.361  29.748 0.0000000000
95959  -42.777  -0.491  29.101 0.0000000000
97512  -40.005  1.592  43.403 0.0000000000
97517  -40.663  1.783  42.344 0.0000000000
97518  -41.198  2.004  41.966 0.0000000000
97566  -47.885  2.128  37.936 0.0000000000
97632  -46.723  2.252  31.436 0.0000000000
97633  -47.140  2.498  31.548 0.0000000000
98521  -46.609  2.779  30.982 0.0000000000
99382  -45.152  3.522  30.181 0.0000000000
99371  -43.919  4.011  29.977 0.0000000000
99360  -44.197  3.846  30.756 0.0000000000
99350  -45.515  3.416  31.712 0.0000000000
99349  -44.545  3.532  31.553 0.0000000000
98491  -43.402  2.723  33.084 0.0000000000
100936  -43.880  5.847  36.391 0.0000000000
88876  -44.440  -8.994  36.113 0.0000000000
88890  -43.182  -8.039  35.300 0.0000000000
88874  -42.518  -7.915  36.175 0.0000000000
88889  -42.646  -7.629  35.606 0.0000000000
89831  -42.636  -7.315  35.081 0.0000000000
90747  -42.088  -6.453  35.448 0.0000000000
90726  -40.994  -6.228  37.224 0.0000000000
91688  -41.837  -5.461  35.349 0.0000000000
92606  -41.726  -4.522  34.831 0.0000000000
95109  -42.100  -1.415  34.756 0.0000000000
98355  -46.314  3.237  43.085 0.0000000000
98366  -46.910  2.785  41.913 0.0000000000
99239  -49.142  4.124  45.040 0.0000000000
99246  -49.262  3.855  44.136 0.0000000000
99258  -48.711  3.433  42.919 0.0000000000
99254  -49.830  4.122  42.910 0.0000000000
99259  -49.231  3.613  42.430 0.0000000000
98358  -48.703  3.367  42.442 0.0000000000
98368  -48.608  3.295  41.917 0.0000000000
99326  -48.016  3.134  35.602 0.0000000000
99325  -47.610  3.284  35.514 0.0000000000
99315  -47.781  3.756  36.055 0.0000000000
100148  -47.480  3.976  36.069 0.0000000000
100141  -47.113  4.591  36.327 0.0000000000
101696  -46.143  6.309  36.666 0.0000000000
102396  -45.698  6.896  36.735 0.0000000000
102385  -45.533  7.218  36.952 0.0000000000
102375  -44.637  7.670  37.554 0.0000000000
102383  -44.130  8.086  37.095 0.0000000000
103085  -43.404  8.586  36.925 0.0000000000
93421  -36.810  -3.465  42.315 0.0000000000
95066  -37.072  -1.803  42.527 0.0000000000
95064  -37.214  -1.080  42.640 0.0000000000
95866  -37.226  -0.569  45.809 0.0000000000
95053  -38.341  -0.828  47.009 0.0000000000
95867  -37.851  -0.415  46.001 0.0000000000
95873  -38.353  0.389  44.772 0.0000000000
96664  -38.785  0.728  44.479 0.0000000000
96665  -39.795  1.212  44.559 0.0000000000
97508  -40.746  1.638  44.703 0.0000000000
96653  -40.494  0.527  46.275 0.0000000000
96660  -40.873  1.086  45.778 0.0000000000
97503  -41.252  1.586  45.298 0.0000000000
97510  -42.180  2.004  45.362 0.0000000000
98333  -43.271  2.290  45.911 0.0000000000
95847  -41.489  -0.338  48.659 0.0000000000
96649  -42.197  0.429  47.745 0.0000000000
96645  -42.885  0.474  48.360 0.0000000000
96656  -42.585  0.953  47.357 0.0000000000
98334  -44.025  2.520  46.050 0.0000000000
99235  -45.194  3.172  45.913 0.0000000000
98336  -45.250  2.778  47.107 0.0000000000
99236  -45.841  3.346  46.308 0.0000000000
99207  -47.041  4.070  48.316 0.0000000000
89835  -49.052  -6.886  35.591 0.0000000000
88863  -47.816  -9.057  37.834 0.0000000000
87870  -43.099  -9.182  37.296 0.0000000000
87853  -41.232  -8.620  38.384 0.0000000000
87852  -40.794  -8.333  38.554 0.0000000000
87835  -40.689  -8.715  38.966 0.0000000000
88827  -39.977  -7.796  39.259 0.0000000000
90688  -38.767  -6.355  40.319 0.0000000000
91630  -37.851  -5.476  41.256 0.0000000000
92543  -37.051  -4.398  42.048 0.0000000000
89724  -44.909  -6.945  45.807 0.0000000000
87723  -45.174  -9.368  51.205 0.0000000000
88686  -44.982  -8.944  50.711 0.0000000000
88697  -44.563  -8.497  50.090 0.0000000000
85933  -40.872  -11.189  49.689 0.0000000000
85934  -41.413  -10.881  49.796 0.0000000000
86834  -42.210  -10.408  50.053 0.0000000000
86866  -41.262  -9.805  48.751 0.0000000000
86849  -42.146  -9.826  49.556 0.0000000000
87731  -42.706  -9.697  49.935 0.0000000000
88696  -43.745  -8.782  49.725 0.0000000000
89668  -44.827  -7.818  49.637 0.0000000000
88706  -44.265  -7.975  49.200 0.0000000000
88716  -44.341  -7.766  48.739 0.0000000000
89686  -44.140  -7.618  47.811 0.0000000000
88729  -43.724  -7.715  47.643 0.0000000000
89696  -43.900  -7.449  47.167 0.0000000000
89735  -41.994  -7.708  44.149 0.0000000000
89720  -41.508  -7.801  44.577 0.0000000000
88771  -41.465  -8.030  43.940 0.0000000000
88779  -40.284  -9.030  43.757 0.0000000000
88742  -38.118  -8.983  46.024 0.0000000000
88757  -38.457  -8.791  45.351 0.0000000000
88767  -37.491  -8.780  44.506 0.0000000000
93420  -36.007  -3.392  42.848 0.0000000000
93417  -35.705  -2.813  43.321 0.0000000000
93416  -35.236  -3.380  43.392 0.0000000000
92528  -33.536  -4.355  44.603 0.0000000000
94252  -33.803  -2.676  45.209 0.0000000000
94249  -34.317  -2.046  45.943 0.0000000000
94233  -35.037  -2.372  47.933 0.0000000000
94222  -34.683  -2.785  48.579 0.0000000000
94232  -33.853  -2.542  48.029 0.0000000000
94221  -34.118  -2.781  48.544 0.0000000000
93395  -34.929  -3.099  49.142 0.0000000000
90819  -48.041  -6.171  29.396 0.0000000000
90832  -47.308  -5.823  29.084 0.0000000000
90831  -46.583  -6.004  28.801 0.0000000000
89855  -44.152  -7.449  33.532 0.0000000000
91737  -43.506  -5.116  31.439 0.0000000000
90794  -44.925  -5.859  31.752 0.0000000000
91757  -46.318  -4.622  30.812 0.0000000000
91790  -45.494  -4.919  27.268 0.0000000000
92681  -45.250  -4.565  26.829 0.0000000000
91799  -44.479  -4.545  26.257 0.0000000000
91798  -43.969  -4.675  26.213 0.0000000000
92690  -43.607  -3.984  26.178 0.0000000000
94354  -44.286  -2.029  27.005 0.0000000000
94363  -44.501  -2.693  26.613 0.0000000000
93528  -42.729  -3.295  26.708 0.0000000000
94352  -42.408  -2.351  26.825 0.0000000000
94345  -41.939  -2.423  27.496 0.0000000000
94264  -38.646  -2.720  41.107 0.0000000000
95068  -38.390  -1.368  41.538 0.0000000000
94265  -39.176  -2.347  40.746 0.0000000000
94268  -39.629  -2.590  40.324 0.0000000000
97520  -39.512  0.846  41.766 0.0000000000
96680  -40.350  -0.009  40.179 0.0000000000
95886  -40.335  -1.008  39.818 0.0000000000
95085  -40.913  -2.006  38.201 0.0000000000
95896  -41.757  -0.731  37.774 0.0000000000
95902  -41.707  -1.081  37.194 0.0000000000
95101  -42.195  -1.207  35.448 0.0000000000
95916  -42.615  -0.695  34.934 0.0000000000
97553  -43.669  1.039  38.653 0.0000000000
97555  -45.600  1.424  38.434 0.0000000000
97564  -46.012  1.248  37.748 0.0000000000
97554  -44.299  1.198  38.606 0.0000000000
95910  -43.230  -0.146  35.912 0.0000000000
95924  -42.521  -0.692  34.177 0.0000000000
95941  -42.880  -0.234  33.146 0.0000000000
96752  -43.032  0.262  32.363 0.0000000000
97648  -42.850  1.182  29.305 0.0000000000
97641  -44.576  2.217  30.375 0.0000000000
96786  -42.244  0.570  27.014 0.0000000000
95965  -41.655  -0.306  27.485 0.0000000000
99368  -40.973  3.029  29.937 0.0000000000
99332  -46.571  3.079  34.832 0.0000000000
99323  -46.051  3.531  35.400 0.0000000000
99321  -44.304  3.331  35.743 0.0000000000
98489  -41.038  2.665  32.810 0.0000000000
98488  -39.958  2.850  33.056 0.0000000000
98468  -37.126  2.865  34.335 0.0000000000
101634  -43.434  5.914  42.279 0.0000000000
101660  -42.922  7.267  39.252 0.0000000000
102372  -42.652  8.027  38.594 0.0000000000
103074  -42.608  8.655  38.049 0.0000000000
103084  -42.675  9.048  37.198 0.0000000000
103757  -41.787  9.349  37.751 0.0000000000
103765  -42.415  9.296  36.786 0.0000000000
103094  -42.149  9.170  36.041 0.0000000000
103103  -41.894  8.887  35.675 0.0000000000
103102  -40.823  8.581  35.591 0.0000000000
102400  -40.748  7.979  35.730 0.0000000000
102391  -40.332  7.722  36.156 0.0000000000
102381  -39.960  7.395  36.722 0.0000000000
85949  -38.584  -11.319  48.782 0.0000000000
86833  -41.680  -10.722  49.871 0.0000000000
87801  -42.063  -8.685  43.165 0.0000000000
87809  -42.966  -8.846  42.510 0.0000000000
88794  -42.910  -8.560  43.031 0.0000000000
88819  -45.241  -8.785  41.503 0.0000000000
88861  -43.123  -8.896  36.785 0.0000000000
89707  -42.396  -7.549  45.569 0.0000000000
89734  -41.475  -7.874  44.246 0.0000000000
89747  -42.680  -7.817  43.911 0.0000000000
89832  -43.133  -7.654  34.734 0.0000000000
90622  -45.143  -7.203  47.794 0.0000000000
90828  -43.937  -6.244  27.822 0.0000000000
91725  -44.530  -5.744  31.701 0.0000000000
92693  -45.388  -4.110  26.767 0.0000000000
93430  -39.720  -3.986  39.884 0.0000000000
94235  -37.043  -1.939  48.136 0.0000000000
95057  -37.339  -0.676  46.137 0.0000000000
95861  -38.181  -0.689  46.685 0.0000000000
96646  -43.442  0.856  48.266 0.0000000000
96654  -41.117  0.566  46.657 0.0000000000
97478  -43.267  0.897  49.216 0.0000000000
97494  -43.455  1.256  47.530 0.0000000000
97523  -41.994  2.084  40.957 0.0000000000
97583  -41.067  2.065  34.598 0.0000000000
97595  -41.104  2.145  34.258 0.0000000000
97654  -41.027  1.395  28.789 0.0000000000
98350  -41.158  2.091  42.252 0.0000000000
98377  -43.001  2.163  40.465 0.0000000000
98513  -47.676  2.376  32.539 0.0000000000
98532  -46.801  3.118  30.977 0.0000000000
98540  -45.033  3.482  29.973 0.0000000000
98545  -41.896  2.497  27.905 0.0000000000
98553  -42.494  2.241  27.722 0.0000000000
98554  -42.659  2.263  27.871 0.0000000000
99334  -47.532  2.863  34.924 0.0000000000
99353  -47.347  2.956  32.016 0.0000000000
99375  -46.922  3.156  31.178 0.0000000000
100084  -49.289  4.553  45.666 0.0000000000
100859  -49.736  5.146  44.587 0.0000000000
100920  -46.965  6.142  38.410 0.0000000000
101653  -44.644  6.308  39.535 0.0000000000
101664  -46.259  6.339  38.740 0.0000000000
103097  -43.736  8.091  36.421 0.0000000000
103772  -41.850  9.387  36.269 0.0000000000
103777  -40.337  9.152  35.480 0.0000000000
