#!ascii label  , from subject sub-1633992 vox2ras=TkReg
825
41200  -12.536  -54.750  69.124 0.0000000000
59664  -38.389  -37.695  69.639 0.0000000000
65000  -44.142  -33.387  64.436 0.0000000000
59819  -50.770  -37.653  56.144 0.0000000000
55632  -34.257  -42.282  68.132 0.0000000000
62855  -47.713  -34.970  61.057 0.0000000000
68038  -50.745  -29.900  54.494 0.0000000000
71199  -54.254  -26.859  52.300 0.0000000000
57567  -42.053  -39.079  69.078 0.0000000000
60662  -44.884  -36.019  67.065 0.0000000000
62785  -41.226  -34.718  67.833 0.0000000000
45342  -12.769  -51.342  72.697 0.0000000000
47541  -15.761  -49.072  72.731 0.0000000000
45345  -20.628  -50.968  73.064 0.0000000000
44293  -25.469  -52.561  71.869 0.0000000000
46467  -30.573  -50.535  71.917 0.0000000000
50467  -34.883  -46.092  71.695 0.0000000000
54655  -37.722  -42.044  71.424 0.0000000000
59733  -47.095  -37.125  63.385 0.0000000000
73296  -55.024  -24.775  51.627 0.0000000000
59651  -40.027  -37.596  70.562 0.0000000000
61670  -41.768  -36.130  69.713 0.0000000000
60652  -39.777  -36.714  68.326 0.0000000000
46455  -12.265  -50.165  71.936 0.0000000000
47539  -13.609  -49.443  72.583 0.0000000000
49452  -30.978  -48.232  71.033 0.0000000000
48480  -33.153  -48.462  71.735 0.0000000000
51491  -32.819  -45.984  71.101 0.0000000000
57564  -36.449  -39.813  69.586 0.0000000000
56560  -36.252  -41.165  71.344 0.0000000000
58625  -37.844  -38.972  71.298 0.0000000000
56575  -39.976  -40.059  70.537 0.0000000000
63895  -45.121  -34.108  66.311 0.0000000000
60681  -45.412  -36.204  65.112 0.0000000000
62815  -47.333  -34.454  64.785 0.0000000000
60754  -49.190  -36.925  59.504 0.0000000000
59783  -49.776  -37.683  60.367 0.0000000000
57741  -50.840  -39.175  57.705 0.0000000000
57809  -51.397  -39.268  55.466 0.0000000000
67050  -53.255  -30.371  53.349 0.0000000000
65112  -51.531  -32.448  54.076 0.0000000000
53698  -32.982  -43.955  68.222 0.0000000000
60795  -47.068  -36.536  56.497 0.0000000000
69096  -52.887  -28.482  53.436 0.0000000000
68106  -54.363  -29.123  51.724 0.0000000000
72272  -55.080  -25.830  49.742 0.0000000000
55657  -43.549  -40.991  66.927 0.0000000000
58661  -43.534  -38.105  68.206 0.0000000000
62773  -43.355  -34.803  68.346 0.0000000000
43218  -12.960  -53.036  71.539 0.0000000000
47596  -17.002  -49.607  71.185 0.0000000000
47559  -18.049  -49.481  72.735 0.0000000000
45394  -19.020  -50.961  70.946 0.0000000000
44325  -21.910  -52.746  70.789 0.0000000000
43252  -24.797  -53.750  70.416 0.0000000000
42196  -27.862  -53.363  70.725 0.0000000000
45364  -28.454  -51.378  71.786 0.0000000000
46508  -33.178  -50.178  70.458 0.0000000000
53667  -34.451  -43.548  70.937 0.0000000000
52512  -36.452  -44.132  71.464 0.0000000000
53684  -37.674  -43.497  69.534 0.0000000000
54678  -39.071  -41.668  69.676 0.0000000000
55637  -40.997  -40.992  68.452 0.0000000000
61756  -49.080  -35.674  62.944 0.0000000000
62955  -50.390  -33.978  53.929 0.0000000000
60822  -52.567  -36.921  54.841 0.0000000000
41180  -12.481  -55.564  71.125 0.0000000000
60623  -38.988  -37.325  70.217 0.0000000000
60624  -39.798  -36.884  70.144 0.0000000000
60639  -39.259  -37.109  69.317 0.0000000000
49485  -31.416  -47.547  69.515 0.0000000000
50483  -32.019  -46.979  70.891 0.0000000000
51517  -32.235  -46.260  69.563 0.0000000000
58659  -37.043  -38.609  69.031 0.0000000000
58638  -36.880  -39.236  70.169 0.0000000000
59648  -37.909  -38.368  70.951 0.0000000000
59637  -38.834  -38.196  71.168 0.0000000000
63896  -45.730  -34.109  65.927 0.0000000000
63923  -45.576  -33.617  65.179 0.0000000000
60781  -49.326  -37.511  57.818 0.0000000000
59800  -50.089  -38.294  58.547 0.0000000000
58817  -51.204  -38.788  57.379 0.0000000000
57766  -50.931  -39.541  56.908 0.0000000000
58830  -52.005  -38.589  56.306 0.0000000000
66121  -53.196  -30.936  52.101 0.0000000000
66120  -52.627  -31.624  52.485 0.0000000000
65167  -51.768  -32.751  50.984 0.0000000000
69130  -52.053  -28.173  51.428 0.0000000000
70122  -53.729  -27.957  53.056 0.0000000000
69097  -53.864  -28.683  53.359 0.0000000000
69116  -54.617  -28.167  52.210 0.0000000000
69132  -54.704  -28.142  51.442 0.0000000000
70141  -55.107  -27.030  51.622 0.0000000000
72261  -55.517  -25.533  50.506 0.0000000000
56598  -42.587  -40.092  68.431 0.0000000000
57578  -43.171  -39.226  68.277 0.0000000000
58651  -42.484  -38.169  69.116 0.0000000000
62759  -41.324  -35.265  69.108 0.0000000000
62761  -42.124  -35.060  69.079 0.0000000000
63867  -42.230  -34.419  68.160 0.0000000000
63879  -42.506  -34.222  67.527 0.0000000000
63891  -41.961  -34.076  66.747 0.0000000000
44277  -13.105  -52.166  71.992 0.0000000000
45343  -13.177  -51.245  72.235 0.0000000000
47540  -14.588  -49.281  72.416 0.0000000000
48465  -20.119  -49.279  72.728 0.0000000000
46447  -19.093  -49.753  73.048 0.0000000000
46479  -19.095  -50.608  72.203 0.0000000000
45376  -19.642  -51.223  72.001 0.0000000000
44323  -20.435  -52.046  70.908 0.0000000000
44308  -21.103  -52.150  72.087 0.0000000000
43237  -25.072  -53.487  71.263 0.0000000000
42182  -26.040  -53.618  70.995 0.0000000000
43223  -26.751  -52.865  71.518 0.0000000000
47582  -29.680  -49.815  71.452 0.0000000000
46484  -28.688  -50.458  71.294 0.0000000000
45365  -29.535  -51.405  71.937 0.0000000000
44297  -29.494  -52.261  71.671 0.0000000000
45367  -31.351  -51.284  71.458 0.0000000000
45386  -32.274  -51.006  70.481 0.0000000000
46469  -32.425  -50.181  71.621 0.0000000000
49440  -34.174  -47.424  71.725 0.0000000000
48495  -34.053  -48.392  71.434 0.0000000000
49456  -35.511  -47.157  70.812 0.0000000000
50476  -35.896  -46.281  71.117 0.0000000000
53683  -33.687  -43.754  69.479 0.0000000000
54676  -34.602  -42.711  69.605 0.0000000000
55588  -37.186  -41.651  71.682 0.0000000000
54641  -36.221  -42.645  71.650 0.0000000000
54654  -37.179  -42.542  71.615 0.0000000000
52543  -37.034  -44.218  70.656 0.0000000000
53669  -37.861  -42.646  70.614 0.0000000000
54667  -38.784  -41.604  70.425 0.0000000000
57565  -40.633  -39.461  70.140 0.0000000000
55622  -40.360  -40.679  69.466 0.0000000000
56597  -41.577  -40.417  68.774 0.0000000000
55638  -42.213  -41.003  68.147 0.0000000000
45341  -11.940  -51.552  72.734 0.0000000000
44275  -12.225  -52.492  72.833 0.0000000000
43209  -12.368  -53.335  72.854 0.0000000000
58681  -44.153  -38.018  66.929 0.0000000000
59698  -44.310  -37.145  66.715 0.0000000000
60696  -46.420  -36.122  64.525 0.0000000000
63970  -46.640  -34.307  61.711 0.0000000000
63939  -47.938  -34.438  63.099 0.0000000000
61770  -48.996  -35.235  62.007 0.0000000000
57688  -49.098  -39.459  59.230 0.0000000000
58760  -48.973  -38.698  60.757 0.0000000000
64067  -52.245  -33.633  53.355 0.0000000000
64065  -50.965  -33.518  54.064 0.0000000000
62939  -52.205  -34.656  53.818 0.0000000000
61867  -51.242  -35.449  54.241 0.0000000000
61869  -52.522  -35.820  53.925 0.0000000000
59859  -52.490  -37.382  53.948 0.0000000000
72247  -53.790  -25.936  51.771 0.0000000000
72234  -54.966  -25.988  51.954 0.0000000000
73311  -53.715  -24.676  51.262 0.0000000000
74332  -53.770  -23.617  50.994 0.0000000000
58640  -40.534  -38.241  70.478 0.0000000000
59653  -41.675  -37.265  69.955 0.0000000000
60625  -40.656  -36.737  70.150 0.0000000000
61668  -40.529  -36.129  69.782 0.0000000000
61708  -40.508  -35.598  67.808 0.0000000000
46443  -12.089  -50.692  72.505 0.0000000000
46444  -12.739  -50.336  72.602 0.0000000000
48472  -14.510  -48.464  72.651 0.0000000000
48477  -30.919  -49.088  71.696 0.0000000000
47566  -32.534  -49.538  71.766 0.0000000000
49437  -31.922  -48.206  71.698 0.0000000000
50464  -32.872  -47.152  71.649 0.0000000000
51478  -33.832  -45.679  71.571 0.0000000000
56595  -35.557  -41.349  68.914 0.0000000000
55608  -35.487  -41.779  70.532 0.0000000000
57563  -36.131  -40.707  69.995 0.0000000000
57536  -36.778  -40.546  71.381 0.0000000000
56553  -38.091  -40.626  71.731 0.0000000000
55599  -38.579  -41.032  71.291 0.0000000000
57539  -38.890  -39.510  71.488 0.0000000000
57552  -40.175  -39.156  70.719 0.0000000000
45373  -11.724  -50.735  71.555 0.0000000000
61697  -44.825  -35.003  67.313 0.0000000000
60672  -45.094  -36.154  66.110 0.0000000000
61734  -45.969  -35.163  66.098 0.0000000000
60683  -46.891  -35.332  65.250 0.0000000000
60697  -47.334  -35.714  64.647 0.0000000000
61792  -48.898  -36.302  60.075 0.0000000000
61781  -49.308  -36.369  60.713 0.0000000000
59791  -49.807  -37.522  59.914 0.0000000000
57690  -49.916  -38.645  59.136 0.0000000000
67033  -52.190  -30.517  54.318 0.0000000000
66094  -51.360  -31.395  54.656 0.0000000000
66107  -52.567  -31.403  53.263 0.0000000000
65122  -52.306  -32.564  52.919 0.0000000000
59684  -37.138  -38.406  68.030 0.0000000000
57583  -36.324  -39.526  67.491 0.0000000000
63951  -44.181  -33.542  62.934 0.0000000000
61790  -46.565  -35.414  59.804 0.0000000000
61804  -47.698  -36.457  58.956 0.0000000000
60765  -48.092  -36.753  58.327 0.0000000000
60797  -49.224  -37.124  56.491 0.0000000000
69080  -51.430  -29.427  54.035 0.0000000000
68058  -53.516  -29.563  53.676 0.0000000000
67068  -53.694  -30.171  52.569 0.0000000000
67112  -53.426  -30.269  50.900 0.0000000000
71211  -55.393  -26.250  51.125 0.0000000000
71229  -54.971  -26.811  50.103 0.0000000000
56620  -43.583  -40.418  66.568 0.0000000000
57585  -44.067  -38.740  67.371 0.0000000000
59677  -43.926  -36.971  68.063 0.0000000000
60641  -42.443  -36.536  69.495 0.0000000000
60653  -43.761  -36.206  68.510 0.0000000000
61695  -44.027  -35.367  68.217 0.0000000000
63881  -44.080  -34.265  67.202 0.0000000000
63893  -43.642  -34.021  66.711 0.0000000000
59687  -39.550  -37.178  67.207 0.0000000000
60660  -40.132  -36.281  67.229 0.0000000000
62813  -40.682  -34.469  65.973 0.0000000000
42180  -12.810  -53.941  70.959 0.0000000000
43233  -12.856  -52.879  70.391 0.0000000000
46540  -18.097  -50.654  69.436 0.0000000000
49447  -14.725  -47.590  71.314 0.0000000000
49423  -15.821  -48.050  72.889 0.0000000000
47542  -16.729  -49.070  72.890 0.0000000000
46499  -18.214  -50.391  71.049 0.0000000000
44340  -22.910  -53.245  69.377 0.0000000000
43277  -24.124  -53.646  69.102 0.0000000000
45380  -25.809  -51.750  71.393 0.0000000000
45382  -27.936  -51.201  71.484 0.0000000000
45363  -27.221  -51.825  71.714 0.0000000000
43224  -27.703  -52.772  71.536 0.0000000000
43242  -29.311  -52.812  70.659 0.0000000000
47585  -33.320  -49.478  71.255 0.0000000000
52540  -32.919  -44.952  69.802 0.0000000000
52525  -33.814  -44.720  71.072 0.0000000000
52509  -34.570  -44.530  71.499 0.0000000000
54653  -35.521  -42.339  71.382 0.0000000000
53631  -35.775  -43.512  71.653 0.0000000000
51480  -35.545  -45.337  71.643 0.0000000000
51506  -36.606  -45.342  70.649 0.0000000000
52558  -36.983  -44.736  69.554 0.0000000000
55635  -39.210  -41.598  67.949 0.0000000000
55610  -39.435  -40.932  70.392 0.0000000000
55621  -39.872  -41.184  69.196 0.0000000000
55654  -40.941  -41.493  67.503 0.0000000000
54701  -42.125  -42.142  67.023 0.0000000000
41174  -12.564  -54.648  72.050 0.0000000000
63937  -46.310  -33.870  63.733 0.0000000000
61748  -48.463  -35.144  64.023 0.0000000000
59735  -48.431  -36.815  63.291 0.0000000000
59775  -49.304  -37.508  61.522 0.0000000000
59756  -48.655  -37.374  62.508 0.0000000000
58713  -47.201  -37.911  62.113 0.0000000000
60817  -48.467  -36.316  55.641 0.0000000000
60798  -50.014  -37.194  55.890 0.0000000000
66093  -50.430  -31.581  55.031 0.0000000000
64063  -49.311  -33.150  54.248 0.0000000000
61886  -49.609  -35.034  54.007 0.0000000000
60839  -50.890  -36.257  54.568 0.0000000000
59830  -51.636  -37.467  55.544 0.0000000000
58862  -52.455  -38.294  55.257 0.0000000000
41199  -12.284  -55.608  69.407 0.0000000000
49501  -31.414  -47.567  68.423 0.0000000000
50502  -31.846  -46.842  68.965 0.0000000000
59673  -37.454  -38.205  68.795 0.0000000000
58649  -37.169  -38.599  69.682 0.0000000000
59663  -37.753  -38.184  70.101 0.0000000000
59649  -38.467  -37.907  70.656 0.0000000000
64981  -44.358  -33.510  65.029 0.0000000000
64982  -44.943  -33.534  65.074 0.0000000000
65001  -44.658  -33.429  64.697 0.0000000000
59808  -50.017  -37.801  57.047 0.0000000000
59809  -50.773  -38.340  57.336 0.0000000000
58829  -51.637  -38.767  56.810 0.0000000000
59820  -51.706  -38.166  56.348 0.0000000000
66144  -53.080  -30.963  51.367 0.0000000000
66143  -52.607  -31.705  51.751 0.0000000000
70138  -53.732  -27.354  52.432 0.0000000000
70123  -54.157  -28.137  53.051 0.0000000000
70139  -54.374  -27.603  52.515 0.0000000000
69117  -54.899  -27.439  51.856 0.0000000000
70140  -54.899  -27.115  52.265 0.0000000000
56587  -42.259  -39.538  68.774 0.0000000000
57577  -42.608  -39.160  68.700 0.0000000000
62771  -41.823  -34.687  68.532 0.0000000000
62786  -41.647  -34.514  68.086 0.0000000000
63878  -41.785  -34.348  67.699 0.0000000000
63890  -41.436  -34.390  67.059 0.0000000000
44276  -12.781  -52.265  72.608 0.0000000000
47546  -20.256  -49.736  72.875 0.0000000000
47545  -19.373  -49.481  73.059 0.0000000000
46448  -19.691  -50.191  73.012 0.0000000000
46461  -19.432  -50.602  72.584 0.0000000000
45355  -19.978  -50.929  72.788 0.0000000000
45356  -20.656  -51.596  72.539 0.0000000000
44292  -24.716  -52.465  71.994 0.0000000000
43221  -24.623  -52.863  71.814 0.0000000000
43222  -25.745  -53.028  71.701 0.0000000000
47564  -30.555  -49.655  71.793 0.0000000000
46466  -29.594  -50.455  71.851 0.0000000000
45366  -30.573  -51.466  71.740 0.0000000000
46486  -31.834  -50.980  71.340 0.0000000000
46468  -31.707  -50.564  71.741 0.0000000000
50474  -34.671  -46.770  71.637 0.0000000000
49455  -34.813  -47.386  71.388 0.0000000000
50475  -35.331  -46.426  71.432 0.0000000000
54686  -33.984  -42.922  68.888 0.0000000000
54687  -34.548  -42.398  68.860 0.0000000000
54643  -37.308  -41.996  71.691 0.0000000000
53650  -37.283  -43.114  71.152 0.0000000000
53651  -37.772  -42.415  71.084 0.0000000000
54666  -38.300  -41.918  70.909 0.0000000000
57566  -41.348  -39.146  69.608 0.0000000000
56585  -40.855  -40.076  69.591 0.0000000000
56586  -41.770  -39.732  69.004 0.0000000000
59688  -44.296  -36.929  67.491 0.0000000000
60713  -46.498  -36.648  63.852 0.0000000000
60712  -45.961  -36.692  63.703 0.0000000000
59732  -46.249  -37.021  63.273 0.0000000000
59754  -46.741  -37.469  62.696 0.0000000000
62843  -47.177  -34.659  61.330 0.0000000000
62844  -47.885  -34.670  61.585 0.0000000000
62856  -48.190  -34.950  61.353 0.0000000000
68022  -49.935  -30.082  54.751 0.0000000000
62956  -52.510  -34.724  53.298 0.0000000000
59652  -40.986  -37.391  70.315 0.0000000000
60640  -39.984  -36.320  69.345 0.0000000000
61679  -40.548  -35.793  69.252 0.0000000000
61693  -40.266  -35.917  68.631 0.0000000000
48471  -13.796  -48.595  72.194 0.0000000000
49469  -30.896  -48.149  70.098 0.0000000000
48507  -30.418  -48.776  70.640 0.0000000000
48492  -30.418  -49.135  71.457 0.0000000000
48493  -31.270  -48.579  71.548 0.0000000000
49453  -31.855  -47.689  71.306 0.0000000000
50484  -32.430  -46.425  70.855 0.0000000000
50472  -32.583  -46.991  71.402 0.0000000000
50473  -33.156  -46.192  71.502 0.0000000000
50465  -33.220  -46.784  71.695 0.0000000000
57575  -35.990  -40.421  68.800 0.0000000000
58624  -37.084  -39.488  71.054 0.0000000000
57537  -37.494  -39.940  71.558 0.0000000000
57525  -37.313  -40.617  71.592 0.0000000000
57538  -38.189  -39.783  71.675 0.0000000000
56562  -38.613  -40.220  71.576 0.0000000000
59638  -39.385  -38.084  70.974 0.0000000000
58627  -39.174  -38.719  71.306 0.0000000000
58628  -39.792  -38.489  70.936 0.0000000000
45353  -11.653  -50.992  72.129 0.0000000000
62788  -44.925  -34.649  67.023 0.0000000000
61722  -45.484  -35.020  66.625 0.0000000000
62800  -45.591  -34.462  66.331 0.0000000000
62814  -46.753  -34.376  65.309 0.0000000000
62801  -46.176  -34.374  65.827 0.0000000000
61736  -47.255  -34.751  65.177 0.0000000000
61747  -47.884  -35.027  64.715 0.0000000000
61793  -49.399  -36.804  60.108 0.0000000000
60755  -49.655  -37.337  59.724 0.0000000000
58816  -50.538  -38.709  58.066 0.0000000000
58802  -50.026  -38.479  58.918 0.0000000000
57716  -50.187  -38.899  58.636 0.0000000000
57715  -49.833  -39.393  58.516 0.0000000000
57740  -50.192  -39.607  57.700 0.0000000000
67034  -52.943  -30.177  53.914 0.0000000000
67049  -52.664  -30.767  53.801 0.0000000000
64081  -52.381  -33.660  52.734 0.0000000000
58669  -36.859  -38.797  67.231 0.0000000000
61803  -46.788  -36.148  59.009 0.0000000000
60778  -46.603  -36.664  57.288 0.0000000000
60779  -47.608  -36.702  57.393 0.0000000000
60780  -48.512  -37.046  57.526 0.0000000000
60796  -48.080  -36.566  56.558 0.0000000000
69113  -52.099  -28.522  52.473 0.0000000000
69112  -51.404  -29.046  52.818 0.0000000000
69094  -51.025  -29.315  53.435 0.0000000000
69095  -51.876  -28.928  53.454 0.0000000000
69081  -52.351  -29.152  54.028 0.0000000000
69082  -53.144  -29.079  53.853 0.0000000000
68083  -54.222  -29.277  52.619 0.0000000000
68059  -54.083  -29.216  53.241 0.0000000000
67069  -54.001  -29.677  52.105 0.0000000000
67093  -53.644  -30.207  51.750 0.0000000000
67094  -53.964  -29.653  51.771 0.0000000000
68128  -54.009  -29.293  50.945 0.0000000000
69145  -54.709  -27.908  50.816 0.0000000000
72249  -55.268  -25.637  51.659 0.0000000000
72235  -55.151  -25.930  52.011 0.0000000000
71210  -55.348  -25.962  51.402 0.0000000000
56608  -43.607  -40.339  67.369 0.0000000000
57584  -43.704  -39.198  67.686 0.0000000000
58662  -44.021  -37.493  67.795 0.0000000000
60626  -41.377  -36.673  70.026 0.0000000000
59665  -42.245  -37.233  69.594 0.0000000000
61671  -42.132  -36.248  69.637 0.0000000000
62762  -42.771  -35.047  68.957 0.0000000000
61683  -43.270  -35.520  68.821 0.0000000000
62774  -44.255  -34.713  67.634 0.0000000000
63869  -43.591  -34.470  67.752 0.0000000000
63892  -42.834  -34.042  66.813 0.0000000000
44287  -13.032  -52.077  71.105 0.0000000000
46445  -13.508  -50.217  72.372 0.0000000000
47595  -16.230  -49.371  70.895 0.0000000000
46497  -16.860  -49.755  70.363 0.0000000000
46518  -17.486  -50.214  69.839 0.0000000000
46498  -17.578  -50.087  70.703 0.0000000000
49448  -15.582  -47.481  71.385 0.0000000000
49432  -14.925  -47.896  72.405 0.0000000000
47543  -17.602  -49.140  72.973 0.0000000000
47558  -17.337  -49.304  72.565 0.0000000000
45375  -19.078  -50.790  71.757 0.0000000000
46478  -18.536  -50.379  71.804 0.0000000000
45410  -18.818  -51.036  69.699 0.0000000000
45411  -19.610  -51.634  69.983 0.0000000000
44324  -20.950  -52.327  71.111 0.0000000000
44338  -21.207  -52.551  69.961 0.0000000000
44339  -22.292  -52.906  69.795 0.0000000000
43236  -23.975  -52.910  71.358 0.0000000000
43250  -23.241  -53.005  71.006 0.0000000000
43251  -24.076  -53.308  70.725 0.0000000000
43263  -23.230  -53.220  70.144 0.0000000000
43264  -24.082  -53.519  69.924 0.0000000000
42203  -24.983  -53.909  69.954 0.0000000000
42183  -26.724  -53.441  70.951 0.0000000000
42194  -26.527  -53.804  70.422 0.0000000000
42206  -27.221  -53.899  69.756 0.0000000000
42207  -27.913  -53.759  69.225 0.0000000000
43267  -27.966  -53.571  69.770 0.0000000000
45383  -28.486  -50.924  71.679 0.0000000000
44295  -27.503  -52.282  71.710 0.0000000000
44296  -28.530  -52.192  71.781 0.0000000000
44298  -30.276  -52.133  71.407 0.0000000000
43226  -29.101  -52.739  71.249 0.0000000000
43243  -29.848  -52.613  70.151 0.0000000000
46507  -32.731  -50.650  70.299 0.0000000000
45402  -32.455  -50.955  70.066 0.0000000000
46528  -33.077  -50.443  69.742 0.0000000000
48479  -32.161  -48.729  71.836 0.0000000000
48494  -33.434  -48.879  71.593 0.0000000000
51531  -32.533  -45.269  68.271 0.0000000000
52556  -32.882  -44.649  68.821 0.0000000000
53666  -34.087  -43.726  70.516 0.0000000000
52541  -33.472  -44.447  70.189 0.0000000000
53648  -34.377  -43.965  71.210 0.0000000000
55598  -35.666  -41.753  71.193 0.0000000000
55597  -35.145  -42.285  70.972 0.0000000000
53632  -36.327  -43.340  71.641 0.0000000000
52511  -35.925  -44.260  71.707 0.0000000000
51481  -36.069  -44.786  71.628 0.0000000000
51494  -36.214  -45.345  71.283 0.0000000000
52559  -37.374  -44.179  69.935 0.0000000000
54689  -38.403  -42.354  68.832 0.0000000000
54690  -39.328  -41.614  68.804 0.0000000000
55600  -39.141  -40.617  70.970 0.0000000000
56596  -40.977  -40.572  69.101 0.0000000000
55636  -40.063  -41.314  68.208 0.0000000000
55674  -41.468  -41.880  67.042 0.0000000000
55655  -41.928  -41.735  67.418 0.0000000000
55639  -42.794  -40.839  67.989 0.0000000000
55656  -43.055  -41.490  67.351 0.0000000000
42167  -12.501  -53.657  72.586 0.0000000000
42174  -12.633  -54.002  72.065 0.0000000000
41181  -12.646  -54.738  71.477 0.0000000000
63952  -45.388  -33.735  62.873 0.0000000000
61763  -48.953  -35.181  62.780 0.0000000000
62827  -47.964  -34.507  63.446 0.0000000000
61755  -48.781  -35.308  63.434 0.0000000000
60699  -48.668  -35.567  63.744 0.0000000000
60716  -48.835  -36.236  63.201 0.0000000000
60738  -49.513  -36.826  61.129 0.0000000000
59774  -48.934  -37.846  61.716 0.0000000000
58737  -48.557  -38.253  61.573 0.0000000000
58714  -47.988  -37.971  62.144 0.0000000000
58736  -47.648  -38.427  61.502 0.0000000000
60818  -49.504  -36.538  55.316 0.0000000000
66079  -50.752  -30.925  55.084 0.0000000000
64064  -50.190  -33.099  54.349 0.0000000000
64080  -50.393  -33.565  54.089 0.0000000000
64078  -49.186  -33.869  53.740 0.0000000000
62953  -49.004  -34.576  53.672 0.0000000000
62936  -50.212  -34.845  54.044 0.0000000000
60840  -51.750  -36.240  54.583 0.0000000000
60820  -51.403  -36.838  55.097 0.0000000000
60821  -52.131  -36.863  55.072 0.0000000000
59831  -52.363  -37.654  55.296 0.0000000000
59832  -52.660  -37.148  54.769 0.0000000000
59650  -39.236  -37.588  70.738 0.0000000000
60651  -39.236  -37.256  68.565 0.0000000000
49470  -31.490  -47.563  70.517 0.0000000000
50492  -31.854  -46.917  69.988 0.0000000000
51504  -32.233  -46.469  70.337 0.0000000000
51505  -32.629  -45.823  70.249 0.0000000000
58648  -36.811  -39.081  69.238 0.0000000000
58639  -37.404  -38.741  70.600 0.0000000000
58626  -38.532  -38.913  71.415 0.0000000000
59636  -38.250  -38.423  71.208 0.0000000000
64950  -44.774  -33.841  66.010 0.0000000000
64965  -45.148  -33.731  65.595 0.0000000000
63912  -46.732  -34.096  64.931 0.0000000000
60767  -49.499  -37.467  58.915 0.0000000000
60768  -49.814  -37.804  59.198 0.0000000000
59799  -49.924  -37.976  58.181 0.0000000000
57742  -51.444  -38.984  57.238 0.0000000000
57767  -51.606  -39.134  56.836 0.0000000000
58844  -52.267  -38.866  55.602 0.0000000000
66108  -53.108  -30.876  52.758 0.0000000000
69114  -52.987  -27.854  52.645 0.0000000000
69115  -54.380  -28.289  52.927 0.0000000000
69133  -54.933  -27.513  51.577 0.0000000000
69146  -54.990  -27.643  50.862 0.0000000000
73297  -55.468  -24.642  51.147 0.0000000000
72250  -55.482  -25.419  51.100 0.0000000000
73312  -55.666  -24.536  50.568 0.0000000000
72284  -54.777  -25.378  49.223 0.0000000000
56607  -43.131  -40.583  67.860 0.0000000000
56599  -43.311  -39.927  67.966 0.0000000000
58660  -42.964  -38.681  68.553 0.0000000000
58652  -43.047  -37.620  68.731 0.0000000000
61681  -41.671  -35.558  69.452 0.0000000000
62760  -41.555  -35.172  69.088 0.0000000000
62772  -42.538  -34.690  68.570 0.0000000000
63868  -42.925  -34.442  68.018 0.0000000000
43210  -12.820  -53.075  72.392 0.0000000000
45354  -13.255  -51.233  71.493 0.0000000000
46460  -18.760  -50.063  72.697 0.0000000000
45395  -19.975  -51.729  71.012 0.0000000000
45377  -20.426  -51.893  71.685 0.0000000000
42181  -25.385  -53.774  70.700 0.0000000000
43238  -26.205  -53.323  71.344 0.0000000000
43239  -27.092  -53.133  71.282 0.0000000000
47581  -29.160  -49.913  71.064 0.0000000000
47600  -28.900  -49.933  70.539 0.0000000000
46485  -29.195  -50.355  71.675 0.0000000000
46465  -28.863  -50.696  71.772 0.0000000000
45384  -30.870  -51.743  71.282 0.0000000000
46487  -32.531  -50.479  71.079 0.0000000000
48481  -33.727  -47.929  71.714 0.0000000000
48496  -34.906  -48.001  71.023 0.0000000000
49472  -36.034  -46.785  70.327 0.0000000000
50485  -36.293  -46.140  70.742 0.0000000000
53713  -33.256  -43.568  67.872 0.0000000000
53682  -33.194  -44.007  68.910 0.0000000000
53699  -33.482  -43.555  68.473 0.0000000000
54675  -34.194  -43.225  69.929 0.0000000000
54664  -34.315  -43.334  70.352 0.0000000000
56550  -36.490  -41.458  71.535 0.0000000000
55586  -36.030  -41.981  71.577 0.0000000000
55587  -36.625  -41.880  71.698 0.0000000000
54642  -36.813  -42.442  71.714 0.0000000000
53633  -36.806  -43.178  71.564 0.0000000000
52527  -36.836  -43.938  71.162 0.0000000000
53668  -37.541  -43.441  70.323 0.0000000000
53685  -37.934  -42.837  69.802 0.0000000000
54677  -38.481  -42.239  70.120 0.0000000000
55611  -40.157  -40.448  70.025 0.0000000000
45340  -11.388  -52.186  72.743 0.0000000000
44274  -11.540  -52.875  72.906 0.0000000000
43208  -11.873  -53.565  73.166 0.0000000000
60695  -45.724  -36.452  64.212 0.0000000000
63953  -46.499  -34.064  62.703 0.0000000000
63954  -47.507  -34.323  62.538 0.0000000000
62836  -48.575  -34.781  62.468 0.0000000000
61764  -49.222  -35.734  62.409 0.0000000000
57661  -49.596  -38.671  59.992 0.0000000000
58761  -49.541  -38.334  60.529 0.0000000000
65113  -52.043  -32.495  53.527 0.0000000000
64066  -51.825  -33.569  53.820 0.0000000000
62938  -51.576  -34.566  54.063 0.0000000000
62937  -50.665  -34.623  54.032 0.0000000000
61868  -52.055  -35.503  54.263 0.0000000000
60842  -52.604  -36.677  54.354 0.0000000000
59847  -52.655  -37.204  54.553 0.0000000000
71208  -53.724  -26.487  51.939 0.0000000000
71209  -54.344  -26.395  52.116 0.0000000000
72248  -54.386  -25.705  51.896 0.0000000000
73295  -54.333  -24.756  51.589 0.0000000000
74317  -54.142  -24.266  51.350 0.0000000000
74318  -54.652  -24.091  51.395 0.0000000000
74319  -55.310  -24.049  51.233 0.0000000000
58650  -41.839  -38.644  69.414 0.0000000000
58641  -41.471  -38.161  69.888 0.0000000000
61669  -41.173  -36.057  69.812 0.0000000000
61680  -41.116  -35.502  69.329 0.0000000000
61694  -40.793  -35.332  68.704 0.0000000000
48458  -14.306  -48.885  72.678 0.0000000000
48459  -15.140  -48.581  72.847 0.0000000000
45361  -25.238  -52.153  71.814 0.0000000000
48506  -29.940  -49.262  71.052 0.0000000000
47565  -31.479  -49.654  71.914 0.0000000000
48478  -31.371  -48.969  71.778 0.0000000000
49438  -32.693  -47.665  71.654 0.0000000000
49454  -32.288  -47.683  71.531 0.0000000000
49439  -33.508  -47.449  71.776 0.0000000000
50466  -34.129  -46.510  71.779 0.0000000000
56594  -35.233  -41.555  68.461 0.0000000000
55619  -35.071  -42.244  69.255 0.0000000000
56584  -35.772  -41.411  70.015 0.0000000000
56573  -35.874  -41.204  70.777 0.0000000000
57551  -36.500  -39.989  70.627 0.0000000000
57550  -36.238  -40.665  71.026 0.0000000000
56561  -36.600  -41.092  71.459 0.0000000000
56551  -36.969  -41.128  71.581 0.0000000000
56552  -37.546  -40.960  71.655 0.0000000000
55589  -37.716  -41.364  71.622 0.0000000000
56563  -39.252  -40.122  71.199 0.0000000000
57540  -39.514  -39.284  71.189 0.0000000000
56564  -39.709  -39.663  70.945 0.0000000000
57553  -40.836  -38.833  70.197 0.0000000000
61709  -44.779  -35.627  67.470 0.0000000000
60663  -45.220  -35.439  66.855 0.0000000000
60673  -45.480  -35.548  66.412 0.0000000000
61723  -45.983  -34.767  66.126 0.0000000000
60682  -46.143  -35.585  65.471 0.0000000000
60714  -47.283  -36.559  63.986 0.0000000000
61779  -47.426  -35.333  60.446 0.0000000000
61780  -48.572  -35.455  60.969 0.0000000000
60745  -49.637  -37.073  60.316 0.0000000000
60756  -49.826  -37.641  59.659 0.0000000000
59792  -49.948  -37.955  59.575 0.0000000000
58762  -49.882  -38.200  60.105 0.0000000000
57689  -49.707  -38.853  59.394 0.0000000000
68039  -51.815  -29.787  54.399 0.0000000000
67032  -51.248  -30.432  54.763 0.0000000000
66095  -52.129  -31.500  53.998 0.0000000000
59674  -38.551  -37.661  68.446 0.0000000000
59685  -37.638  -38.181  67.364 0.0000000000
55651  -34.580  -41.710  67.651 0.0000000000
56606  -35.448  -40.861  67.947 0.0000000000
57582  -35.887  -40.233  67.776 0.0000000000
57576  -36.385  -39.620  68.549 0.0000000000
58658  -36.901  -38.803  68.349 0.0000000000
59672  -37.172  -38.432  68.381 0.0000000000
63934  -43.309  -33.367  63.620 0.0000000000
63935  -43.816  -33.369  63.718 0.0000000000
63968  -44.450  -33.937  61.888 0.0000000000
63987  -46.443  -34.582  60.957 0.0000000000
62854  -46.798  -35.014  60.587 0.0000000000
61791  -47.807  -35.987  59.839 0.0000000000
60753  -48.482  -36.587  59.244 0.0000000000
60766  -48.849  -37.107  58.614 0.0000000000
59818  -50.022  -37.500  56.378 0.0000000000
68040  -52.699  -29.692  54.059 0.0000000000
68082  -53.835  -29.715  53.142 0.0000000000
66160  -52.960  -30.940  50.923 0.0000000000
71200  -54.786  -26.558  52.048 0.0000000000
71202  -55.255  -26.707  51.398 0.0000000000
70154  -55.273  -27.164  51.038 0.0000000000
71218  -55.300  -26.471  50.553 0.0000000000
57591  -44.018  -39.387  66.959 0.0000000000
57592  -44.220  -38.549  67.055 0.0000000000
58672  -44.115  -37.943  67.414 0.0000000000
58642  -41.964  -37.685  69.655 0.0000000000
59666  -42.801  -37.156  69.127 0.0000000000
61682  -42.407  -35.740  69.367 0.0000000000
60642  -43.054  -36.343  69.057 0.0000000000
59676  -43.395  -37.069  68.628 0.0000000000
60654  -44.468  -36.062  67.882 0.0000000000
61696  -44.609  -35.247  67.608 0.0000000000
62775  -44.672  -34.887  67.403 0.0000000000
63882  -44.615  -34.291  66.873 0.0000000000
63880  -43.287  -34.236  67.381 0.0000000000
63894  -44.399  -34.049  66.544 0.0000000000
64980  -43.639  -33.525  64.892 0.0000000000
61707  -40.159  -36.108  68.019 0.0000000000
60661  -40.395  -35.752  67.189 0.0000000000
61721  -40.535  -35.291  66.844 0.0000000000
62799  -40.908  -34.579  66.610 0.0000000000
63908  -40.987  -34.117  65.833 0.0000000000
64999  -43.184  -33.407  64.060 0.0000000000
41189  -12.676  -54.940  70.314 0.0000000000
42191  -12.738  -53.930  69.810 0.0000000000
49431  -14.277  -47.903  71.862 0.0000000000
49422  -15.231  -48.135  72.900 0.0000000000
48460  -16.197  -48.687  73.096 0.0000000000
46477  -17.730  -49.960  71.509 0.0000000000
46459  -17.938  -49.757  72.246 0.0000000000
46519  -18.196  -50.572  70.274 0.0000000000
44337  -20.393  -52.106  70.314 0.0000000000
44309  -21.982  -52.597  71.783 0.0000000000
43262  -22.636  -52.939  70.630 0.0000000000
42193  -25.803  -53.946  70.365 0.0000000000
42205  -26.243  -54.168  69.804 0.0000000000
45362  -26.172  -52.073  71.695 0.0000000000
46483  -27.720  -50.866  70.973 0.0000000000
45381  -26.885  -51.486  71.225 0.0000000000
44294  -26.446  -52.468  71.680 0.0000000000
42185  -27.893  -53.261  71.055 0.0000000000
43225  -28.520  -52.774  71.502 0.0000000000
43241  -28.427  -53.113  71.013 0.0000000000
43254  -28.434  -53.285  70.254 0.0000000000
43255  -29.176  -52.992  69.840 0.0000000000
47584  -32.737  -49.954  71.501 0.0000000000
46488  -33.127  -49.993  70.875 0.0000000000
47586  -33.999  -49.006  71.012 0.0000000000
47603  -33.946  -49.386  70.498 0.0000000000
46529  -33.609  -49.889  70.039 0.0000000000
51530  -32.235  -46.059  68.560 0.0000000000
51518  -32.613  -45.511  69.213 0.0000000000
52557  -33.207  -44.341  69.451 0.0000000000
52524  -33.098  -45.194  70.692 0.0000000000
51479  -34.705  -45.431  71.669 0.0000000000
55607  -35.185  -42.384  70.125 0.0000000000
54665  -34.669  -43.079  70.578 0.0000000000
54652  -35.196  -42.956  71.309 0.0000000000
54640  -35.626  -42.860  71.522 0.0000000000
54639  -35.383  -43.153  71.477 0.0000000000
53630  -35.175  -43.600  71.506 0.0000000000
52510  -35.293  -44.438  71.648 0.0000000000
51493  -35.793  -45.869  71.440 0.0000000000
52526  -36.640  -44.635  71.018 0.0000000000
51507  -36.793  -44.852  70.467 0.0000000000
55609  -38.743  -41.348  70.801 0.0000000000
54702  -42.423  -42.136  67.016 0.0000000000
63936  -45.073  -33.475  64.176 0.0000000000
63924  -46.219  -33.747  64.685 0.0000000000
63925  -47.035  -34.135  64.306 0.0000000000
63938  -47.376  -34.237  63.428 0.0000000000
62820  -47.941  -34.612  63.989 0.0000000000
60698  -48.308  -35.676  64.092 0.0000000000
60715  -48.103  -36.411  63.857 0.0000000000
59734  -47.931  -37.065  63.387 0.0000000000
61771  -49.309  -35.958  61.596 0.0000000000
60731  -49.288  -36.533  62.232 0.0000000000
59757  -49.140  -37.096  62.268 0.0000000000
60730  -49.065  -36.848  62.619 0.0000000000
59755  -47.643  -37.536  62.746 0.0000000000
66078  -50.046  -30.960  55.218 0.0000000000
65099  -49.389  -31.677  55.193 0.0000000000
65111  -50.731  -32.374  54.540 0.0000000000
65110  -49.680  -32.268  54.909 0.0000000000
65098  -48.850  -31.826  55.165 0.0000000000
61865  -49.110  -35.272  54.083 0.0000000000
61847  -49.519  -35.860  54.612 0.0000000000
61866  -50.146  -35.375  54.216 0.0000000000
60838  -50.114  -36.226  54.744 0.0000000000
60819  -50.559  -36.896  55.286 0.0000000000
59829  -51.128  -37.272  55.483 0.0000000000
59821  -52.218  -38.210  56.000 0.0000000000
58845  -52.322  -38.440  55.813 0.0000000000
58861  -52.273  -38.603  54.891 0.0000000000
59846  -52.497  -37.783  54.643 0.0000000000
59845  -52.061  -38.043  54.259 0.0000000000
58860  -51.312  -38.792  54.714 0.0000000000
42173  -12.504  -54.571  72.320 0.0000000000
42184  -27.440  -53.295  71.000 0.0000000000
42192  -25.284  -53.918  70.289 0.0000000000
42195  -27.241  -53.553  70.537 0.0000000000
42215  -26.615  -54.254  69.056 0.0000000000
43240  -27.848  -53.126  71.296 0.0000000000
43253  -27.736  -53.525  70.231 0.0000000000
44288  -21.151  -51.929  72.499 0.0000000000
44311  -29.758  -52.526  71.204 0.0000000000
45344  -20.197  -50.605  73.012 0.0000000000
45396  -20.439  -52.006  71.185 0.0000000000
46449  -20.475  -50.373  73.020 0.0000000000
46509  -33.532  -49.804  70.413 0.0000000000
46527  -32.704  -50.733  69.922 0.0000000000
47563  -30.003  -49.871  71.771 0.0000000000
47567  -33.136  -49.113  71.685 0.0000000000
47583  -30.166  -49.625  71.672 0.0000000000
47602  -33.432  -49.784  70.699 0.0000000000
48464  -19.695  -49.117  72.939 0.0000000000
48476  -19.934  -49.033  72.525 0.0000000000
48491  -30.017  -49.402  71.386 0.0000000000
49457  -35.952  -46.596  70.757 0.0000000000
50471  -32.171  -47.240  71.244 0.0000000000
51492  -33.354  -45.571  71.249 0.0000000000
51520  -37.020  -44.673  70.167 0.0000000000
52513  -36.829  -43.582  71.373 0.0000000000
52542  -36.725  -44.766  70.721 0.0000000000
52573  -32.725  -44.557  67.862 0.0000000000
53629  -34.729  -43.901  71.442 0.0000000000
53649  -34.751  -43.498  71.241 0.0000000000
55620  -35.469  -41.854  69.661 0.0000000000
55633  -34.986  -41.891  68.496 0.0000000000
55634  -35.334  -41.849  69.041 0.0000000000
56574  -39.430  -40.432  70.819 0.0000000000
57524  -37.068  -40.756  71.547 0.0000000000
57526  -37.758  -40.389  71.712 0.0000000000
57535  -36.409  -40.810  71.297 0.0000000000
57660  -49.320  -38.920  60.027 0.0000000000
57768  -51.856  -38.871  56.551 0.0000000000
57793  -52.072  -38.920  56.240 0.0000000000
57810  -51.911  -39.117  55.297 0.0000000000
58671  -43.926  -38.514  67.676 0.0000000000
58712  -46.326  -37.701  62.059 0.0000000000
58783  -49.763  -38.492  59.950 0.0000000000
58784  -49.908  -38.361  59.615 0.0000000000
59635  -38.005  -38.543  71.222 0.0000000000
59784  -50.005  -38.055  59.951 0.0000000000
59810  -51.401  -38.582  56.980 0.0000000000
59860  -52.656  -37.266  54.281 0.0000000000
60627  -41.950  -36.654  69.815 0.0000000000
60717  -49.173  -36.032  62.730 0.0000000000
60841  -52.348  -36.365  54.487 0.0000000000
61710  -44.999  -35.260  67.181 0.0000000000
61735  -46.620  -34.924  65.616 0.0000000000
61746  -47.276  -35.149  65.155 0.0000000000
61778  -46.933  -35.265  60.304 0.0000000000
61870  -52.669  -36.378  54.026 0.0000000000
61885  -49.390  -34.898  53.845 0.0000000000
61888  -52.620  -36.219  53.814 0.0000000000
62770  -41.315  -35.054  68.845 0.0000000000
62787  -44.482  -34.461  67.187 0.0000000000
62821  -48.482  -34.908  63.723 0.0000000000
62828  -48.420  -34.720  63.240 0.0000000000
62835  -48.068  -34.519  62.157 0.0000000000
62845  -48.440  -34.871  61.764 0.0000000000
62935  -48.439  -34.837  53.818 0.0000000000
62954  -49.831  -34.541  53.924 0.0000000000
63866  -41.875  -34.466  68.175 0.0000000000
63877  -41.497  -34.448  67.556 0.0000000000
63910  -45.525  -33.882  65.732 0.0000000000
63911  -46.164  -33.925  65.431 0.0000000000
63955  -48.152  -34.527  62.718 0.0000000000
63971  -47.501  -34.432  61.859 0.0000000000
64079  -49.899  -33.670  53.973 0.0000000000
64951  -45.186  -33.901  65.906 0.0000000000
65015  -42.591  -33.486  63.715 0.0000000000
66092  -49.770  -31.511  55.182 0.0000000000
67013  -50.402  -30.379  55.000 0.0000000000
67111  -52.800  -30.809  50.593 0.0000000000
68105  -53.887  -29.704  51.429 0.0000000000
68129  -54.470  -28.619  51.132 0.0000000000
69098  -54.344  -28.746  52.959 0.0000000000
71201  -55.190  -26.449  51.629 0.0000000000
72260  -53.903  -25.177  51.604 0.0000000000
