#!ascii label  , from subject sub-1633992 vox2ras=TkReg
1144
44284  -3.725  -51.066  72.343 0.0000000000
53833  -26.164  -41.200  59.718 0.0000000000
63992  -26.939  -33.477  60.385 0.0000000000
55698  -20.138  -39.352  64.835 0.0000000000
69128  -36.018  -28.317  52.131 0.0000000000
70093  -31.223  -26.300  55.015 0.0000000000
53726  -26.393  -42.155  66.268 0.0000000000
53798  -23.438  -41.364  62.367 0.0000000000
69093  -41.128  -26.425  55.483 0.0000000000
73291  -43.585  -23.387  52.229 0.0000000000
76369  -45.667  -20.740  49.713 0.0000000000
67930  -30.091  -29.403  63.873 0.0000000000
69032  -27.937  -28.633  58.628 0.0000000000
70029  -32.885  -25.777  61.280 0.0000000000
73227  -36.646  -24.243  59.263 0.0000000000
55678  -12.154  -41.048  64.335 0.0000000000
42149  -1.483  -52.177  76.213 0.0000000000
58772  -26.609  -37.893  60.439 0.0000000000
62817  -30.038  -34.275  65.101 0.0000000000
55731  -15.532  -40.225  61.045 0.0000000000
56726  -20.445  -39.763  57.525 0.0000000000
77392  -41.857  -20.241  45.380 0.0000000000
81338  -46.463  -16.891  47.017 0.0000000000
67019  -34.753  -28.829  53.676 0.0000000000
66962  -38.828  -28.233  57.053 0.0000000000
46531  -5.629  -49.480  68.602 0.0000000000
41161  2.722  -55.297  72.823 0.0000000000
72205  -42.366  -24.355  54.285 0.0000000000
68983  -31.270  -27.459  62.299 0.0000000000
52664  -11.094  -43.437  63.443 0.0000000000
44264  -2.814  -51.810  74.369 0.0000000000
57727  -26.584  -39.332  57.117 0.0000000000
56698  -26.390  -39.625  59.974 0.0000000000
57610  -17.849  -38.318  62.901 0.0000000000
57648  -17.714  -38.856  59.557 0.0000000000
56670  -20.451  -39.146  61.883 0.0000000000
52741  -24.695  -41.971  61.129 0.0000000000
53859  -23.491  -41.676  58.133 0.0000000000
52800  -24.773  -41.810  58.314 0.0000000000
55666  -18.621  -39.421  66.916 0.0000000000
56633  -15.993  -39.131  65.116 0.0000000000
75361  -39.656  -22.448  49.389 0.0000000000
76399  -41.417  -20.867  46.286 0.0000000000
78413  -46.230  -18.881  47.284 0.0000000000
70080  -29.325  -27.505  56.511 0.0000000000
69074  -33.349  -27.841  53.797 0.0000000000
69005  -38.216  -26.617  58.029 0.0000000000
50520  -9.169  -45.050  66.480 0.0000000000
49492  -8.167  -46.523  68.546 0.0000000000
48513  -7.432  -47.897  70.002 0.0000000000
47664  -6.532  -49.000  66.328 0.0000000000
41177  1.488  -55.064  71.745 0.0000000000
53767  -26.206  -42.007  63.593 0.0000000000
55713  -26.356  -40.249  63.907 0.0000000000
56616  -26.556  -40.121  66.658 0.0000000000
53724  -22.527  -41.645  67.027 0.0000000000
54754  -22.602  -40.707  63.880 0.0000000000
52642  -24.061  -42.558  65.396 0.0000000000
51607  -25.030  -43.329  64.378 0.0000000000
69111  -38.332  -27.620  53.585 0.0000000000
72225  -39.059  -24.423  53.835 0.0000000000
73303  -41.253  -22.948  51.548 0.0000000000
74343  -42.158  -22.433  50.557 0.0000000000
75379  -42.765  -21.257  49.673 0.0000000000
74346  -44.112  -21.971  50.975 0.0000000000
66005  -28.122  -31.301  62.104 0.0000000000
66017  -26.670  -31.166  59.605 0.0000000000
68992  -29.265  -28.544  61.306 0.0000000000
70040  -30.332  -27.445  59.586 0.0000000000
71127  -32.267  -25.304  58.034 0.0000000000
72169  -33.759  -25.238  56.969 0.0000000000
72133  -34.720  -24.449  60.306 0.0000000000
54704  -10.864  -41.853  66.498 0.0000000000
51578  -10.176  -44.334  64.672 0.0000000000
84158  -43.423  -13.556  45.198 0.0000000000
43177  0.429  -52.401  76.446 0.0000000000
59804  -26.510  -38.027  57.261 0.0000000000
60740  -27.128  -35.958  60.881 0.0000000000
57623  -27.316  -37.725  62.902 0.0000000000
60725  -28.169  -36.006  63.173 0.0000000000
63959  -28.115  -33.503  62.530 0.0000000000
65982  -29.278  -31.362  64.804 0.0000000000
55757  -22.222  -40.184  59.725 0.0000000000
55643  -14.622  -39.280  67.279 0.0000000000
55719  -13.832  -40.740  62.588 0.0000000000
77369  -43.394  -19.949  47.933 0.0000000000
79404  -43.157  -18.259  46.637 0.0000000000
82325  -43.252  -15.426  46.719 0.0000000000
83226  -45.905  -14.641  47.803 0.0000000000
44345  -2.404  -51.967  68.616 0.0000000000
44315  -1.642  -52.211  71.002 0.0000000000
66116  -35.273  -29.734  52.188 0.0000000000
70072  -35.854  -26.958  56.555 0.0000000000
66987  -36.786  -28.857  55.428 0.0000000000
67023  -37.601  -29.252  54.520 0.0000000000
68017  -40.095  -28.209  55.539 0.0000000000
45389  -4.829  -50.225  70.627 0.0000000000
43213  0.039  -53.241  72.594 0.0000000000
42153  1.056  -53.243  73.995 0.0000000000
42143  2.332  -53.054  74.159 0.0000000000
44271  -3.617  -51.221  73.445 0.0000000000
53850  -25.943  -41.287  58.792 0.0000000000
55772  -26.325  -40.612  58.498 0.0000000000
54789  -26.283  -40.655  60.416 0.0000000000
56636  -19.361  -38.909  64.398 0.0000000000
57620  -19.064  -38.509  62.043 0.0000000000
56649  -20.660  -39.457  63.168 0.0000000000
52743  -25.546  -41.629  60.886 0.0000000000
52787  -24.630  -41.916  58.860 0.0000000000
53849  -25.536  -41.609  59.147 0.0000000000
53875  -25.133  -41.392  56.851 0.0000000000
54706  -20.525  -40.507  67.242 0.0000000000
54694  -20.186  -40.728  68.257 0.0000000000
55684  -20.184  -39.909  66.176 0.0000000000
56635  -18.382  -38.810  64.730 0.0000000000
76398  -40.895  -21.440  46.825 0.0000000000
61798  -26.016  -35.030  58.573 0.0000000000
64009  -25.904  -33.352  58.955 0.0000000000
70092  -30.405  -26.715  54.954 0.0000000000
70104  -30.608  -27.092  53.680 0.0000000000
70094  -32.717  -26.852  54.428 0.0000000000
49523  -8.185  -46.596  66.134 0.0000000000
50507  -8.509  -45.774  67.783 0.0000000000
49507  -7.566  -47.322  66.946 0.0000000000
48539  -7.203  -48.013  67.803 0.0000000000
48567  -6.887  -48.611  65.616 0.0000000000
53739  -26.392  -41.973  65.570 0.0000000000
55686  -26.473  -40.637  65.326 0.0000000000
55649  -26.481  -40.851  67.127 0.0000000000
52585  -23.277  -42.229  67.965 0.0000000000
53738  -23.159  -41.895  66.254 0.0000000000
52620  -24.099  -42.477  66.324 0.0000000000
52588  -26.168  -42.447  67.520 0.0000000000
51571  -25.396  -43.328  65.789 0.0000000000
52622  -26.106  -42.967  65.409 0.0000000000
52672  -25.990  -42.447  64.023 0.0000000000
69091  -39.675  -27.602  54.520 0.0000000000
71177  -38.828  -25.946  54.117 0.0000000000
71178  -39.796  -25.785  54.599 0.0000000000
72229  -43.007  -23.786  53.495 0.0000000000
72242  -41.985  -23.466  52.715 0.0000000000
72255  -42.428  -23.350  52.127 0.0000000000
73315  -41.690  -22.831  51.131 0.0000000000
73317  -42.752  -22.739  51.180 0.0000000000
74345  -43.288  -22.181  50.802 0.0000000000
73307  -44.039  -22.844  51.708 0.0000000000
66943  -28.786  -30.169  62.971 0.0000000000
67954  -28.603  -29.515  61.862 0.0000000000
68981  -29.798  -28.703  62.465 0.0000000000
70011  -32.958  -26.264  62.167 0.0000000000
70027  -31.158  -27.090  61.286 0.0000000000
70028  -32.090  -26.440  60.975 0.0000000000
71111  -31.648  -25.983  58.789 0.0000000000
71094  -32.686  -25.624  60.350 0.0000000000
71113  -33.215  -25.022  59.867 0.0000000000
71095  -33.674  -25.170  60.851 0.0000000000
56612  -12.749  -39.654  66.248 0.0000000000
56602  -12.131  -39.523  67.251 0.0000000000
55660  -12.077  -40.576  65.468 0.0000000000
52639  -10.605  -43.762  64.406 0.0000000000
85077  -44.898  -12.442  46.605 0.0000000000
85081  -45.227  -11.846  45.475 0.0000000000
42140  -0.412  -52.517  76.029 0.0000000000
57702  -26.563  -39.083  58.403 0.0000000000
57728  -26.706  -39.139  57.432 0.0000000000
58792  -26.555  -38.275  59.132 0.0000000000
59787  -26.133  -36.760  59.119 0.0000000000
59788  -26.494  -37.129  60.008 0.0000000000
57602  -26.692  -38.847  65.012 0.0000000000
57622  -26.922  -38.497  63.122 0.0000000000
58692  -27.838  -37.217  64.941 0.0000000000
60693  -29.703  -35.322  65.024 0.0000000000
59726  -28.801  -35.877  64.178 0.0000000000
61758  -29.092  -35.111  64.054 0.0000000000
61767  -28.349  -35.100  63.391 0.0000000000
62831  -29.050  -34.385  63.867 0.0000000000
65006  -28.680  -32.482  63.749 0.0000000000
63929  -29.532  -33.562  64.862 0.0000000000
57700  -19.303  -39.225  58.238 0.0000000000
54768  -23.091  -41.039  62.926 0.0000000000
55733  -21.985  -40.257  61.755 0.0000000000
54787  -22.749  -40.963  60.499 0.0000000000
55784  -22.565  -41.078  57.334 0.0000000000
55644  -15.565  -39.442  67.688 0.0000000000
56645  -15.796  -39.052  63.906 0.0000000000
56644  -15.219  -39.368  64.531 0.0000000000
55720  -14.596  -40.252  62.356 0.0000000000
55729  -14.170  -41.130  61.798 0.0000000000
75400  -44.229  -20.599  49.158 0.0000000000
76384  -43.168  -20.273  48.424 0.0000000000
76385  -43.939  -20.272  48.617 0.0000000000
79408  -46.459  -18.186  46.988 0.0000000000
78411  -44.683  -18.809  47.021 0.0000000000
80355  -45.310  -17.444  46.826 0.0000000000
80353  -43.341  -17.335  46.563 0.0000000000
81336  -44.858  -16.496  47.143 0.0000000000
83225  -45.295  -14.886  47.664 0.0000000000
82320  -46.480  -15.567  47.604 0.0000000000
67974  -26.834  -29.597  58.966 0.0000000000
66972  -26.186  -30.611  57.707 0.0000000000
66115  -34.918  -29.876  52.132 0.0000000000
66101  -35.299  -29.332  53.185 0.0000000000
72171  -35.396  -25.289  57.452 0.0000000000
71149  -35.020  -26.154  56.400 0.0000000000
71129  -36.396  -26.081  57.782 0.0000000000
69022  -38.418  -27.309  57.593 0.0000000000
69037  -37.309  -27.507  56.658 0.0000000000
66973  -37.688  -28.529  56.092 0.0000000000
66072  -36.928  -29.394  55.025 0.0000000000
66989  -37.923  -28.953  55.623 0.0000000000
67024  -38.567  -28.960  54.735 0.0000000000
66991  -39.718  -28.480  56.195 0.0000000000
47606  -6.451  -48.819  69.329 0.0000000000
46492  -6.102  -49.152  70.173 0.0000000000
45371  -5.738  -49.512  70.779 0.0000000000
45407  -5.311  -49.579  69.307 0.0000000000
45417  -4.303  -50.649  68.240 0.0000000000
45432  -4.854  -50.360  67.622 0.0000000000
43245  -0.209  -53.368  70.545 0.0000000000
43230  -0.938  -52.688  71.478 0.0000000000
42189  0.392  -54.053  70.893 0.0000000000
41170  2.208  -55.469  72.204 0.0000000000
41171  1.595  -54.460  72.565 0.0000000000
41153  1.858  -53.626  73.385 0.0000000000
42144  1.825  -53.027  74.602 0.0000000000
42150  2.745  -53.674  73.500 0.0000000000
51539  -24.943  -43.089  68.145 0.0000000000
70109  -42.615  -25.553  55.828 0.0000000000
71180  -41.622  -25.162  54.895 0.0000000000
71169  -42.790  -25.089  55.362 0.0000000000
68955  -31.528  -28.248  63.717 0.0000000000
54736  -12.408  -41.313  63.300 0.0000000000
53748  -11.322  -42.645  63.970 0.0000000000
43192  -3.287  -51.500  76.350 0.0000000000
43190  -1.730  -52.041  75.599 0.0000000000
56728  -26.309  -39.823  57.562 0.0000000000
56712  -26.485  -39.645  58.797 0.0000000000
57652  -26.553  -38.565  60.835 0.0000000000
63904  -30.316  -33.506  66.223 0.0000000000
56657  -16.902  -38.601  62.336 0.0000000000
56669  -16.933  -38.889  61.244 0.0000000000
57619  -17.865  -38.336  62.021 0.0000000000
57631  -19.369  -38.563  61.124 0.0000000000
57675  -20.533  -38.991  59.364 0.0000000000
52740  -24.149  -41.862  61.239 0.0000000000
53830  -23.301  -41.421  60.166 0.0000000000
53831  -23.787  -41.715  60.010 0.0000000000
53847  -24.211  -41.920  58.372 0.0000000000
53891  -24.789  -41.774  55.266 0.0000000000
55646  -17.825  -39.670  68.189 0.0000000000
55665  -17.170  -39.421  67.175 0.0000000000
56615  -17.392  -39.277  66.442 0.0000000000
56634  -16.967  -38.687  64.928 0.0000000000
75359  -38.187  -22.606  49.715 0.0000000000
76370  -46.796  -20.495  48.924 0.0000000000
76387  -45.825  -20.348  48.496 0.0000000000
70069  -29.211  -27.679  57.404 0.0000000000
68046  -33.229  -28.470  52.812 0.0000000000
68029  -34.125  -28.467  53.789 0.0000000000
73215  -37.995  -24.119  60.040 0.0000000000
71114  -37.133  -26.168  58.255 0.0000000000
72136  -39.218  -25.288  60.019 0.0000000000
52583  -9.547  -43.563  67.359 0.0000000000
52566  -9.296  -44.114  68.208 0.0000000000
50488  -8.673  -45.881  70.166 0.0000000000
49476  -7.825  -47.279  69.288 0.0000000000
47624  -6.854  -48.463  68.603 0.0000000000
46570  -6.130  -49.338  67.164 0.0000000000
46552  -5.172  -50.158  66.815 0.0000000000
46585  -5.488  -49.917  65.255 0.0000000000
53800  -25.886  -41.485  62.228 0.0000000000
54769  -26.127  -40.670  62.338 0.0000000000
54756  -26.223  -40.838  63.381 0.0000000000
56637  -26.490  -39.830  65.238 0.0000000000
54721  -21.667  -40.862  65.766 0.0000000000
54737  -21.760  -40.504  64.684 0.0000000000
54738  -22.378  -41.033  65.030 0.0000000000
53765  -23.435  -41.615  64.336 0.0000000000
53766  -23.819  -41.886  63.792 0.0000000000
51569  -24.613  -42.931  66.425 0.0000000000
51606  -24.722  -43.210  64.884 0.0000000000
52692  -24.156  -42.277  63.573 0.0000000000
52694  -25.010  -43.014  63.024 0.0000000000
52720  -25.427  -41.892  62.079 0.0000000000
53708  -21.773  -41.487  67.524 0.0000000000
69110  -37.474  -28.026  53.203 0.0000000000
70134  -35.558  -27.017  52.195 0.0000000000
71197  -37.128  -26.311  53.381 0.0000000000
73275  -37.232  -24.308  53.482 0.0000000000
73286  -37.629  -23.730  52.694 0.0000000000
72204  -41.518  -24.487  54.341 0.0000000000
73288  -40.038  -23.284  52.644 0.0000000000
74313  -38.803  -23.036  51.727 0.0000000000
74340  -39.628  -22.589  50.231 0.0000000000
74358  -40.957  -22.245  49.688 0.0000000000
75377  -41.472  -21.609  49.150 0.0000000000
75396  -41.692  -21.237  48.782 0.0000000000
74361  -42.736  -21.885  50.151 0.0000000000
74362  -43.373  -21.706  50.268 0.0000000000
75364  -45.185  -21.451  50.657 0.0000000000
74314  -45.566  -22.696  52.638 0.0000000000
76356  -46.818  -20.779  50.243 0.0000000000
65032  -27.354  -32.608  61.095 0.0000000000
65044  -26.475  -32.473  59.654 0.0000000000
66010  -27.545  -31.316  60.956 0.0000000000
67964  -27.750  -29.499  60.058 0.0000000000
69017  -28.087  -28.876  59.558 0.0000000000
68982  -30.547  -27.770  62.039 0.0000000000
69003  -29.608  -27.845  59.851 0.0000000000
69019  -29.310  -27.800  58.817 0.0000000000
70070  -30.050  -27.203  57.443 0.0000000000
70071  -30.832  -26.385  56.952 0.0000000000
71136  -31.632  -25.767  56.417 0.0000000000
71146  -32.732  -25.712  55.899 0.0000000000
72158  -33.016  -25.062  57.409 0.0000000000
72147  -34.486  -24.475  59.236 0.0000000000
73226  -35.770  -24.222  59.231 0.0000000000
73197  -36.026  -24.100  60.878 0.0000000000
73214  -36.873  -23.855  60.293 0.0000000000
54692  -10.426  -41.828  67.495 0.0000000000
53735  -11.008  -42.807  64.793 0.0000000000
53721  -10.712  -42.725  65.655 0.0000000000
52600  -9.917  -43.383  66.118 0.0000000000
51562  -9.461  -44.591  66.056 0.0000000000
60748  -26.245  -35.704  59.365 0.0000000000
62861  -27.102  -34.332  60.222 0.0000000000
55734  -26.297  -40.027  61.835 0.0000000000
57633  -26.831  -38.098  62.179 0.0000000000
58724  -27.065  -37.581  62.144 0.0000000000
59745  -28.233  -36.282  63.433 0.0000000000
58749  -27.565  -36.953  62.015 0.0000000000
60741  -27.554  -36.083  61.778 0.0000000000
61775  -27.604  -35.171  61.827 0.0000000000
63975  -27.385  -33.505  61.084 0.0000000000
65020  -28.057  -32.496  62.507 0.0000000000
66001  -28.657  -31.224  63.473 0.0000000000
66923  -29.372  -30.578  64.339 0.0000000000
65976  -29.967  -31.509  66.217 0.0000000000
66915  -30.090  -30.090  65.802 0.0000000000
55732  -21.445  -39.880  62.144 0.0000000000
56684  -21.250  -39.432  60.704 0.0000000000
56697  -21.747  -39.672  59.077 0.0000000000
54797  -22.904  -41.215  59.286 0.0000000000
55770  -22.156  -40.186  58.542 0.0000000000
55625  -13.993  -39.143  67.639 0.0000000000
55661  -13.188  -39.630  65.733 0.0000000000
55682  -15.555  -39.382  66.425 0.0000000000
55696  -14.557  -39.521  64.761 0.0000000000
55695  -13.531  -40.017  64.152 0.0000000000
54766  -13.420  -41.499  62.110 0.0000000000
76382  -41.479  -21.064  47.820 0.0000000000
76383  -42.253  -20.404  47.824 0.0000000000
77382  -42.585  -19.819  47.179 0.0000000000
77384  -44.459  -19.349  47.511 0.0000000000
78410  -43.794  -18.854  47.067 0.0000000000
78408  -42.060  -19.157  46.392 0.0000000000
80352  -42.634  -17.691  46.362 0.0000000000
81345  -42.202  -16.412  45.844 0.0000000000
82329  -41.982  -15.619  44.974 0.0000000000
83230  -42.977  -14.696  46.225 0.0000000000
84153  -44.849  -13.451  47.314 0.0000000000
44317  -3.068  -51.373  70.508 0.0000000000
44302  -3.059  -51.327  71.530 0.0000000000
44330  -2.422  -51.871  69.698 0.0000000000
66027  -26.078  -31.523  58.619 0.0000000000
67084  -35.374  -29.667  51.968 0.0000000000
71159  -33.904  -26.199  55.553 0.0000000000
69061  -34.418  -27.588  54.647 0.0000000000
69062  -35.272  -27.813  54.831 0.0000000000
70058  -37.059  -26.704  57.613 0.0000000000
68003  -36.284  -28.027  55.455 0.0000000000
67001  -35.915  -28.800  54.523 0.0000000000
66086  -36.214  -29.196  54.285 0.0000000000
67041  -36.367  -29.272  53.530 0.0000000000
68070  -36.408  -28.867  52.901 0.0000000000
68049  -38.258  -28.764  53.972 0.0000000000
68050  -39.165  -28.481  54.530 0.0000000000
69076  -40.369  -27.607  55.297 0.0000000000
45337  -4.758  -50.542  73.103 0.0000000000
45350  -5.251  -50.152  72.230 0.0000000000
44304  -4.281  -50.629  71.042 0.0000000000
44332  -3.850  -50.804  69.076 0.0000000000
44346  -3.113  -51.543  68.241 0.0000000000
44282  -2.062  -51.870  72.697 0.0000000000
43204  -1.326  -52.369  73.670 0.0000000000
43194  -0.773  -52.535  74.361 0.0000000000
42170  0.996  -54.281  72.265 0.0000000000
42162  0.474  -53.095  73.585 0.0000000000
42147  -0.037  -52.709  75.323 0.0000000000
42138  0.928  -52.848  75.449 0.0000000000
43188  1.759  -52.956  75.034 0.0000000000
41160  3.341  -55.372  73.087 0.0000000000
43201  3.081  -53.656  73.551 0.0000000000
44272  -4.422  -50.754  73.118 0.0000000000
54798  -26.136  -41.039  59.282 0.0000000000
54788  -26.157  -41.055  60.140 0.0000000000
56648  -20.018  -39.121  63.743 0.0000000000
55710  -20.428  -39.429  64.232 0.0000000000
53832  -25.695  -41.478  60.257 0.0000000000
52789  -25.358  -41.645  59.565 0.0000000000
55697  -19.292  -39.011  64.913 0.0000000000
76381  -40.773  -21.547  47.767 0.0000000000
62860  -26.519  -34.286  59.558 0.0000000000
62873  -25.953  -34.243  58.855 0.0000000000
63991  -26.461  -33.411  59.684 0.0000000000
71155  -31.189  -26.568  54.347 0.0000000000
71166  -31.322  -26.787  53.889 0.0000000000
70116  -32.044  -27.353  53.360 0.0000000000
71156  -31.845  -26.407  54.684 0.0000000000
49522  -7.734  -47.433  65.709 0.0000000000
54708  -26.484  -41.559  66.471 0.0000000000
52586  -23.759  -42.534  68.443 0.0000000000
52601  -23.597  -42.160  66.911 0.0000000000
51552  -24.250  -42.710  67.970 0.0000000000
53711  -26.406  -42.068  67.111 0.0000000000
52604  -26.220  -42.508  66.588 0.0000000000
52623  -26.244  -42.574  65.643 0.0000000000
69092  -40.454  -27.088  55.145 0.0000000000
70118  -40.114  -26.571  54.790 0.0000000000
70119  -40.923  -26.097  55.179 0.0000000000
72244  -43.464  -23.513  52.615 0.0000000000
72243  -42.727  -23.472  52.752 0.0000000000
72256  -42.957  -23.320  52.165 0.0000000000
73305  -42.646  -23.119  51.643 0.0000000000
73306  -43.347  -23.171  51.851 0.0000000000
73318  -43.285  -22.648  51.268 0.0000000000
73292  -43.932  -23.374  52.301 0.0000000000
67929  -29.786  -29.488  63.519 0.0000000000
67940  -29.659  -29.308  63.050 0.0000000000
67941  -29.998  -29.171  63.403 0.0000000000
70042  -32.014  -26.108  59.809 0.0000000000
71072  -33.517  -25.706  61.770 0.0000000000
85080  -44.576  -12.378  45.585 0.0000000000
85078  -45.703  -11.599  46.147 0.0000000000
43184  -2.088  -51.937  76.453 0.0000000000
42142  -1.724  -52.137  76.843 0.0000000000
42135  -1.389  -52.283  77.163 0.0000000000
42141  -1.083  -52.321  76.436 0.0000000000
59777  -27.052  -36.829  61.358 0.0000000000
57603  -27.398  -37.902  64.741 0.0000000000
58685  -27.772  -37.271  65.752 0.0000000000
61743  -30.105  -34.859  65.411 0.0000000000
61751  -29.596  -34.998  64.567 0.0000000000
61759  -29.410  -34.670  64.248 0.0000000000
63944  -29.485  -34.075  64.261 0.0000000000
63943  -29.122  -33.497  64.163 0.0000000000
55743  -15.590  -40.401  60.476 0.0000000000
54777  -22.950  -40.994  61.764 0.0000000000
53814  -23.308  -41.352  61.254 0.0000000000
55721  -15.332  -39.817  61.993 0.0000000000
55709  -15.204  -39.576  62.893 0.0000000000
55730  -14.827  -40.611  61.409 0.0000000000
78419  -41.724  -19.341  45.534 0.0000000000
76368  -44.954  -20.824  49.601 0.0000000000
76386  -44.808  -20.502  48.893 0.0000000000
80356  -46.098  -17.517  46.871 0.0000000000
81337  -45.766  -16.791  47.023 0.0000000000
81326  -45.569  -16.138  47.333 0.0000000000
81327  -46.180  -16.212  47.250 0.0000000000
67989  -27.237  -29.197  58.189 0.0000000000
68002  -27.238  -29.087  57.574 0.0000000000
67039  -34.357  -29.136  52.889 0.0000000000
67057  -33.890  -29.674  52.232 0.0000000000
66100  -34.748  -29.389  52.871 0.0000000000
67040  -34.939  -29.252  53.212 0.0000000000
73240  -36.323  -24.721  58.590 0.0000000000
71128  -35.874  -25.775  57.491 0.0000000000
72162  -36.604  -25.509  58.272 0.0000000000
67977  -38.599  -27.768  57.398 0.0000000000
67976  -38.092  -27.659  57.119 0.0000000000
67992  -38.170  -28.131  56.762 0.0000000000
66974  -38.424  -28.488  56.328 0.0000000000
66990  -38.919  -28.652  55.937 0.0000000000
66975  -39.216  -28.443  56.584 0.0000000000
46532  -6.105  -49.100  68.825 0.0000000000
46511  -5.696  -49.303  69.353 0.0000000000
45419  -5.133  -49.733  68.866 0.0000000000
45418  -4.807  -50.136  68.597 0.0000000000
45433  -5.226  -49.877  68.266 0.0000000000
41162  2.072  -54.461  72.899 0.0000000000
41152  2.431  -54.121  73.192 0.0000000000
41151  2.901  -54.656  73.316 0.0000000000
68956  -32.149  -27.966  64.239 0.0000000000
53763  -12.020  -42.376  62.667 0.0000000000
44265  -3.468  -51.503  74.668 0.0000000000
44260  -3.805  -51.301  75.818 0.0000000000
43197  -3.175  -51.598  75.556 0.0000000000
43191  -2.600  -51.745  75.961 0.0000000000
43196  -2.548  -51.823  74.993 0.0000000000
55795  -25.914  -40.291  57.027 0.0000000000
55759  -26.347  -40.316  59.902 0.0000000000
55786  -26.424  -40.007  58.249 0.0000000000
57676  -26.422  -38.885  59.559 0.0000000000
57621  -19.847  -38.790  61.846 0.0000000000
57632  -20.140  -38.821  61.370 0.0000000000
57650  -20.207  -38.774  60.401 0.0000000000
52765  -24.323  -41.857  59.859 0.0000000000
53861  -24.418  -41.814  57.685 0.0000000000
53873  -23.828  -41.926  56.140 0.0000000000
53874  -24.532  -41.731  56.490 0.0000000000
54838  -25.136  -41.275  55.811 0.0000000000
55647  -19.238  -40.117  68.278 0.0000000000
54693  -19.558  -40.758  68.752 0.0000000000
55629  -18.282  -40.340  69.247 0.0000000000
56646  -17.186  -38.484  63.631 0.0000000000
75360  -38.799  -22.527  49.542 0.0000000000
69046  -28.498  -28.030  56.913 0.0000000000
69073  -32.783  -27.666  53.542 0.0000000000
68047  -33.905  -28.756  53.032 0.0000000000
69075  -33.947  -28.019  54.118 0.0000000000
73216  -38.852  -24.495  60.174 0.0000000000
72135  -38.500  -25.029  59.544 0.0000000000
68994  -39.773  -26.243  59.290 0.0000000000
51548  -9.263  -44.601  66.846 0.0000000000
51535  -9.090  -44.577  67.693 0.0000000000
50497  -8.710  -45.155  68.082 0.0000000000
50496  -8.634  -45.734  68.946 0.0000000000
49477  -8.317  -46.589  69.689 0.0000000000
47665  -6.708  -48.713  66.989 0.0000000000
47646  -6.791  -48.575  67.617 0.0000000000
47645  -6.478  -48.976  67.419 0.0000000000
46569  -5.736  -49.693  66.391 0.0000000000
47663  -6.019  -49.435  65.559 0.0000000000
53784  -26.163  -41.703  63.043 0.0000000000
53785  -26.097  -41.244  62.771 0.0000000000
53768  -26.236  -41.536  63.766 0.0000000000
56626  -26.562  -40.185  65.877 0.0000000000
53736  -21.862  -41.203  66.363 0.0000000000
54722  -22.317  -41.234  65.578 0.0000000000
52641  -23.700  -42.219  65.738 0.0000000000
53750  -23.274  -41.863  65.264 0.0000000000
52667  -23.668  -42.210  65.046 0.0000000000
52668  -23.995  -42.390  64.505 0.0000000000
51540  -25.212  -42.970  67.771 0.0000000000
51554  -24.973  -42.989  67.060 0.0000000000
51585  -25.558  -43.381  64.865 0.0000000000
51584  -24.986  -43.369  65.231 0.0000000000
52669  -24.522  -42.892  64.207 0.0000000000
52670  -24.826  -43.122  63.723 0.0000000000
52693  -24.529  -42.640  63.239 0.0000000000
51629  -25.171  -43.250  63.758 0.0000000000
52695  -25.524  -42.648  63.285 0.0000000000
52696  -25.963  -42.066  62.832 0.0000000000
52721  -25.704  -41.582  61.723 0.0000000000
53709  -22.400  -41.962  68.020 0.0000000000
53723  -22.001  -41.385  66.773 0.0000000000
54707  -21.416  -41.002  66.844 0.0000000000
70135  -36.550  -27.442  52.683 0.0000000000
70136  -37.709  -27.129  53.298 0.0000000000
72201  -38.845  -25.128  54.120 0.0000000000
72224  -37.968  -25.207  53.893 0.0000000000
73276  -38.355  -24.040  53.381 0.0000000000
71181  -42.442  -24.910  54.974 0.0000000000
73290  -41.623  -23.287  52.161 0.0000000000
72241  -41.204  -23.436  52.869 0.0000000000
73289  -40.933  -23.176  52.304 0.0000000000
73301  -39.522  -22.994  52.006 0.0000000000
73302  -40.342  -22.884  51.803 0.0000000000
74324  -39.409  -22.790  51.154 0.0000000000
74325  -40.466  -22.713  50.954 0.0000000000
74342  -41.518  -22.521  50.475 0.0000000000
74359  -41.504  -22.123  49.779 0.0000000000
74360  -42.141  -22.031  49.966 0.0000000000
73319  -43.655  -22.431  51.239 0.0000000000
74363  -43.842  -21.526  50.228 0.0000000000
75363  -44.587  -21.616  50.638 0.0000000000
76355  -46.131  -21.157  50.821 0.0000000000
66011  -27.559  -31.820  61.782 0.0000000000
66955  -28.034  -30.736  61.466 0.0000000000
67960  -28.804  -29.184  61.678 0.0000000000
67958  -27.939  -29.558  60.706 0.0000000000
67965  -28.095  -29.260  60.601 0.0000000000
69001  -28.157  -29.067  59.957 0.0000000000
69002  -28.504  -28.799  60.317 0.0000000000
68966  -31.354  -27.836  62.748 0.0000000000
69004  -30.363  -27.466  59.957 0.0000000000
68993  -30.339  -27.583  60.690 0.0000000000
70056  -30.170  -27.438  58.805 0.0000000000
69034  -29.474  -27.598  58.108 0.0000000000
70057  -30.919  -26.683  58.214 0.0000000000
71126  -31.551  -25.858  57.575 0.0000000000
71137  -32.328  -25.347  56.961 0.0000000000
72132  -33.901  -24.701  59.857 0.0000000000
72146  -33.610  -24.668  58.913 0.0000000000
73238  -34.956  -24.459  58.843 0.0000000000
73212  -35.315  -24.215  59.735 0.0000000000
72118  -36.215  -24.352  62.203 0.0000000000
73198  -36.506  -23.954  61.409 0.0000000000
74238  -37.751  -23.530  61.367 0.0000000000
56610  -11.519  -40.262  66.889 0.0000000000
55641  -10.918  -40.942  67.072 0.0000000000
55624  -10.662  -40.880  68.045 0.0000000000
52640  -10.902  -43.308  64.216 0.0000000000
53734  -10.714  -43.137  65.078 0.0000000000
52617  -10.381  -43.545  65.161 0.0000000000
51563  -9.824  -44.070  65.600 0.0000000000
51549  -9.520  -44.053  66.499 0.0000000000
51577  -9.677  -44.667  65.281 0.0000000000
43176  0.827  -52.322  76.195 0.0000000000
58826  -26.754  -38.758  56.569 0.0000000000
60749  -26.481  -36.128  60.022 0.0000000000
61786  -27.085  -35.165  60.074 0.0000000000
55724  -26.326  -40.109  62.904 0.0000000000
57613  -27.377  -37.823  63.745 0.0000000000
57634  -27.209  -37.642  62.524 0.0000000000
59746  -28.684  -35.766  63.874 0.0000000000
59766  -27.881  -36.475  62.646 0.0000000000
59778  -27.672  -36.467  62.105 0.0000000000
60733  -27.876  -35.817  62.685 0.0000000000
62839  -28.035  -34.357  62.606 0.0000000000
61766  -27.843  -35.128  62.737 0.0000000000
62849  -27.691  -34.359  61.825 0.0000000000
63976  -27.725  -33.507  61.812 0.0000000000
64990  -29.034  -32.671  64.656 0.0000000000
65992  -28.990  -31.412  64.170 0.0000000000
64957  -30.264  -32.715  66.491 0.0000000000
65969  -30.406  -31.572  66.886 0.0000000000
56682  -17.019  -38.995  60.250 0.0000000000
57647  -16.857  -39.565  59.339 0.0000000000
54753  -21.815  -40.316  64.087 0.0000000000
55722  -21.308  -39.821  63.037 0.0000000000
55723  -21.958  -40.257  62.803 0.0000000000
55745  -22.024  -40.222  60.730 0.0000000000
55744  -21.555  -39.893  61.398 0.0000000000
56685  -21.776  -39.755  60.024 0.0000000000
53845  -23.383  -41.636  59.103 0.0000000000
54812  -23.004  -41.399  58.190 0.0000000000
55642  -13.633  -39.271  66.713 0.0000000000
55662  -14.261  -39.359  66.289 0.0000000000
56614  -16.582  -39.373  66.490 0.0000000000
55664  -16.090  -39.456  66.911 0.0000000000
56623  -15.896  -39.339  66.040 0.0000000000
55708  -14.430  -39.799  63.508 0.0000000000
55707  -13.220  -40.708  63.183 0.0000000000
54752  -13.231  -41.120  62.617 0.0000000000
75397  -42.137  -20.901  48.850 0.0000000000
77368  -42.848  -20.083  47.839 0.0000000000
77372  -46.047  -19.682  47.730 0.0000000000
77371  -45.125  -19.816  48.017 0.0000000000
77385  -45.273  -19.283  47.419 0.0000000000
79405  -44.061  -18.168  46.703 0.0000000000
78409  -42.869  -19.007  46.897 0.0000000000
79403  -42.361  -18.349  46.333 0.0000000000
81334  -42.850  -16.338  46.507 0.0000000000
80364  -42.556  -17.043  46.266 0.0000000000
81344  -41.767  -16.688  45.200 0.0000000000
82324  -42.503  -15.428  46.043 0.0000000000
83232  -44.574  -14.453  47.348 0.0000000000
83233  -45.222  -14.212  47.603 0.0000000000
84146  -46.388  -13.647  48.023 0.0000000000
44331  -3.092  -51.399  69.409 0.0000000000
65057  -26.020  -32.425  58.845 0.0000000000
72177  -33.309  -25.635  56.188 0.0000000000
71158  -33.403  -26.269  55.278 0.0000000000
72178  -33.760  -25.593  56.354 0.0000000000
70084  -35.252  -26.633  56.176 0.0000000000
70083  -34.911  -26.905  55.416 0.0000000000
69047  -35.123  -27.281  55.135 0.0000000000
69048  -35.694  -27.425  55.631 0.0000000000
71115  -37.915  -25.946  58.761 0.0000000000
70059  -37.481  -26.739  57.642 0.0000000000
68005  -37.181  -28.556  55.847 0.0000000000
68004  -36.822  -28.134  55.850 0.0000000000
66986  -36.396  -28.564  55.174 0.0000000000
67002  -36.384  -28.978  55.098 0.0000000000
67021  -35.968  -29.074  54.303 0.0000000000
66071  -36.578  -29.180  55.165 0.0000000000
66088  -37.206  -29.340  54.556 0.0000000000
66087  -36.769  -29.290  54.294 0.0000000000
67042  -37.011  -29.183  53.864 0.0000000000
67059  -36.691  -29.090  53.364 0.0000000000
68071  -37.282  -28.774  53.514 0.0000000000
68048  -37.674  -29.048  53.868 0.0000000000
67025  -39.215  -28.663  55.145 0.0000000000
68031  -39.904  -28.230  55.225 0.0000000000
68051  -39.946  -27.880  54.916 0.0000000000
68032  -40.476  -27.671  55.530 0.0000000000
45370  -5.292  -49.965  71.211 0.0000000000
45369  -4.823  -50.440  71.648 0.0000000000
44318  -3.690  -50.912  70.276 0.0000000000
44319  -4.320  -50.495  70.036 0.0000000000
44362  -3.708  -51.333  67.421 0.0000000000
44347  -3.716  -51.167  67.887 0.0000000000
44361  -3.307  -51.660  67.130 0.0000000000
44301  -2.302  -51.714  71.726 0.0000000000
44300  -1.611  -52.086  71.855 0.0000000000
43214  -0.774  -52.724  72.614 0.0000000000
43215  -1.497  -52.263  72.975 0.0000000000
43203  -0.294  -52.825  73.457 0.0000000000
41185  1.330  -55.490  70.703 0.0000000000
42177  0.961  -54.594  71.298 0.0000000000
41163  1.551  -53.716  73.173 0.0000000000
42161  1.099  -53.630  72.993 0.0000000000
42154  0.330  -52.895  74.537 0.0000000000
42146  0.658  -52.965  74.987 0.0000000000
42137  1.479  -52.934  75.120 0.0000000000
43181  1.802  -52.706  75.155 0.0000000000
42159  3.773  -55.010  73.174 0.0000000000
42160  3.334  -54.452  73.252 0.0000000000
44270  -2.782  -51.724  73.654 0.0000000000
54828  -26.093  -40.833  57.804 0.0000000000
54813  -26.236  -40.874  58.552 0.0000000000
54799  -26.271  -40.723  59.590 0.0000000000
56647  -18.729  -38.557  63.633 0.0000000000
57611  -18.618  -38.366  62.729 0.0000000000
56658  -19.369  -38.651  62.958 0.0000000000
56659  -20.076  -39.003  62.576 0.0000000000
52742  -25.135  -41.838  61.084 0.0000000000
52766  -24.864  -41.813  60.017 0.0000000000
52788  -25.148  -41.793  59.136 0.0000000000
53862  -25.068  -41.721  58.117 0.0000000000
53863  -25.657  -41.445  57.998 0.0000000000
54695  -20.965  -41.128  67.839 0.0000000000
55667  -19.784  -39.967  67.320 0.0000000000
55683  -19.120  -39.214  65.580 0.0000000000
75375  -39.676  -22.367  48.576 0.0000000000
70081  -30.206  -26.947  56.172 0.0000000000
70091  -29.449  -27.353  55.386 0.0000000000
70103  -29.696  -27.320  54.430 0.0000000000
70106  -32.571  -27.241  53.865 0.0000000000
70107  -33.071  -27.428  54.091 0.0000000000
50519  -8.694  -45.707  66.559 0.0000000000
50508  -8.898  -45.127  67.228 0.0000000000
49508  -8.064  -46.488  67.356 0.0000000000
49491  -7.605  -47.240  68.164 0.0000000000
48553  -7.057  -48.277  66.494 0.0000000000
48552  -6.849  -48.643  66.159 0.0000000000
47683  -6.434  -49.107  64.928 0.0000000000
52673  -26.233  -42.044  64.210 0.0000000000
53751  -26.316  -41.727  64.737 0.0000000000
54723  -26.453  -41.328  65.463 0.0000000000
55668  -26.545  -40.842  66.150 0.0000000000
53725  -23.056  -41.940  67.358 0.0000000000
52619  -23.703  -42.176  66.272 0.0000000000
51555  -25.279  -43.069  66.707 0.0000000000
51556  -25.647  -43.033  66.386 0.0000000000
51572  -25.798  -43.208  65.570 0.0000000000
51586  -25.966  -43.278  65.048 0.0000000000
51608  -25.391  -43.098  64.072 0.0000000000
52645  -26.086  -42.898  64.837 0.0000000000
52646  -26.249  -42.323  64.840 0.0000000000
53710  -22.949  -42.027  67.899 0.0000000000
70117  -39.271  -26.984  54.004 0.0000000000
70137  -38.476  -26.845  53.655 0.0000000000
72202  -39.523  -24.890  54.312 0.0000000000
72228  -42.210  -23.802  53.561 0.0000000000
72254  -42.029  -23.374  52.137 0.0000000000
73304  -42.017  -23.171  51.643 0.0000000000
73316  -42.173  -22.802  51.110 0.0000000000
74344  -42.716  -22.330  50.695 0.0000000000
74327  -44.425  -22.468  51.640 0.0000000000
66942  -28.555  -30.392  62.566 0.0000000000
66951  -28.407  -30.223  62.105 0.0000000000
66952  -28.645  -30.021  62.487 0.0000000000
67955  -29.026  -29.450  62.238 0.0000000000
70010  -31.909  -27.107  62.218 0.0000000000
70009  -31.202  -27.251  62.009 0.0000000000
70041  -31.068  -26.996  59.760 0.0000000000
71112  -32.527  -25.267  59.187 0.0000000000
71096  -34.419  -24.967  61.133 0.0000000000
56611  -12.112  -40.005  66.496 0.0000000000
55659  -11.398  -40.889  66.292 0.0000000000
52663  -10.779  -43.693  63.941 0.0000000000
50550  -9.707  -45.325  64.446 0.0000000000
84159  -43.995  -12.976  45.733 0.0000000000
85085  -44.948  -12.148  44.868 0.0000000000
84166  -45.086  -12.266  44.339 0.0000000000
42133  -0.146  -52.548  76.369 0.0000000000
58809  -26.642  -38.590  57.876 0.0000000000
59795  -26.425  -37.742  58.565 0.0000000000
56650  -26.477  -39.571  64.412 0.0000000000
56661  -26.550  -39.409  63.479 0.0000000000
57612  -26.808  -38.631  64.078 0.0000000000
58698  -27.864  -37.161  64.322 0.0000000000
60692  -29.309  -35.607  64.667 0.0000000000
60709  -29.445  -35.346  64.598 0.0000000000
60708  -29.122  -35.449  64.231 0.0000000000
60726  -28.561  -35.642  63.676 0.0000000000
60734  -28.237  -35.701  63.306 0.0000000000
62840  -28.483  -34.383  63.316 0.0000000000
63960  -28.500  -33.521  63.246 0.0000000000
63928  -29.228  -33.343  64.575 0.0000000000
64991  -29.294  -32.879  65.169 0.0000000000
65970  -30.793  -31.115  67.450 0.0000000000
57673  -18.528  -38.961  58.768 0.0000000000
54767  -22.552  -40.610  62.388 0.0000000000
54776  -22.442  -40.622  61.254 0.0000000000
54786  -22.413  -40.604  60.653 0.0000000000
55741  -14.449  -41.390  60.951 0.0000000000
75380  -43.480  -21.102  49.799 0.0000000000
75398  -42.880  -20.626  49.051 0.0000000000
75399  -43.691  -20.623  49.186 0.0000000000
77370  -44.227  -19.864  48.086 0.0000000000
78412  -45.451  -18.793  47.060 0.0000000000
79407  -45.759  -18.195  46.872 0.0000000000
79406  -44.955  -18.173  46.723 0.0000000000
80354  -44.392  -17.363  46.732 0.0000000000
81335  -43.797  -16.421  46.836 0.0000000000
82326  -44.147  -15.452  47.181 0.0000000000
82318  -45.038  -15.511  47.509 0.0000000000
82319  -45.780  -15.530  47.565 0.0000000000
44360  -2.285  -52.318  67.342 0.0000000000
44359  -1.748  -52.454  68.084 0.0000000000
66957  -26.906  -30.099  59.646 0.0000000000
66961  -26.458  -30.442  58.824 0.0000000000
67988  -26.671  -29.847  58.197 0.0000000000
72170  -34.626  -25.256  57.146 0.0000000000
71138  -34.788  -25.811  56.593 0.0000000000
71139  -35.487  -26.076  56.906 0.0000000000
70073  -36.209  -26.633  57.225 0.0000000000
69021  -37.690  -27.096  57.363 0.0000000000
67991  -37.529  -27.930  56.474 0.0000000000
67003  -36.762  -29.188  55.190 0.0000000000
66059  -37.340  -29.259  55.401 0.0000000000
66060  -37.479  -29.332  55.217 0.0000000000
67004  -37.958  -29.271  55.071 0.0000000000
67043  -37.960  -29.059  54.196 0.0000000000
67005  -38.696  -28.847  55.340 0.0000000000
47607  -6.945  -48.411  69.656 0.0000000000
47590  -7.133  -48.464  70.697 0.0000000000
47589  -6.628  -48.847  70.399 0.0000000000
45391  -5.735  -49.394  70.234 0.0000000000
45390  -5.374  -49.649  70.126 0.0000000000
45406  -4.811  -50.031  69.526 0.0000000000
44333  -4.376  -50.415  69.437 0.0000000000
45405  -4.432  -50.363  68.991 0.0000000000
45431  -4.049  -51.127  67.218 0.0000000000
43246  -0.959  -52.781  70.261 0.0000000000
43229  -0.121  -53.301  71.694 0.0000000000
41154  1.470  -53.397  73.631 0.0000000000
42152  1.567  -53.215  74.032 0.0000000000
42151  2.121  -53.333  73.771 0.0000000000
51538  -24.623  -43.001  68.565 0.0000000000
52572  -26.114  -42.428  68.065 0.0000000000
70108  -41.725  -26.058  55.721 0.0000000000
70120  -41.648  -25.688  55.361 0.0000000000
72230  -43.718  -23.944  53.449 0.0000000000
72245  -44.195  -23.696  52.919 0.0000000000
68946  -31.211  -28.660  64.159 0.0000000000
68954  -30.835  -28.794  63.863 0.0000000000
69993  -32.074  -27.496  63.313 0.0000000000
69994  -32.837  -26.756  63.181 0.0000000000
55693  -12.213  -41.202  63.891 0.0000000000
54735  -11.962  -41.673  63.604 0.0000000000
53762  -11.654  -42.651  63.080 0.0000000000
55785  -26.283  -40.451  58.094 0.0000000000
56729  -26.555  -39.549  57.913 0.0000000000
63919  -30.061  -33.534  65.726 0.0000000000
56668  -16.119  -39.421  61.615 0.0000000000
57630  -18.066  -38.507  60.900 0.0000000000
57649  -18.891  -38.583  59.967 0.0000000000
57674  -19.588  -38.836  59.144 0.0000000000
57701  -20.097  -39.206  58.423 0.0000000000
53799  -23.769  -41.659  61.883 0.0000000000
53815  -23.655  -41.627  60.904 0.0000000000
53846  -23.884  -41.911  58.849 0.0000000000
53860  -23.825  -41.821  57.543 0.0000000000
55645  -16.583  -39.527  67.990 0.0000000000
56624  -16.776  -39.135  65.833 0.0000000000
56625  -17.877  -39.115  65.753 0.0000000000
56656  -15.958  -38.964  62.692 0.0000000000
74338  -37.436  -22.897  49.972 0.0000000000
77381  -41.752  -19.916  46.314 0.0000000000
77373  -47.002  -19.807  48.117 0.0000000000
81328  -46.844  -16.323  47.306 0.0000000000
69033  -28.649  -28.023  58.087 0.0000000000
69045  -27.704  -28.677  57.477 0.0000000000
73228  -37.621  -24.521  59.371 0.0000000000
72148  -37.230  -25.201  58.718 0.0000000000
72149  -37.984  -25.289  59.064 0.0000000000
71097  -38.402  -25.609  59.104 0.0000000000
71116  -38.494  -25.933  58.950 0.0000000000
70045  -38.587  -26.280  58.711 0.0000000000
70046  -39.020  -26.479  58.682 0.0000000000
67966  -39.005  -27.288  57.986 0.0000000000
67978  -39.268  -27.798  57.664 0.0000000000
51524  -8.931  -44.785  68.788 0.0000000000
49461  -7.970  -47.329  70.394 0.0000000000
48527  -7.295  -47.908  68.922 0.0000000000
47623  -6.480  -48.891  68.309 0.0000000000
46554  -6.132  -49.282  68.000 0.0000000000
46553  -5.586  -49.740  67.568 0.0000000000
46568  -5.011  -50.289  65.873 0.0000000000
41169  2.630  -55.866  72.445 0.0000000000
53817  -26.096  -41.297  61.194 0.0000000000
53818  -26.232  -41.004  60.926 0.0000000000
53801  -26.014  -41.069  61.764 0.0000000000
54739  -26.346  -40.990  64.484 0.0000000000
55700  -26.410  -40.310  64.689 0.0000000000
56604  -26.650  -40.047  67.689 0.0000000000
55699  -20.954  -40.183  65.222 0.0000000000
53749  -22.754  -41.514  65.487 0.0000000000
53764  -22.923  -41.365  64.805 0.0000000000
54755  -23.238  -41.158  63.677 0.0000000000
53782  -23.531  -41.438  63.379 0.0000000000
53783  -23.856  -41.734  62.957 0.0000000000
51553  -24.660  -42.858  67.503 0.0000000000
52621  -24.377  -42.875  65.727 0.0000000000
51570  -24.971  -43.330  66.115 0.0000000000
51583  -24.669  -43.194  65.557 0.0000000000
52643  -24.375  -42.936  65.050 0.0000000000
52717  -24.215  -42.009  62.566 0.0000000000
52718  -24.653  -42.165  62.306 0.0000000000
52719  -25.065  -42.227  62.203 0.0000000000
52744  -25.764  -41.527  61.101 0.0000000000
53694  -21.252  -41.671  68.576 0.0000000000
54720  -20.936  -40.568  66.356 0.0000000000
69109  -36.614  -28.485  52.813 0.0000000000
71198  -38.051  -26.327  53.637 0.0000000000
72223  -36.641  -25.163  53.216 0.0000000000
72239  -36.171  -24.961  52.713 0.0000000000
71179  -40.753  -25.450  54.844 0.0000000000
72203  -40.555  -24.621  54.387 0.0000000000
72227  -41.343  -23.840  53.624 0.0000000000
72226  -40.255  -23.821  53.577 0.0000000000
73277  -39.331  -23.703  53.264 0.0000000000
73287  -38.821  -23.379  52.536 0.0000000000
74323  -38.222  -22.902  51.032 0.0000000000
74339  -38.616  -22.634  50.278 0.0000000000
74326  -41.175  -22.689  50.856 0.0000000000
74341  -40.595  -22.509  50.119 0.0000000000
75362  -40.351  -22.310  49.283 0.0000000000
75376  -40.600  -21.928  48.687 0.0000000000
76366  -41.034  -21.571  48.522 0.0000000000
76367  -41.306  -21.391  48.416 0.0000000000
75378  -42.144  -21.467  49.484 0.0000000000
75381  -44.375  -21.074  49.947 0.0000000000
75382  -45.006  -20.927  50.012 0.0000000000
73293  -44.959  -23.187  52.767 0.0000000000
73308  -44.589  -22.701  52.003 0.0000000000
74328  -45.167  -22.253  51.825 0.0000000000
65045  -26.883  -32.607  60.450 0.0000000000
66018  -26.947  -31.786  60.428 0.0000000000
66958  -27.317  -30.683  60.241 0.0000000000
66954  -27.774  -30.183  60.808 0.0000000000
67963  -27.201  -29.531  59.501 0.0000000000
67975  -27.460  -29.137  59.177 0.0000000000
68965  -30.403  -28.599  63.154 0.0000000000
69018  -28.627  -28.217  59.237 0.0000000000
70082  -30.957  -26.242  55.810 0.0000000000
71145  -31.825  -26.025  55.416 0.0000000000
72168  -33.147  -25.385  56.620 0.0000000000
72145  -32.965  -24.857  58.254 0.0000000000
72159  -33.773  -24.758  57.746 0.0000000000
72160  -34.796  -24.578  58.153 0.0000000000
73239  -35.483  -24.489  58.644 0.0000000000
71073  -34.401  -25.448  61.951 0.0000000000
72116  -34.956  -24.814  61.354 0.0000000000
72093  -35.753  -24.917  62.589 0.0000000000
72117  -35.686  -24.483  61.664 0.0000000000
72134  -35.412  -24.376  60.867 0.0000000000
73213  -35.793  -24.098  60.085 0.0000000000
74254  -38.322  -23.776  60.679 0.0000000000
54719  -11.502  -41.836  64.689 0.0000000000
54705  -11.245  -41.721  65.608 0.0000000000
53707  -10.131  -42.633  66.807 0.0000000000
50535  -9.298  -45.203  65.696 0.0000000000
50534  -8.837  -45.951  65.286 0.0000000000
85082  -45.956  -11.365  45.096 0.0000000000
85086  -45.626  -11.851  44.446 0.0000000000
60759  -25.844  -36.218  58.397 0.0000000000
61785  -26.547  -35.059  59.389 0.0000000000
54778  -26.221  -40.615  61.327 0.0000000000
55747  -26.322  -40.105  60.763 0.0000000000
56672  -26.607  -39.274  62.452 0.0000000000
56686  -26.486  -39.298  61.309 0.0000000000
58748  -26.915  -37.528  61.680 0.0000000000
58705  -27.851  -37.120  63.467 0.0000000000
59725  -28.348  -36.461  64.182 0.0000000000
58725  -27.509  -37.263  62.519 0.0000000000
61774  -27.449  -35.188  60.913 0.0000000000
62848  -27.420  -34.354  61.009 0.0000000000
65033  -27.630  -32.652  61.828 0.0000000000
65021  -28.441  -32.680  63.141 0.0000000000
65005  -28.435  -32.037  63.117 0.0000000000
66000  -28.415  -31.134  62.693 0.0000000000
66931  -29.330  -30.157  63.730 0.0000000000
66932  -29.609  -29.994  64.180 0.0000000000
64974  -29.678  -32.607  65.650 0.0000000000
64973  -29.315  -32.203  65.199 0.0000000000
65983  -29.590  -31.302  65.475 0.0000000000
66924  -29.754  -30.022  64.805 0.0000000000
67922  -30.758  -29.097  64.456 0.0000000000
55711  -21.047  -39.770  64.097 0.0000000000
56660  -20.833  -39.474  62.390 0.0000000000
56671  -21.045  -39.517  61.651 0.0000000000
57651  -20.881  -39.038  60.059 0.0000000000
56696  -21.258  -39.317  59.647 0.0000000000
56710  -20.975  -39.341  58.615 0.0000000000
55758  -22.534  -40.686  59.451 0.0000000000
55771  -22.519  -40.822  58.289 0.0000000000
56711  -21.428  -39.790  57.965 0.0000000000
56591  -13.181  -38.911  67.906 0.0000000000
56603  -12.945  -39.257  67.009 0.0000000000
55679  -12.832  -40.195  64.730 0.0000000000
55663  -15.193  -39.362  66.788 0.0000000000
56632  -15.353  -39.323  65.351 0.0000000000
55681  -15.018  -39.336  65.845 0.0000000000
55680  -13.876  -39.578  65.227 0.0000000000
55706  -12.650  -41.100  63.204 0.0000000000
54751  -12.555  -41.641  62.706 0.0000000000
76400  -41.866  -20.171  46.968 0.0000000000
77383  -43.541  -19.468  47.486 0.0000000000
79414  -41.749  -18.417  45.711 0.0000000000
80363  -42.047  -17.454  45.858 0.0000000000
80369  -41.618  -17.585  45.080 0.0000000000
83235  -42.692  -14.497  45.348 0.0000000000
83236  -43.238  -14.114  45.928 0.0000000000
83231  -43.639  -14.395  46.704 0.0000000000
84152  -44.193  -13.383  46.663 0.0000000000
85073  -45.170  -12.874  47.368 0.0000000000
85074  -45.769  -12.320  47.423 0.0000000000
44303  -3.695  -50.990  71.324 0.0000000000
44316  -2.403  -51.815  70.733 0.0000000000
44329  -1.660  -52.229  69.973 0.0000000000
44344  -1.711  -52.296  68.965 0.0000000000
69057  -27.190  -28.975  56.906 0.0000000000
68094  -35.823  -29.055  52.249 0.0000000000
71157  -32.618  -26.373  54.905 0.0000000000
70095  -33.343  -27.077  54.489 0.0000000000
71148  -34.453  -26.085  55.963 0.0000000000
70096  -34.112  -26.643  55.167 0.0000000000
69060  -33.695  -27.541  54.340 0.0000000000
68015  -34.908  -28.232  54.533 0.0000000000
67000  -35.125  -28.648  54.223 0.0000000000
69035  -36.065  -27.196  56.280 0.0000000000
69020  -37.153  -26.970  57.195 0.0000000000
69036  -36.692  -27.261  56.579 0.0000000000
68016  -35.778  -28.179  54.841 0.0000000000
67020  -35.326  -28.985  53.723 0.0000000000
66085  -35.753  -29.143  53.905 0.0000000000
66102  -35.937  -29.399  53.305 0.0000000000
66103  -36.514  -29.480  53.805 0.0000000000
67058  -36.145  -29.394  52.933 0.0000000000
68072  -38.076  -28.324  53.610 0.0000000000
67044  -38.506  -28.871  54.345 0.0000000000
69090  -38.853  -28.061  53.962 0.0000000000
67979  -40.064  -27.741  57.772 0.0000000000
45349  -4.784  -50.520  72.588 0.0000000000
44285  -4.317  -50.755  72.032 0.0000000000
45444  -4.588  -50.726  66.527 0.0000000000
44283  -2.952  -51.402  72.595 0.0000000000
44281  -1.344  -52.309  72.347 0.0000000000
44269  -1.991  -52.007  73.450 0.0000000000
43205  -2.220  -51.954  74.137 0.0000000000
43195  -1.599  -52.121  74.653 0.0000000000
43189  -1.036  -52.331  75.076 0.0000000000
42178  0.401  -53.954  71.961 0.0000000000
42171  0.571  -53.552  72.737 0.0000000000
43202  0.246  -53.136  73.081 0.0000000000
42163  -0.088  -52.793  74.207 0.0000000000
42155  -0.370  -52.614  74.901 0.0000000000
42148  -0.842  -52.364  75.674 0.0000000000
42139  0.256  -52.708  75.686 0.0000000000
42132  0.400  -52.609  76.047 0.0000000000
42145  1.265  -53.105  74.756 0.0000000000
43183  0.820  -52.610  75.909 0.0000000000
43182  1.366  -52.654  75.555 0.0000000000
40170  3.043  -55.872  72.912 0.0000000000
41168  3.669  -55.890  72.765 0.0000000000
43193  2.609  -53.096  74.054 0.0000000000
41159  3.914  -55.492  73.014 0.0000000000
42134  -0.751  -52.407  76.758 0.0000000000
45338  -5.101  -50.289  73.287 0.0000000000
46491  -5.774  -49.289  69.862 0.0000000000
46512  -6.045  -49.077  69.477 0.0000000000
51536  -9.351  -44.193  67.185 0.0000000000
51568  -24.341  -42.624  67.072 0.0000000000
51630  -25.325  -43.050  63.562 0.0000000000
52582  -9.329  -44.126  67.602 0.0000000000
52584  -22.877  -42.092  68.151 0.0000000000
52587  -25.911  -42.754  67.005 0.0000000000
52602  -23.901  -42.434  67.413 0.0000000000
52603  -25.996  -42.880  66.071 0.0000000000
52618  -10.717  -43.337  64.727 0.0000000000
52644  -25.855  -43.201  64.737 0.0000000000
52671  -25.710  -42.949  64.342 0.0000000000
52767  -24.796  -41.868  59.880 0.0000000000
52768  -25.479  -41.558  59.971 0.0000000000
52786  -24.261  -41.980  58.974 0.0000000000
52801  -24.928  -41.825  58.603 0.0000000000
53696  -26.067  -42.424  68.364 0.0000000000
53722  -11.119  -42.317  65.182 0.0000000000
53737  -22.354  -41.422  66.154 0.0000000000
53780  -11.844  -42.796  62.544 0.0000000000
53816  -25.766  -41.514  60.809 0.0000000000
53848  -25.271  -41.734  58.796 0.0000000000
54750  -11.987  -42.075  62.986 0.0000000000
54814  -26.262  -40.778  59.055 0.0000000000
55648  -19.999  -40.289  67.822 0.0000000000
55685  -20.928  -40.417  65.854 0.0000000000
55694  -12.567  -40.860  63.763 0.0000000000
55712  -21.765  -40.196  63.600 0.0000000000
55746  -22.413  -40.564  60.253 0.0000000000
55773  -26.385  -40.379  58.935 0.0000000000
56613  -16.195  -39.430  66.492 0.0000000000
56622  -15.430  -39.335  65.759 0.0000000000
56680  -15.614  -40.485  60.191 0.0000000000
56683  -20.672  -39.109  61.263 0.0000000000
56727  -21.188  -39.936  57.434 0.0000000000
61750  -29.278  -35.228  64.308 0.0000000000
62823  -29.666  -34.363  64.493 0.0000000000
62832  -29.451  -34.388  64.226 0.0000000000
64945  -30.382  -32.298  66.884 0.0000000000
66073  -37.316  -29.388  54.813 0.0000000000
66963  -39.592  -28.155  57.223 0.0000000000
66988  -37.173  -29.058  55.566 0.0000000000
67006  -39.672  -28.460  55.629 0.0000000000
67007  -40.148  -28.362  55.986 0.0000000000
67022  -37.146  -29.290  54.334 0.0000000000
67959  -28.319  -29.409  61.247 0.0000000000
67990  -37.126  -27.705  56.319 0.0000000000
68028  -33.582  -28.292  53.492 0.0000000000
68030  -39.218  -28.627  54.895 0.0000000000
68964  -29.931  -28.813  62.920 0.0000000000
68991  -28.654  -28.840  60.990 0.0000000000
69006  -38.646  -26.818  58.156 0.0000000000
69044  -27.219  -29.034  57.316 0.0000000000
69049  -36.412  -27.751  55.854 0.0000000000
69089  -32.995  -28.076  53.199 0.0000000000
70030  -38.946  -26.055  59.053 0.0000000000
70043  -37.271  -26.485  57.970 0.0000000000
70044  -37.688  -26.485  58.032 0.0000000000
70105  -31.660  -27.023  53.610 0.0000000000
70121  -42.216  -25.447  55.489 0.0000000000
71140  -36.002  -26.194  57.378 0.0000000000
71147  -33.607  -25.861  55.844 0.0000000000
71167  -31.840  -26.720  54.096 0.0000000000
71168  -32.325  -26.709  54.401 0.0000000000
71170  -43.420  -25.017  55.469 0.0000000000
72161  -35.904  -25.144  57.980 0.0000000000
72179  -34.268  -25.591  56.611 0.0000000000
72240  -40.675  -23.390  52.854 0.0000000000
73225  -35.094  -24.322  59.323 0.0000000000
73274  -36.665  -24.508  53.327 0.0000000000
74252  -36.979  -23.726  60.976 0.0000000000
74253  -37.502  -23.728  60.785 0.0000000000
74347  -44.731  -21.820  51.025 0.0000000000
76344  -46.419  -21.384  51.443 0.0000000000
76388  -46.465  -20.215  48.204 0.0000000000
77386  -45.751  -19.157  47.382 0.0000000000
84145  -45.516  -13.526  47.692 0.0000000000
84151  -43.630  -13.635  46.077 0.0000000000
85076  -44.370  -12.732  46.190 0.0000000000
