#!ascii label  , from subject sub-1633992 vox2ras=TkReg
1509
55703  -42.880  -41.617  64.763 0.0000000000
43282  -29.734  -52.866  67.870 0.0000000000
61934  -41.936  -35.665  49.453 0.0000000000
51735  -36.542  -45.484  56.676 0.0000000000
57735  -42.340  -39.309  57.034 0.0000000000
52591  -36.732  -44.450  67.646 0.0000000000
46761  -34.388  -50.673  56.521 0.0000000000
47776  -41.999  -50.089  59.743 0.0000000000
45423  -18.524  -51.025  68.612 0.0000000000
66159  -52.380  -31.648  50.874 0.0000000000
45650  -23.976  -50.914  55.533 0.0000000000
54803  -39.140  -43.078  60.024 0.0000000000
56732  -37.372  -40.551  57.449 0.0000000000
58730  -41.165  -38.268  62.030 0.0000000000
55672  -40.028  -41.729  66.474 0.0000000000
50588  -38.240  -46.067  62.250 0.0000000000
51660  -40.585  -45.695  61.640 0.0000000000
49681  -39.369  -47.967  58.058 0.0000000000
70191  -52.546  -27.448  48.494 0.0000000000
44369  -23.350  -53.238  67.932 0.0000000000
45535  -21.380  -51.211  61.606 0.0000000000
44457  -26.589  -52.653  61.380 0.0000000000
57817  -42.103  -39.122  53.638 0.0000000000
47660  -34.001  -49.334  67.467 0.0000000000
47723  -31.345  -49.459  62.428 0.0000000000
51674  -34.253  -44.930  60.623 0.0000000000
45572  -38.404  -51.113  59.552 0.0000000000
46515  -13.507  -50.653  69.062 0.0000000000
56719  -47.951  -40.026  58.690 0.0000000000
59855  -48.208  -37.312  53.565 0.0000000000
62956  -52.510  -34.724  53.298 0.0000000000
64122  -46.973  -33.901  50.223 0.0000000000
67137  -46.817  -30.113  47.378 0.0000000000
45514  -16.212  -50.835  62.144 0.0000000000
46728  -29.487  -50.422  56.965 0.0000000000
55739  -40.956  -41.988  62.190 0.0000000000
57639  -39.809  -40.103  61.251 0.0000000000
57617  -41.501  -39.963  63.792 0.0000000000
53731  -42.259  -43.002  66.206 0.0000000000
51592  -40.761  -45.064  64.386 0.0000000000
53792  -41.787  -43.537  63.180 0.0000000000
53822  -40.470  -43.784  61.136 0.0000000000
61962  -39.613  -35.199  47.670 0.0000000000
63041  -41.260  -34.095  47.833 0.0000000000
42231  -26.760  -54.126  68.213 0.0000000000
44418  -25.762  -53.042  64.746 0.0000000000
43342  -28.079  -53.315  64.622 0.0000000000
52827  -34.531  -44.467  54.950 0.0000000000
57733  -39.850  -38.757  57.466 0.0000000000
56766  -37.758  -40.091  55.185 0.0000000000
56768  -39.955  -40.038  54.946 0.0000000000
57815  -39.955  -39.866  53.311 0.0000000000
56771  -42.732  -40.040  55.504 0.0000000000
49518  -35.377  -47.322  67.551 0.0000000000
49559  -34.254  -47.350  64.466 0.0000000000
51612  -35.074  -45.145  64.027 0.0000000000
48657  -39.569  -48.604  61.622 0.0000000000
48674  -38.362  -48.738  60.950 0.0000000000
45555  -41.316  -51.504  60.973 0.0000000000
49679  -37.778  -46.717  57.218 0.0000000000
57789  -48.530  -39.487  55.970 0.0000000000
62984  -49.976  -34.556  51.394 0.0000000000
65181  -49.271  -32.775  50.011 0.0000000000
66176  -46.338  -31.916  48.240 0.0000000000
66179  -49.796  -31.103  48.891 0.0000000000
70211  -49.019  -27.176  46.709 0.0000000000
46538  -16.358  -49.809  68.576 0.0000000000
46589  -14.890  -50.388  65.209 0.0000000000
45464  -17.637  -50.894  64.918 0.0000000000
45583  -22.866  -50.780  58.869 0.0000000000
46700  -19.365  -50.356  58.185 0.0000000000
46776  -21.550  -50.497  55.353 0.0000000000
49663  -31.540  -47.642  58.725 0.0000000000
47758  -30.036  -48.805  59.324 0.0000000000
46730  -31.323  -50.589  56.954 0.0000000000
52792  -37.599  -44.191  58.344 0.0000000000
54830  -36.350  -42.804  57.232 0.0000000000
55777  -37.962  -41.815  58.984 0.0000000000
57682  -39.493  -39.218  59.803 0.0000000000
58798  -41.730  -38.146  58.756 0.0000000000
54712  -37.600  -42.538  66.596 0.0000000000
53773  -36.605  -42.971  63.509 0.0000000000
53756  -39.103  -43.433  64.123 0.0000000000
49579  -39.897  -46.862  62.954 0.0000000000
48675  -40.655  -48.301  60.600 0.0000000000
48693  -40.659  -48.725  58.852 0.0000000000
50639  -40.076  -46.764  60.076 0.0000000000
51695  -38.767  -45.407  59.161 0.0000000000
67132  -52.827  -29.507  49.398 0.0000000000
70162  -54.744  -27.497  50.383 0.0000000000
44367  -21.259  -52.254  67.703 0.0000000000
44412  -20.077  -51.804  64.618 0.0000000000
44415  -22.655  -52.031  64.753 0.0000000000
44455  -24.562  -52.248  61.522 0.0000000000
45586  -25.305  -51.736  58.241 0.0000000000
55808  -35.731  -41.248  55.322 0.0000000000
58885  -39.850  -38.246  51.400 0.0000000000
59877  -42.336  -37.344  51.460 0.0000000000
45440  -32.218  -51.298  68.022 0.0000000000
45485  -30.545  -51.375  65.575 0.0000000000
47694  -33.115  -49.492  65.271 0.0000000000
49612  -33.142  -47.320  61.397 0.0000000000
50672  -33.926  -46.537  57.726 0.0000000000
52749  -36.488  -45.013  60.741 0.0000000000
49652  -36.338  -47.328  59.223 0.0000000000
46733  -36.295  -50.900  57.676 0.0000000000
57600  -43.479  -39.508  66.174 0.0000000000
44312  -30.453  -52.244  70.749 0.0000000000
48509  -35.224  -48.128  70.420 0.0000000000
50493  -36.469  -46.145  69.934 0.0000000000
59718  -43.642  -37.114  64.925 0.0000000000
59751  -43.842  -37.280  62.507 0.0000000000
58780  -45.163  -38.667  59.545 0.0000000000
58759  -48.179  -38.834  60.778 0.0000000000
57738  -45.182  -40.067  57.652 0.0000000000
57786  -44.959  -39.881  55.618 0.0000000000
58869  -45.196  -38.013  54.037 0.0000000000
60874  -45.271  -36.303  51.554 0.0000000000
59872  -50.662  -37.147  53.080 0.0000000000
61910  -46.910  -35.605  51.358 0.0000000000
63017  -44.541  -34.781  49.789 0.0000000000
65190  -43.954  -32.993  48.172 0.0000000000
68162  -49.256  -28.926  47.562 0.0000000000
44380  -13.163  -52.483  66.099 0.0000000000
44492  -13.983  -52.171  58.882 0.0000000000
45532  -18.357  -51.137  61.668 0.0000000000
46697  -16.603  -50.698  58.837 0.0000000000
46639  -28.928  -51.028  62.723 0.0000000000
46705  -27.486  -50.286  58.779 0.0000000000
45631  -26.554  -51.133  56.050 0.0000000000
43426  -28.742  -53.829  56.215 0.0000000000
55716  -41.904  -41.567  63.559 0.0000000000
56666  -41.225  -40.685  63.057 0.0000000000
56653  -42.096  -40.863  64.117 0.0000000000
53760  -43.029  -42.669  65.219 0.0000000000
52681  -42.355  -43.545  64.357 0.0000000000
53778  -42.599  -42.986  64.236 0.0000000000
54772  -41.501  -42.719  62.714 0.0000000000
60899  -40.619  -36.128  49.101 0.0000000000
61949  -40.866  -35.319  48.512 0.0000000000
63039  -39.935  -34.562  47.435 0.0000000000
63030  -41.408  -34.714  48.312 0.0000000000
42217  -28.306  -53.666  68.435 0.0000000000
43313  -27.792  -53.577  66.224 0.0000000000
43315  -29.093  -53.027  66.090 0.0000000000
50689  -35.531  -46.041  55.520 0.0000000000
52813  -35.505  -44.426  56.201 0.0000000000
57734  -41.287  -38.931  57.106 0.0000000000
57782  -39.327  -39.673  55.476 0.0000000000
57784  -41.309  -39.861  55.713 0.0000000000
56769  -40.873  -40.086  55.067 0.0000000000
56748  -42.269  -40.034  55.864 0.0000000000
51558  -35.868  -45.841  67.168 0.0000000000
51575  -35.516  -45.772  66.013 0.0000000000
52626  -35.702  -45.050  65.555 0.0000000000
47751  -41.182  -49.764  60.973 0.0000000000
46655  -40.306  -50.120  61.448 0.0000000000
46671  -41.661  -50.632  60.872 0.0000000000
45556  -42.199  -51.562  60.822 0.0000000000
51736  -37.171  -45.540  57.091 0.0000000000
49688  -37.445  -47.232  56.582 0.0000000000
49687  -36.764  -46.815  56.106 0.0000000000
64127  -51.293  -33.279  50.918 0.0000000000
65183  -50.849  -31.986  50.094 0.0000000000
66169  -49.525  -31.876  49.419 0.0000000000
67119  -51.193  -31.036  49.422 0.0000000000
46539  -17.478  -50.353  68.795 0.0000000000
46577  -17.038  -50.229  66.701 0.0000000000
45436  -17.884  -50.727  67.029 0.0000000000
46724  -23.518  -50.615  56.865 0.0000000000
46722  -21.774  -50.310  57.035 0.0000000000
46777  -22.588  -50.553  55.358 0.0000000000
44562  -22.180  -52.233  54.268 0.0000000000
44563  -23.359  -52.270  54.244 0.0000000000
49685  -32.379  -47.876  56.495 0.0000000000
48698  -31.060  -48.625  57.250 0.0000000000
46759  -32.298  -50.611  56.530 0.0000000000
53835  -38.653  -43.651  59.398 0.0000000000
54818  -37.949  -42.741  59.003 0.0000000000
55762  -38.724  -41.868  59.843 0.0000000000
57640  -40.266  -39.563  61.826 0.0000000000
57656  -39.430  -39.697  60.563 0.0000000000
58776  -40.236  -38.702  60.186 0.0000000000
58797  -40.671  -38.366  59.130 0.0000000000
58753  -41.112  -38.170  60.929 0.0000000000
54713  -38.605  -41.754  66.290 0.0000000000
54727  -38.196  -42.128  65.345 0.0000000000
54745  -39.857  -42.939  65.022 0.0000000000
51615  -40.744  -45.691  63.680 0.0000000000
51614  -39.957  -45.577  64.143 0.0000000000
50575  -40.439  -46.448  62.984 0.0000000000
49596  -40.104  -47.191  62.422 0.0000000000
50606  -40.408  -46.620  61.327 0.0000000000
49654  -40.261  -47.374  59.863 0.0000000000
51679  -40.286  -45.989  60.783 0.0000000000
53821  -39.881  -44.047  60.544 0.0000000000
52750  -39.691  -44.655  60.255 0.0000000000
53836  -39.210  -43.823  59.906 0.0000000000
52793  -38.196  -44.681  58.736 0.0000000000
44368  -22.323  -52.681  67.803 0.0000000000
44383  -22.096  -52.261  66.740 0.0000000000
44384  -23.124  -52.708  66.854 0.0000000000
43351  -26.242  -53.094  63.401 0.0000000000
44446  -24.543  -52.351  62.677 0.0000000000
44466  -25.455  -52.540  60.839 0.0000000000
44482  -24.985  -52.162  59.820 0.0000000000
44483  -25.746  -52.338  59.797 0.0000000000
55790  -36.780  -41.848  57.599 0.0000000000
55798  -35.457  -42.159  56.116 0.0000000000
55800  -36.732  -40.998  56.788 0.0000000000
56787  -37.635  -40.459  54.090 0.0000000000
56786  -36.700  -40.678  53.701 0.0000000000
56801  -36.720  -40.657  52.835 0.0000000000
57816  -41.051  -39.754  53.709 0.0000000000
57825  -40.329  -39.250  52.673 0.0000000000
58876  -40.921  -38.491  52.177 0.0000000000
58895  -40.824  -37.718  51.181 0.0000000000
58878  -42.516  -37.893  52.362 0.0000000000
46565  -33.069  -50.467  67.734 0.0000000000
46580  -32.820  -50.439  66.868 0.0000000000
47678  -33.722  -49.303  66.279 0.0000000000
50587  -34.135  -46.165  62.638 0.0000000000
49575  -33.734  -47.652  63.263 0.0000000000
50603  -33.334  -46.258  60.919 0.0000000000
50634  -33.106  -46.002  59.335 0.0000000000
51691  -33.869  -45.586  58.996 0.0000000000
53790  -37.580  -43.775  62.422 0.0000000000
53804  -35.990  -43.447  62.368 0.0000000000
52726  -37.491  -44.622  61.820 0.0000000000
47761  -38.194  -50.039  60.047 0.0000000000
48672  -37.037  -48.052  59.940 0.0000000000
47759  -36.817  -49.215  59.260 0.0000000000
48691  -36.082  -48.734  58.837 0.0000000000
48692  -40.029  -48.248  58.485 0.0000000000
49471  -35.741  -47.533  70.027 0.0000000000
53685  -37.934  -42.837  69.802 0.0000000000
59708  -43.263  -38.301  65.830 0.0000000000
59731  -45.278  -36.773  63.455 0.0000000000
59753  -45.744  -37.356  62.487 0.0000000000
58733  -44.872  -37.677  61.429 0.0000000000
58712  -46.326  -37.701  62.059 0.0000000000
57686  -47.488  -39.660  59.351 0.0000000000
57685  -46.726  -39.604  59.170 0.0000000000
56717  -46.417  -40.207  58.077 0.0000000000
56751  -44.851  -40.347  56.313 0.0000000000
56753  -46.762  -40.257  56.747 0.0000000000
58857  -47.852  -38.399  54.737 0.0000000000
57808  -46.261  -38.945  55.145 0.0000000000
59840  -46.561  -37.744  54.065 0.0000000000
59868  -45.087  -37.050  52.799 0.0000000000
60862  -45.727  -36.592  52.352 0.0000000000
60868  -52.159  -36.115  52.828 0.0000000000
63004  -48.524  -34.370  50.799 0.0000000000
61912  -48.624  -35.282  51.553 0.0000000000
63003  -47.486  -34.706  50.839 0.0000000000
61925  -45.753  -35.304  50.631 0.0000000000
63018  -45.493  -34.295  49.846 0.0000000000
64140  -43.983  -34.006  49.117 0.0000000000
64158  -45.372  -33.303  48.924 0.0000000000
66187  -46.513  -31.031  47.742 0.0000000000
66186  -45.387  -31.383  47.649 0.0000000000
67135  -44.700  -30.728  47.084 0.0000000000
69179  -52.989  -28.361  49.006 0.0000000000
68154  -50.656  -29.644  48.235 0.0000000000
69185  -50.775  -28.290  47.835 0.0000000000
46618  -15.291  -50.574  63.580 0.0000000000
46602  -14.218  -51.010  64.199 0.0000000000
45512  -14.486  -51.425  62.479 0.0000000000
44463  -14.117  -52.291  61.000 0.0000000000
45543  -15.135  -51.233  60.448 0.0000000000
45498  -20.251  -51.671  63.624 0.0000000000
45497  -19.123  -51.538  63.456 0.0000000000
45534  -20.275  -51.244  61.625 0.0000000000
46699  -18.402  -50.426  58.377 0.0000000000
43437  -18.084  -52.689  55.678 0.0000000000
46623  -30.939  -50.305  63.696 0.0000000000
46622  -29.821  -50.963  63.813 0.0000000000
46653  -30.000  -49.925  61.970 0.0000000000
47781  -29.313  -49.527  57.781 0.0000000000
47769  -28.349  -49.514  59.060 0.0000000000
46727  -28.487  -50.034  57.294 0.0000000000
45604  -26.848  -50.810  57.392 0.0000000000
45633  -28.291  -51.173  55.893 0.0000000000
43443  -27.479  -53.575  55.294 0.0000000000
55752  -40.030  -42.510  61.021 0.0000000000
55737  -39.669  -41.249  60.929 0.0000000000
56677  -40.549  -40.687  62.063 0.0000000000
57627  -40.755  -39.762  62.673 0.0000000000
58709  -41.236  -38.886  63.222 0.0000000000
54731  -41.430  -42.888  66.145 0.0000000000
54730  -40.864  -43.019  65.750 0.0000000000
52630  -41.898  -43.814  65.275 0.0000000000
52680  -41.851  -44.240  63.896 0.0000000000
52702  -41.132  -44.917  62.471 0.0000000000
52727  -40.933  -44.680  61.933 0.0000000000
52728  -41.254  -44.171  62.167 0.0000000000
54781  -40.692  -42.906  61.623 0.0000000000
65201  -40.846  -33.043  46.555 0.0000000000
43293  -24.971  -53.746  67.982 0.0000000000
44401  -24.744  -52.861  66.155 0.0000000000
43311  -26.147  -53.591  66.732 0.0000000000
43341  -27.410  -53.448  64.572 0.0000000000
43360  -27.334  -53.043  63.113 0.0000000000
57732  -38.706  -39.247  57.040 0.0000000000
56747  -37.288  -40.203  56.334 0.0000000000
57756  -38.606  -39.424  56.088 0.0000000000
56767  -38.981  -39.997  54.899 0.0000000000
56789  -39.630  -40.222  54.338 0.0000000000
56815  -38.805  -40.098  53.101 0.0000000000
56805  -40.236  -40.168  53.900 0.0000000000
57803  -41.383  -39.851  54.183 0.0000000000
57804  -41.816  -39.708  54.271 0.0000000000
49517  -34.999  -47.936  67.237 0.0000000000
48563  -34.429  -48.601  66.771 0.0000000000
50529  -34.831  -46.880  65.967 0.0000000000
50557  -34.626  -46.355  64.259 0.0000000000
51634  -34.328  -45.485  62.560 0.0000000000
49614  -38.649  -47.388  62.015 0.0000000000
50604  -37.886  -46.650  61.533 0.0000000000
48656  -38.830  -48.662  61.421 0.0000000000
47749  -39.151  -49.907  60.940 0.0000000000
46688  -39.347  -51.015  60.244 0.0000000000
44485  -39.750  -52.431  60.024 0.0000000000
44470  -40.952  -52.287  60.750 0.0000000000
49680  -38.548  -47.106  57.734 0.0000000000
49689  -38.364  -47.953  56.838 0.0000000000
56721  -49.392  -39.655  58.448 0.0000000000
56754  -48.034  -40.130  57.238 0.0000000000
57765  -49.917  -39.812  56.963 0.0000000000
58841  -49.270  -39.052  55.271 0.0000000000
59843  -49.271  -38.051  54.241 0.0000000000
64081  -52.381  -33.660  52.734 0.0000000000
61916  -51.858  -35.219  52.150 0.0000000000
64104  -51.465  -33.798  51.325 0.0000000000
63006  -50.297  -33.912  51.005 0.0000000000
64145  -48.479  -33.308  50.113 0.0000000000
65178  -46.602  -33.077  49.069 0.0000000000
66167  -47.594  -32.363  49.052 0.0000000000
66177  -47.509  -31.598  48.467 0.0000000000
67127  -48.147  -30.866  48.125 0.0000000000
71257  -51.790  -26.757  47.944 0.0000000000
70203  -50.328  -27.476  47.490 0.0000000000
72299  -50.474  -26.389  47.190 0.0000000000
47627  -14.921  -49.646  68.744 0.0000000000
46558  -14.234  -50.329  67.104 0.0000000000
46559  -15.151  -49.875  67.288 0.0000000000
46590  -15.834  -50.171  65.375 0.0000000000
46620  -16.899  -50.697  63.478 0.0000000000
45567  -22.330  -50.814  59.613 0.0000000000
46664  -20.696  -50.668  59.707 0.0000000000
46682  -21.240  -50.435  59.043 0.0000000000
46721  -20.703  -50.108  57.087 0.0000000000
46774  -19.294  -50.872  55.503 0.0000000000
44548  -19.017  -52.306  55.067 0.0000000000
44560  -20.363  -52.213  54.654 0.0000000000
48670  -31.577  -48.215  60.084 0.0000000000
47745  -30.389  -48.986  60.473 0.0000000000
48678  -30.570  -48.423  58.810 0.0000000000
48697  -30.561  -49.116  57.392 0.0000000000
46729  -30.406  -50.535  57.115 0.0000000000
52805  -37.174  -44.695  57.837 0.0000000000
53880  -35.988  -43.775  56.841 0.0000000000
53868  -36.948  -43.595  57.852 0.0000000000
55776  -37.365  -41.892  58.316 0.0000000000
56715  -37.423  -41.271  58.229 0.0000000000
56689  -38.978  -41.159  60.275 0.0000000000
57681  -38.760  -39.750  59.214 0.0000000000
57706  -38.683  -39.368  58.135 0.0000000000
57707  -39.397  -38.985  58.769 0.0000000000
58813  -40.925  -38.437  58.085 0.0000000000
58814  -42.029  -38.694  57.801 0.0000000000
53715  -37.224  -43.408  67.567 0.0000000000
53742  -36.505  -43.439  65.482 0.0000000000
54726  -37.121  -42.609  65.232 0.0000000000
54760  -37.837  -42.757  63.694 0.0000000000
52701  -38.455  -44.637  62.885 0.0000000000
52651  -40.005  -44.774  64.503 0.0000000000
51613  -39.221  -45.468  63.664 0.0000000000
49594  -39.159  -46.885  62.867 0.0000000000
49595  -39.470  -47.264  62.492 0.0000000000
48658  -40.222  -48.234  61.508 0.0000000000
47762  -41.063  -49.187  60.339 0.0000000000
47775  -41.431  -49.513  59.366 0.0000000000
48683  -40.790  -48.487  59.685 0.0000000000
49670  -40.303  -47.986  59.127 0.0000000000
49669  -39.502  -47.243  58.874 0.0000000000
51678  -39.808  -45.586  60.164 0.0000000000
50637  -39.180  -46.150  59.251 0.0000000000
49668  -38.958  -46.931  58.421 0.0000000000
50674  -38.165  -46.085  58.014 0.0000000000
51722  -37.570  -45.564  57.617 0.0000000000
67121  -52.848  -30.170  49.982 0.0000000000
67122  -53.516  -29.615  50.395 0.0000000000
69164  -53.907  -28.311  49.903 0.0000000000
70176  -53.942  -27.777  49.537 0.0000000000
71240  -53.446  -26.729  48.795 0.0000000000
72282  -53.151  -25.794  48.458 0.0000000000
45438  -19.352  -51.653  68.029 0.0000000000
45451  -19.329  -51.684  66.858 0.0000000000
44381  -20.112  -51.926  66.179 0.0000000000
44414  -21.637  -51.940  64.690 0.0000000000
45500  -22.036  -51.543  63.351 0.0000000000
44416  -23.783  -52.323  64.843 0.0000000000
44433  -23.388  -51.981  63.564 0.0000000000
45536  -22.648  -51.342  61.629 0.0000000000
44464  -23.880  -51.577  60.172 0.0000000000
45585  -24.575  -51.515  58.444 0.0000000000
45601  -24.780  -51.370  57.439 0.0000000000
53879  -35.515  -43.483  56.279 0.0000000000
54858  -34.777  -42.680  55.241 0.0000000000
56746  -36.533  -40.675  55.866 0.0000000000
59884  -41.017  -37.270  50.644 0.0000000000
60881  -42.406  -36.675  50.717 0.0000000000
44355  -30.529  -52.383  68.287 0.0000000000
44388  -30.249  -52.252  66.739 0.0000000000
46578  -31.362  -51.179  66.214 0.0000000000
46608  -31.636  -50.236  64.607 0.0000000000
47714  -32.283  -49.379  63.314 0.0000000000
48600  -33.512  -48.705  64.405 0.0000000000
47715  -33.019  -48.928  63.531 0.0000000000
47734  -32.246  -48.549  61.532 0.0000000000
49650  -32.015  -47.455  59.430 0.0000000000
50654  -32.641  -46.592  57.828 0.0000000000
48699  -33.820  -48.089  56.743 0.0000000000
53754  -35.816  -43.900  64.429 0.0000000000
52699  -35.338  -43.861  62.873 0.0000000000
52747  -34.875  -44.509  61.150 0.0000000000
50619  -37.299  -46.488  60.763 0.0000000000
51694  -36.396  -45.929  59.893 0.0000000000
51710  -35.224  -45.817  58.943 0.0000000000
49666  -35.342  -47.258  58.306 0.0000000000
48701  -34.966  -48.672  57.667 0.0000000000
46735  -41.434  -50.594  58.109 0.0000000000
55691  -43.314  -41.604  65.593 0.0000000000
56630  -43.259  -40.700  65.667 0.0000000000
47611  -15.377  -49.446  69.807 0.0000000000
45410  -18.818  -51.036  69.699 0.0000000000
44351  -20.334  -52.101  68.897 0.0000000000
44338  -21.207  -52.551  69.961 0.0000000000
42214  -25.834  -54.248  69.169 0.0000000000
42206  -27.221  -53.899  69.756 0.0000000000
43268  -28.558  -53.448  69.347 0.0000000000
43256  -29.817  -52.679  69.487 0.0000000000
44327  -31.176  -51.831  69.605 0.0000000000
45427  -32.753  -50.746  69.147 0.0000000000
46549  -33.607  -49.941  69.398 0.0000000000
47603  -33.946  -49.386  70.498 0.0000000000
48535  -34.745  -48.778  69.157 0.0000000000
48536  -35.327  -48.075  68.780 0.0000000000
50504  -36.061  -46.486  68.765 0.0000000000
51532  -36.589  -45.506  69.198 0.0000000000
52592  -37.150  -43.976  68.352 0.0000000000
53700  -37.703  -43.220  68.648 0.0000000000
54700  -38.422  -41.985  67.450 0.0000000000
55675  -43.245  -41.981  66.661 0.0000000000
57608  -42.414  -39.926  64.942 0.0000000000
58702  -42.067  -38.389  64.296 0.0000000000
58710  -42.016  -37.905  63.464 0.0000000000
59710  -44.404  -36.701  65.638 0.0000000000
59730  -43.903  -36.942  63.568 0.0000000000
59770  -42.320  -37.710  61.998 0.0000000000
58755  -43.236  -37.770  60.676 0.0000000000
58779  -43.829  -38.128  59.569 0.0000000000
58800  -44.273  -38.842  58.617 0.0000000000
58757  -45.905  -38.445  60.668 0.0000000000
58801  -45.098  -39.267  58.649 0.0000000000
57736  -43.239  -39.661  57.116 0.0000000000
56749  -43.160  -40.250  56.049 0.0000000000
56794  -43.823  -40.023  55.484 0.0000000000
57806  -44.166  -39.661  55.112 0.0000000000
57787  -46.240  -39.779  55.807 0.0000000000
57807  -45.336  -39.235  55.172 0.0000000000
58867  -43.473  -38.287  53.483 0.0000000000
59866  -43.265  -37.468  52.276 0.0000000000
60872  -42.999  -36.864  51.312 0.0000000000
60882  -43.521  -36.390  50.866 0.0000000000
59844  -51.414  -38.012  54.063 0.0000000000
59856  -49.612  -37.496  53.552 0.0000000000
61901  -50.993  -35.857  52.321 0.0000000000
61899  -48.988  -35.733  52.166 0.0000000000
60864  -48.203  -36.336  52.451 0.0000000000
60875  -46.401  -36.173  51.783 0.0000000000
61923  -43.991  -35.745  50.402 0.0000000000
61935  -42.737  -35.302  49.522 0.0000000000
63032  -43.205  -34.117  48.836 0.0000000000
64167  -42.428  -33.406  47.826 0.0000000000
65203  -41.940  -32.350  46.861 0.0000000000
65191  -44.919  -32.741  48.325 0.0000000000
66184  -43.241  -31.913  47.318 0.0000000000
66191  -42.327  -31.647  46.562 0.0000000000
67130  -51.217  -30.294  48.897 0.0000000000
67128  -49.061  -30.453  48.192 0.0000000000
67138  -47.968  -30.026  47.618 0.0000000000
69183  -48.835  -28.113  47.129 0.0000000000
68169  -47.578  -28.574  46.814 0.0000000000
68159  -46.264  -29.404  46.792 0.0000000000
45463  -13.791  -51.263  65.551 0.0000000000
45465  -18.535  -51.306  65.301 0.0000000000
45496  -18.174  -51.295  63.263 0.0000000000
45531  -17.545  -50.995  61.628 0.0000000000
46662  -18.986  -50.909  59.997 0.0000000000
46661  -18.109  -50.858  60.144 0.0000000000
46659  -16.556  -50.927  60.166 0.0000000000
45581  -15.577  -50.973  58.596 0.0000000000
44420  -29.212  -52.401  65.248 0.0000000000
45502  -28.405  -52.004  63.635 0.0000000000
45538  -27.733  -51.605  61.963 0.0000000000
47744  -29.378  -49.613  60.904 0.0000000000
46666  -28.306  -50.257  60.843 0.0000000000
45553  -26.893  -51.738  60.463 0.0000000000
45587  -26.121  -51.619  58.291 0.0000000000
45602  -25.530  -51.563  57.261 0.0000000000
45652  -25.876  -51.542  55.333 0.0000000000
45607  -31.509  -51.595  57.429 0.0000000000
44511  -30.341  -52.369  57.237 0.0000000000
44553  -29.166  -52.575  56.118 0.0000000000
45654  -27.748  -51.739  55.337 0.0000000000
45668  -26.497  -52.298  54.786 0.0000000000
44565  -25.364  -52.633  54.522 0.0000000000
55717  -42.474  -41.847  64.188 0.0000000000
56654  -42.576  -41.274  64.474 0.0000000000
55704  -43.190  -41.981  65.173 0.0000000000
54747  -42.871  -42.417  64.733 0.0000000000
54763  -42.548  -42.491  64.191 0.0000000000
54762  -42.125  -42.573  63.587 0.0000000000
60900  -41.293  -35.765  49.189 0.0000000000
61950  -41.709  -35.253  48.895 0.0000000000
43281  -29.105  -53.287  68.238 0.0000000000
42234  -28.611  -53.499  67.329 0.0000000000
43298  -29.143  -53.227  67.126 0.0000000000
51748  -35.921  -45.647  56.197 0.0000000000
51747  -35.395  -45.500  55.713 0.0000000000
51734  -35.807  -45.181  56.390 0.0000000000
57758  -40.702  -39.320  56.352 0.0000000000
57759  -41.789  -39.602  56.381 0.0000000000
57760  -42.743  -39.881  56.471 0.0000000000
51559  -36.288  -45.086  67.190 0.0000000000
52607  -36.002  -45.090  66.389 0.0000000000
47763  -41.676  -49.898  60.281 0.0000000000
46656  -40.964  -50.208  61.335 0.0000000000
50683  -36.937  -46.335  56.318 0.0000000000
50690  -36.102  -46.276  55.799 0.0000000000
66158  -51.692  -32.145  50.625 0.0000000000
66171  -51.514  -31.590  50.118 0.0000000000
45422  -17.935  -50.730  67.924 0.0000000000
45437  -18.591  -51.229  67.467 0.0000000000
46753  -23.635  -50.618  56.161 0.0000000000
46752  -22.986  -50.474  56.171 0.0000000000
45649  -23.215  -50.731  55.214 0.0000000000
45664  -22.917  -51.192  54.639 0.0000000000
45665  -24.186  -51.576  54.671 0.0000000000
48708  -33.538  -48.762  56.313 0.0000000000
47796  -33.075  -49.639  56.021 0.0000000000
46760  -33.452  -50.614  56.241 0.0000000000
54802  -38.564  -42.887  59.554 0.0000000000
55763  -39.094  -42.536  60.094 0.0000000000
58752  -40.473  -38.760  61.402 0.0000000000
55671  -39.424  -41.741  66.119 0.0000000000
55688  -39.525  -41.917  65.820 0.0000000000
55689  -39.848  -41.995  65.890 0.0000000000
51637  -40.929  -45.426  62.692 0.0000000000
50590  -40.475  -46.470  62.170 0.0000000000
54792  -39.663  -43.085  60.559 0.0000000000
43366  -26.553  -52.876  61.924 0.0000000000
43358  -26.070  -52.982  62.404 0.0000000000
43365  -25.972  -52.834  61.572 0.0000000000
44467  -26.295  -52.535  60.720 0.0000000000
56802  -37.545  -40.499  53.181 0.0000000000
57826  -41.355  -38.929  52.909 0.0000000000
58877  -41.698  -38.268  52.293 0.0000000000
57827  -42.072  -38.552  52.882 0.0000000000
47640  -33.532  -49.939  67.967 0.0000000000
47659  -33.405  -49.919  67.106 0.0000000000
51633  -34.013  -45.559  61.840 0.0000000000
50586  -33.798  -46.293  61.990 0.0000000000
51656  -33.789  -45.534  61.192 0.0000000000
51673  -33.607  -45.529  60.093 0.0000000000
52700  -37.980  -44.445  62.416 0.0000000000
51659  -37.695  -45.610  61.705 0.0000000000
47760  -37.471  -49.498  59.624 0.0000000000
46686  -38.021  -50.565  59.543 0.0000000000
47774  -36.965  -49.958  58.902 0.0000000000
48703  -39.901  -48.793  57.697 0.0000000000
58711  -45.884  -37.584  62.053 0.0000000000
56705  -48.516  -39.843  59.005 0.0000000000
57687  -48.226  -39.712  59.315 0.0000000000
56704  -48.259  -39.907  59.019 0.0000000000
57712  -47.177  -39.960  58.828 0.0000000000
56718  -46.871  -40.188  58.247 0.0000000000
56736  -46.107  -40.322  57.621 0.0000000000
56737  -47.352  -40.256  57.790 0.0000000000
59841  -47.528  -37.758  54.140 0.0000000000
59854  -47.133  -37.142  53.421 0.0000000000
59853  -46.236  -37.353  53.489 0.0000000000
62939  -52.205  -34.656  53.818 0.0000000000
61887  -52.522  -35.819  53.271 0.0000000000
61888  -52.620  -36.219  53.814 0.0000000000
64123  -47.988  -33.889  50.395 0.0000000000
63002  -46.257  -34.607  50.382 0.0000000000
63019  -46.156  -33.884  49.949 0.0000000000
64142  -45.743  -33.657  49.423 0.0000000000
67136  -45.601  -30.254  47.135 0.0000000000
67144  -45.443  -29.577  46.385 0.0000000000
69178  -52.066  -28.425  48.454 0.0000000000
69177  -51.389  -28.656  48.151 0.0000000000
69186  -51.483  -28.149  48.090 0.0000000000
46535  -13.527  -50.895  67.954 0.0000000000
46635  -15.757  -50.667  62.860 0.0000000000
46634  -15.070  -50.854  62.893 0.0000000000
45513  -15.389  -51.037  62.171 0.0000000000
45528  -14.930  -51.309  61.403 0.0000000000
45529  -15.804  -51.015  61.217 0.0000000000
45519  -20.784  -51.419  62.550 0.0000000000
44532  -17.056  -52.356  56.023 0.0000000000
46641  -30.925  -49.999  62.848 0.0000000000
47722  -30.563  -49.834  62.312 0.0000000000
47780  -28.649  -49.493  58.159 0.0000000000
46756  -27.907  -50.590  56.521 0.0000000000
46757  -28.696  -50.694  56.530 0.0000000000
55738  -40.172  -41.704  61.357 0.0000000000
56678  -41.081  -41.281  62.524 0.0000000000
56665  -40.796  -40.377  62.609 0.0000000000
57628  -41.110  -39.816  63.217 0.0000000000
58708  -40.865  -39.194  62.746 0.0000000000
53730  -42.000  -43.006  66.255 0.0000000000
53744  -41.730  -43.315  65.864 0.0000000000
52654  -42.250  -43.841  64.823 0.0000000000
51616  -41.328  -45.072  63.368 0.0000000000
52703  -41.401  -44.562  62.762 0.0000000000
54782  -41.162  -42.791  62.184 0.0000000000
60912  -39.401  -36.125  48.065 0.0000000000
64164  -40.171  -34.064  47.140 0.0000000000
64172  -41.057  -33.343  47.061 0.0000000000
43294  -25.908  -53.957  67.749 0.0000000000
43310  -25.173  -53.400  67.105 0.0000000000
43295  -26.854  -53.820  67.346 0.0000000000
43327  -27.959  -53.486  65.367 0.0000000000
43326  -27.165  -53.596  65.457 0.0000000000
43352  -26.995  -53.296  63.687 0.0000000000
43353  -27.745  -53.190  63.903 0.0000000000
57783  -40.312  -39.713  55.577 0.0000000000
56788  -38.645  -40.267  54.257 0.0000000000
56770  -41.809  -40.046  55.243 0.0000000000
56791  -41.307  -39.980  54.508 0.0000000000
56792  -42.294  -39.930  54.885 0.0000000000
49532  -35.077  -47.410  66.939 0.0000000000
51590  -35.154  -45.542  64.719 0.0000000000
50558  -34.838  -46.288  64.958 0.0000000000
51589  -34.859  -45.820  64.236 0.0000000000
51611  -34.781  -45.540  63.741 0.0000000000
52676  -34.985  -44.978  63.730 0.0000000000
49615  -39.249  -47.967  61.945 0.0000000000
46670  -40.724  -50.764  61.177 0.0000000000
46654  -39.809  -49.909  61.415 0.0000000000
46669  -39.631  -50.526  60.973 0.0000000000
46668  -39.063  -50.104  60.704 0.0000000000
45554  -40.443  -51.438  60.830 0.0000000000
44469  -40.234  -52.081  60.590 0.0000000000
56740  -49.678  -39.668  58.140 0.0000000000
56756  -49.642  -39.794  57.739 0.0000000000
57792  -51.676  -39.321  56.055 0.0000000000
57791  -50.766  -39.540  55.982 0.0000000000
58842  -50.359  -39.164  55.269 0.0000000000
58859  -49.989  -38.438  54.447 0.0000000000
65130  -52.359  -32.633  52.232 0.0000000000
65122  -52.306  -32.564  52.919 0.0000000000
64089  -52.248  -33.617  52.041 0.0000000000
62986  -51.866  -34.491  51.891 0.0000000000
64105  -51.871  -33.453  51.486 0.0000000000
65165  -50.121  -32.906  50.331 0.0000000000
64126  -50.607  -33.319  50.688 0.0000000000
64125  -49.698  -33.399  50.488 0.0000000000
64146  -49.095  -33.305  50.289 0.0000000000
65180  -48.071  -32.820  49.567 0.0000000000
66178  -48.747  -31.341  48.732 0.0000000000
72301  -52.249  -25.806  47.935 0.0000000000
71256  -50.807  -26.791  47.507 0.0000000000
46537  -15.385  -49.710  68.231 0.0000000000
46560  -16.190  -49.908  67.484 0.0000000000
46591  -16.873  -50.328  65.624 0.0000000000
46605  -16.679  -50.451  64.460 0.0000000000
46683  -22.105  -50.562  58.703 0.0000000000
46750  -21.074  -50.216  56.120 0.0000000000
46749  -19.915  -50.319  56.159 0.0000000000
46775  -20.408  -50.732  55.238 0.0000000000
45647  -19.616  -51.496  54.985 0.0000000000
46784  -20.636  -51.067  54.808 0.0000000000
43456  -22.621  -53.178  54.378 0.0000000000
44561  -21.129  -52.239  54.472 0.0000000000
49649  -31.618  -47.683  59.155 0.0000000000
48679  -31.371  -47.975  59.268 0.0000000000
48689  -30.993  -48.081  58.276 0.0000000000
47794  -31.396  -49.527  56.674 0.0000000000
47783  -30.742  -49.644  57.041 0.0000000000
47782  -30.132  -49.565  57.505 0.0000000000
53853  -37.495  -43.515  58.390 0.0000000000
54817  -37.393  -42.704  58.386 0.0000000000
56676  -39.883  -40.866  61.237 0.0000000000
56690  -39.273  -40.691  60.613 0.0000000000
56703  -38.928  -39.965  60.085 0.0000000000
58812  -40.109  -38.568  58.556 0.0000000000
54711  -36.929  -43.087  66.068 0.0000000000
54744  -38.947  -42.822  64.455 0.0000000000
54743  -37.932  -42.440  64.419 0.0000000000
54761  -38.394  -42.818  63.944 0.0000000000
53775  -38.663  -43.692  63.537 0.0000000000
52628  -41.041  -44.135  65.224 0.0000000000
53758  -40.404  -43.549  65.197 0.0000000000
52652  -40.682  -44.389  64.951 0.0000000000
50574  -40.000  -46.413  63.505 0.0000000000
50573  -39.302  -46.325  63.347 0.0000000000
49577  -39.343  -46.676  63.125 0.0000000000
49578  -39.523  -46.752  63.072 0.0000000000
49616  -40.309  -47.292  61.764 0.0000000000
48637  -40.104  -47.664  61.979 0.0000000000
47750  -40.575  -49.139  61.035 0.0000000000
49653  -39.804  -47.082  59.484 0.0000000000
52751  -40.325  -44.915  60.866 0.0000000000
52774  -39.251  -44.917  59.737 0.0000000000
51696  -39.356  -45.718  59.586 0.0000000000
50658  -38.799  -46.407  58.661 0.0000000000
51712  -38.270  -45.531  58.479 0.0000000000
51711  -37.775  -45.047  58.208 0.0000000000
69144  -54.258  -28.511  50.599 0.0000000000
69165  -54.455  -27.905  50.318 0.0000000000
71228  -54.688  -26.532  49.612 0.0000000000
72271  -54.758  -26.166  49.519 0.0000000000
72283  -54.343  -25.996  49.092 0.0000000000
44366  -20.214  -51.940  67.366 0.0000000000
44398  -21.868  -52.083  65.655 0.0000000000
44431  -21.460  -51.749  63.931 0.0000000000
44432  -22.309  -51.780  63.963 0.0000000000
44417  -25.022  -52.760  65.120 0.0000000000
44400  -23.981  -52.597  65.967 0.0000000000
44445  -23.659  -51.789  62.213 0.0000000000
44454  -23.752  -51.698  61.076 0.0000000000
45551  -23.043  -51.251  60.450 0.0000000000
44494  -25.187  -51.930  59.085 0.0000000000
44493  -24.684  -51.792  59.212 0.0000000000
54844  -35.779  -42.906  56.636 0.0000000000
55807  -35.258  -42.022  55.698 0.0000000000
54843  -35.352  -42.670  56.035 0.0000000000
57755  -37.943  -39.738  55.854 0.0000000000
56765  -36.665  -40.664  54.732 0.0000000000
55835  -35.864  -40.836  53.202 0.0000000000
57814  -39.504  -39.926  53.222 0.0000000000
57824  -39.170  -39.745  52.753 0.0000000000
57835  -40.227  -38.596  51.991 0.0000000000
58894  -40.304  -37.714  50.969 0.0000000000
59876  -41.633  -37.400  51.122 0.0000000000
60880  -41.654  -36.907  50.539 0.0000000000
59885  -41.816  -37.154  50.874 0.0000000000
45439  -31.550  -51.652  67.789 0.0000000000
44373  -30.894  -52.056  67.652 0.0000000000
45454  -31.940  -51.350  67.357 0.0000000000
46594  -32.503  -50.214  66.003 0.0000000000
47693  -32.251  -50.016  65.202 0.0000000000
47704  -32.355  -49.714  64.397 0.0000000000
49544  -34.299  -47.706  65.234 0.0000000000
48583  -33.997  -48.525  65.536 0.0000000000
48601  -33.961  -48.041  64.711 0.0000000000
48635  -33.223  -47.893  62.153 0.0000000000
48619  -33.330  -48.232  63.085 0.0000000000
48634  -32.840  -48.403  62.074 0.0000000000
48653  -32.623  -47.992  61.166 0.0000000000
49632  -32.599  -47.417  60.556 0.0000000000
50655  -33.451  -46.094  58.227 0.0000000000
50633  -32.535  -46.558  58.823 0.0000000000
50671  -33.390  -46.665  57.467 0.0000000000
49676  -33.185  -47.273  56.799 0.0000000000
49677  -34.290  -47.291  57.490 0.0000000000
53755  -36.371  -43.210  64.512 0.0000000000
52650  -36.080  -43.859  65.018 0.0000000000
52725  -36.617  -44.356  61.310 0.0000000000
52724  -35.626  -43.935  61.680 0.0000000000
52723  -34.766  -44.492  62.172 0.0000000000
52748  -35.733  -44.626  60.714 0.0000000000
48655  -38.189  -48.080  61.188 0.0000000000
49635  -37.509  -47.433  60.661 0.0000000000
50618  -36.796  -46.674  60.063 0.0000000000
50636  -36.259  -46.397  59.454 0.0000000000
51693  -35.747  -45.684  59.491 0.0000000000
50635  -35.747  -46.510  58.890 0.0000000000
50657  -35.121  -46.310  58.496 0.0000000000
49651  -35.812  -47.026  58.797 0.0000000000
46707  -36.100  -49.945  58.153 0.0000000000
48690  -35.515  -48.664  58.240 0.0000000000
47772  -35.706  -49.571  58.057 0.0000000000
47785  -35.019  -49.327  57.398 0.0000000000
46732  -35.708  -50.380  57.472 0.0000000000
46710  -41.571  -49.998  58.687 0.0000000000
47593  -14.677  -49.478  70.367 0.0000000000
45411  -19.610  -51.634  69.983 0.0000000000
43265  -24.763  -53.880  69.627 0.0000000000
44326  -30.492  -52.261  69.923 0.0000000000
44341  -30.499  -52.313  69.164 0.0000000000
44313  -31.125  -51.817  70.253 0.0000000000
46548  -33.157  -50.430  68.795 0.0000000000
48508  -34.521  -48.653  70.759 0.0000000000
48522  -34.735  -48.823  70.045 0.0000000000
47619  -34.146  -49.416  69.652 0.0000000000
48523  -35.346  -48.205  69.635 0.0000000000
49472  -36.034  -46.785  70.327 0.0000000000
49487  -35.981  -46.962  69.577 0.0000000000
50516  -36.039  -46.194  68.159 0.0000000000
52558  -36.983  -44.736  69.554 0.0000000000
52575  -37.322  -44.081  69.132 0.0000000000
53684  -37.674  -43.497  69.534 0.0000000000
54689  -38.403  -42.354  68.832 0.0000000000
55635  -39.210  -41.598  67.949 0.0000000000
55676  -43.414  -41.496  66.347 0.0000000000
57599  -42.864  -39.933  65.449 0.0000000000
59717  -42.819  -38.024  65.272 0.0000000000
59729  -42.762  -37.464  64.120 0.0000000000
59752  -44.722  -37.174  62.638 0.0000000000
59750  -42.824  -37.480  62.862 0.0000000000
58732  -42.540  -37.728  61.293 0.0000000000
59771  -43.374  -37.544  61.702 0.0000000000
58756  -44.571  -37.839  60.841 0.0000000000
58799  -43.022  -38.435  58.435 0.0000000000
58735  -46.641  -38.240  61.462 0.0000000000
58758  -47.115  -38.864  60.603 0.0000000000
57710  -45.488  -39.769  58.238 0.0000000000
57684  -45.867  -39.412  58.939 0.0000000000
57709  -44.663  -39.559  58.012 0.0000000000
57737  -44.201  -39.971  57.254 0.0000000000
57761  -43.601  -40.136  56.625 0.0000000000
56734  -44.191  -40.271  56.734 0.0000000000
56773  -44.397  -40.157  55.751 0.0000000000
57763  -47.768  -39.902  56.480 0.0000000000
57762  -47.054  -39.971  56.198 0.0000000000
57788  -47.471  -39.537  55.877 0.0000000000
58855  -45.813  -38.368  54.549 0.0000000000
58854  -44.746  -38.681  54.482 0.0000000000
58853  -43.744  -38.822  54.206 0.0000000000
58868  -44.365  -37.952  53.592 0.0000000000
58879  -43.307  -37.854  52.852 0.0000000000
58880  -43.808  -37.846  53.131 0.0000000000
60861  -44.748  -36.814  52.183 0.0000000000
60860  -44.292  -36.970  52.142 0.0000000000
60873  -44.042  -36.809  51.696 0.0000000000
60854  -51.942  -36.978  53.206 0.0000000000
59858  -51.795  -37.377  53.538 0.0000000000
59873  -51.263  -37.261  53.227 0.0000000000
59857  -50.866  -37.660  53.616 0.0000000000
59871  -50.061  -36.921  52.988 0.0000000000
61915  -51.396  -35.192  51.931 0.0000000000
61914  -50.519  -35.203  51.782 0.0000000000
61911  -47.741  -35.322  51.326 0.0000000000
60877  -48.195  -35.733  51.850 0.0000000000
60876  -47.418  -36.024  51.829 0.0000000000
63000  -44.907  -35.030  50.116 0.0000000000
61924  -44.835  -35.381  50.383 0.0000000000
61937  -44.268  -35.314  50.106 0.0000000000
61936  -43.667  -35.296  49.899 0.0000000000
63015  -42.869  -34.928  49.206 0.0000000000
63016  -43.354  -34.732  49.317 0.0000000000
64156  -43.516  -33.465  48.379 0.0000000000
65189  -43.549  -33.104  48.109 0.0000000000
65196  -42.087  -32.903  47.265 0.0000000000
65197  -43.159  -32.871  47.788 0.0000000000
65193  -46.937  -32.352  48.710 0.0000000000
65192  -46.151  -32.824  48.766 0.0000000000
66175  -45.532  -32.202  48.149 0.0000000000
66185  -44.211  -31.457  47.347 0.0000000000
66192  -43.328  -31.180  46.728 0.0000000000
67120  -51.917  -30.696  49.614 0.0000000000
67131  -52.200  -29.900  49.165 0.0000000000
68163  -50.192  -28.978  47.813 0.0000000000
68153  -49.708  -29.697  47.950 0.0000000000
67139  -48.843  -29.624  47.700 0.0000000000
70202  -49.422  -27.340  47.067 0.0000000000
70201  -48.824  -27.497  46.804 0.0000000000
69182  -48.079  -28.206  46.890 0.0000000000
68168  -46.861  -28.712  46.451 0.0000000000
46575  -14.993  -50.122  66.217 0.0000000000
46574  -14.132  -50.712  66.028 0.0000000000
45494  -13.926  -51.593  63.630 0.0000000000
44452  -13.661  -52.824  61.437 0.0000000000
44479  -14.103  -52.252  60.024 0.0000000000
44478  -13.608  -52.831  59.483 0.0000000000
44509  -13.709  -52.625  58.076 0.0000000000
45466  -19.324  -51.678  65.741 0.0000000000
45480  -19.470  -51.684  64.556 0.0000000000
45517  -18.762  -51.333  62.505 0.0000000000
45516  -17.897  -51.112  62.416 0.0000000000
46681  -20.139  -50.513  59.010 0.0000000000
46663  -19.913  -50.818  59.865 0.0000000000
46680  -19.185  -50.607  59.127 0.0000000000
46698  -17.504  -50.492  58.607 0.0000000000
46679  -18.277  -50.620  59.303 0.0000000000
46678  -17.433  -50.695  59.475 0.0000000000
46660  -17.282  -50.866  60.293 0.0000000000
46677  -16.801  -50.813  59.632 0.0000000000
45565  -16.115  -50.922  59.397 0.0000000000
45582  -16.088  -50.837  58.855 0.0000000000
43439  -19.530  -53.266  55.186 0.0000000000
43438  -18.530  -52.944  55.490 0.0000000000
45468  -30.107  -51.898  65.981 0.0000000000
44404  -29.846  -52.363  66.281 0.0000000000
45484  -30.004  -51.534  65.099 0.0000000000
45503  -29.103  -51.594  63.959 0.0000000000
45524  -28.740  -51.535  63.302 0.0000000000
45523  -28.096  -51.824  62.771 0.0000000000
46638  -28.226  -51.345  62.286 0.0000000000
47757  -29.270  -49.187  59.803 0.0000000000
47768  -27.923  -49.991  59.618 0.0000000000
47755  -27.974  -50.086  60.025 0.0000000000
46684  -27.556  -50.536  60.028 0.0000000000
46665  -27.636  -50.965  60.879 0.0000000000
45571  -26.786  -51.170  59.179 0.0000000000
46755  -27.149  -50.774  56.546 0.0000000000
45603  -26.382  -51.159  57.098 0.0000000000
45630  -25.703  -51.394  56.251 0.0000000000
44512  -31.029  -52.512  57.906 0.0000000000
45606  -30.752  -51.498  57.336 0.0000000000
43427  -29.378  -53.383  56.532 0.0000000000
44534  -29.718  -52.408  56.653 0.0000000000
45656  -28.918  -52.182  55.849 0.0000000000
44552  -28.627  -52.687  55.687 0.0000000000
43442  -26.907  -53.863  55.116 0.0000000000
44568  -27.358  -53.070  55.026 0.0000000000
44566  -26.153  -52.761  54.668 0.0000000000
45667  -25.989  -52.117  54.809 0.0000000000
43459  -25.604  -53.390  54.574 0.0000000000
55727  -41.500  -41.804  62.910 0.0000000000
54732  -43.054  -42.895  65.883 0.0000000000
53745  -42.553  -43.286  65.658 0.0000000000
53759  -42.752  -43.151  64.923 0.0000000000
53777  -42.249  -43.431  63.832 0.0000000000
60887  -40.431  -36.675  49.616 0.0000000000
61948  -40.057  -35.783  48.429 0.0000000000
61963  -40.258  -35.220  48.152 0.0000000000
63040  -40.568  -34.628  47.880 0.0000000000
42232  -27.562  -53.877  67.894 0.0000000000
43296  -27.656  -53.675  67.061 0.0000000000
43297  -28.355  -53.547  66.912 0.0000000000
43328  -28.654  -53.126  65.301 0.0000000000
52828  -35.041  -44.651  55.569 0.0000000000
57757  -39.578  -39.228  56.252 0.0000000000
50515  -35.805  -46.615  67.887 0.0000000000
50530  -35.263  -46.725  66.684 0.0000000000
47737  -40.074  -49.349  61.523 0.0000000000
47738  -40.632  -49.722  61.347 0.0000000000
45557  -43.010  -51.659  60.450 0.0000000000
50684  -37.401  -46.133  56.933 0.0000000000
65149  -52.207  -32.644  51.543 0.0000000000
64128  -51.626  -33.338  51.167 0.0000000000
65167  -51.768  -32.751  50.984 0.0000000000
65166  -51.042  -32.552  50.471 0.0000000000
65182  -50.247  -32.283  50.005 0.0000000000
66170  -50.565  -31.570  49.549 0.0000000000
46561  -17.160  -50.272  67.746 0.0000000000
45449  -17.818  -50.732  65.977 0.0000000000
46704  -23.324  -50.665  57.586 0.0000000000
46703  -22.563  -50.574  57.951 0.0000000000
46723  -22.709  -50.500  56.953 0.0000000000
46751  -22.120  -50.320  56.138 0.0000000000
45663  -21.678  -51.427  54.490 0.0000000000
46786  -21.976  -50.825  54.823 0.0000000000
49684  -31.695  -47.945  56.981 0.0000000000
49674  -31.521  -47.726  57.785 0.0000000000
48706  -31.775  -48.657  56.478 0.0000000000
47795  -32.109  -49.550  56.271 0.0000000000
46758  -31.765  -50.079  56.588 0.0000000000
53854  -38.072  -43.582  58.892 0.0000000000
57657  -39.925  -39.290  60.959 0.0000000000
57683  -39.728  -39.202  60.386 0.0000000000
58775  -39.867  -38.882  59.786 0.0000000000
58796  -39.924  -38.743  59.375 0.0000000000
58777  -41.340  -38.081  59.860 0.0000000000
54728  -39.341  -42.100  65.476 0.0000000000
51593  -41.310  -45.001  64.066 0.0000000000
49636  -40.458  -47.438  60.958 0.0000000000
50621  -40.258  -46.763  60.546 0.0000000000
50620  -40.046  -46.336  60.236 0.0000000000
52773  -38.702  -44.336  59.296 0.0000000000
44399  -22.919  -52.290  65.805 0.0000000000
44435  -25.628  -52.922  64.104 0.0000000000
44447  -25.450  -52.801  63.036 0.0000000000
44456  -25.366  -52.706  61.972 0.0000000000
44465  -24.509  -52.041  60.503 0.0000000000
44495  -25.693  -51.945  58.978 0.0000000000
55789  -36.319  -42.149  57.141 0.0000000000
55799  -35.891  -41.869  56.546 0.0000000000
58886  -40.584  -38.089  51.557 0.0000000000
58887  -41.369  -37.798  51.547 0.0000000000
58888  -41.981  -37.843  51.900 0.0000000000
46547  -32.729  -50.879  68.175 0.0000000000
46564  -32.527  -50.955  67.457 0.0000000000
47677  -33.132  -49.883  66.309 0.0000000000
49576  -34.092  -47.080  63.492 0.0000000000
49558  -33.821  -47.867  63.899 0.0000000000
49593  -34.033  -46.639  62.780 0.0000000000
49592  -33.653  -47.333  62.584 0.0000000000
49633  -32.940  -46.796  60.583 0.0000000000
50617  -33.092  -46.233  60.155 0.0000000000
51708  -34.099  -45.878  58.418 0.0000000000
53774  -37.465  -43.083  63.138 0.0000000000
53789  -36.697  -43.257  62.673 0.0000000000
53806  -37.131  -44.000  61.753 0.0000000000
48673  -37.805  -48.665  60.402 0.0000000000
47747  -37.958  -49.221  60.241 0.0000000000
48682  -37.276  -48.716  59.794 0.0000000000
48681  -36.665  -48.653  59.287 0.0000000000
49667  -36.030  -48.131  58.734 0.0000000000
48704  -40.366  -48.795  58.310 0.0000000000
45385  -31.602  -51.441  70.872 0.0000000000
49456  -35.511  -47.157  70.812 0.0000000000
58680  -43.869  -38.531  66.622 0.0000000000
58690  -43.469  -38.595  66.135 0.0000000000
59697  -43.984  -37.850  66.673 0.0000000000
59709  -43.644  -37.721  66.079 0.0000000000
59772  -44.511  -37.517  61.785 0.0000000000
59773  -45.129  -37.440  62.134 0.0000000000
58734  -45.527  -37.745  61.647 0.0000000000
57660  -49.320  -38.920  60.027 0.0000000000
57659  -48.666  -39.224  60.057 0.0000000000
57658  -47.836  -39.296  59.993 0.0000000000
58782  -47.122  -39.318  59.782 0.0000000000
57711  -46.302  -39.992  58.374 0.0000000000
57739  -45.765  -40.094  57.961 0.0000000000
56735  -44.876  -40.373  56.920 0.0000000000
56752  -45.629  -40.388  56.648 0.0000000000
56775  -45.972  -40.262  56.298 0.0000000000
58840  -48.187  -38.969  55.344 0.0000000000
58839  -47.129  -38.966  55.329 0.0000000000
58856  -46.853  -38.341  54.695 0.0000000000
59839  -45.821  -37.752  53.940 0.0000000000
59851  -44.709  -37.421  53.116 0.0000000000
59852  -45.335  -37.477  53.437 0.0000000000
59869  -45.974  -36.973  53.005 0.0000000000
60856  -52.688  -36.719  53.955 0.0000000000
60855  -52.250  -36.746  53.354 0.0000000000
60867  -51.543  -36.685  52.891 0.0000000000
63005  -49.431  -34.140  50.856 0.0000000000
62983  -49.056  -34.741  51.235 0.0000000000
62981  -47.818  -34.983  51.108 0.0000000000
61927  -47.188  -35.191  51.140 0.0000000000
61926  -46.612  -35.186  50.934 0.0000000000
63001  -45.312  -34.917  50.181 0.0000000000
64141  -44.937  -33.894  49.304 0.0000000000
64157  -44.460  -33.404  48.684 0.0000000000
66193  -44.022  -30.770  46.727 0.0000000000
68156  -52.489  -29.115  48.932 0.0000000000
68155  -51.590  -29.319  48.512 0.0000000000
68164  -50.937  -29.003  48.057 0.0000000000
70210  -48.602  -27.197  46.331 0.0000000000
69193  -48.364  -27.751  46.698 0.0000000000
45447  -13.471  -51.595  66.303 0.0000000000
46603  -14.765  -50.608  64.303 0.0000000000
46617  -14.575  -50.930  63.493 0.0000000000
44453  -13.943  -52.140  61.931 0.0000000000
45527  -14.398  -51.754  61.489 0.0000000000
45542  -14.520  -51.702  60.668 0.0000000000
45563  -14.567  -51.588  59.698 0.0000000000
45481  -20.112  -51.786  64.310 0.0000000000
45518  -19.748  -51.436  62.570 0.0000000000
45533  -19.262  -51.251  61.662 0.0000000000
46718  -17.575  -50.436  57.647 0.0000000000
46716  -16.092  -50.739  58.180 0.0000000000
44531  -16.005  -52.289  56.205 0.0000000000
43423  -17.709  -53.311  56.064 0.0000000000
46607  -30.708  -50.877  64.858 0.0000000000
46606  -30.056  -51.188  64.557 0.0000000000
46640  -30.046  -50.290  62.738 0.0000000000
46652  -29.165  -50.182  61.708 0.0000000000
47770  -29.223  -49.119  58.725 0.0000000000
46706  -27.984  -49.779  58.100 0.0000000000
45588  -26.800  -50.909  58.024 0.0000000000
46726  -27.405  -50.418  57.432 0.0000000000
45632  -27.415  -51.077  55.812 0.0000000000
43444  -28.230  -53.522  55.704 0.0000000000
55751  -39.381  -41.783  60.522 0.0000000000
58729  -40.665  -38.999  62.364 0.0000000000
55673  -40.912  -41.917  66.709 0.0000000000
55690  -40.530  -42.253  66.072 0.0000000000
53743  -41.030  -43.818  65.429 0.0000000000
52629  -41.324  -44.009  65.241 0.0000000000
52653  -41.462  -44.377  64.684 0.0000000000
51638  -41.286  -45.071  62.956 0.0000000000
53807  -41.027  -43.824  61.782 0.0000000000
53808  -41.340  -43.520  62.305 0.0000000000
54793  -40.202  -43.081  61.098 0.0000000000
63045  -39.585  -34.517  46.893 0.0000000000
43292  -24.177  -53.525  68.237 0.0000000000
44385  -24.203  -53.109  66.955 0.0000000000
43324  -25.498  -53.135  66.098 0.0000000000
43339  -25.846  -53.151  65.238 0.0000000000
43312  -27.006  -53.671  66.410 0.0000000000
43325  -26.360  -53.468  65.731 0.0000000000
43340  -26.436  -53.316  64.591 0.0000000000
43359  -26.720  -53.065  62.791 0.0000000000
43367  -27.064  -52.917  62.427 0.0000000000
56733  -38.068  -39.803  57.605 0.0000000000
57731  -37.910  -39.724  56.743 0.0000000000
57780  -38.030  -39.821  55.468 0.0000000000
57781  -38.438  -39.762  55.455 0.0000000000
56803  -38.390  -40.303  53.465 0.0000000000
56804  -39.322  -40.138  53.540 0.0000000000
56790  -40.474  -40.118  54.475 0.0000000000
56806  -40.776  -40.069  54.148 0.0000000000
48547  -34.709  -48.584  68.023 0.0000000000
49531  -34.677  -47.599  66.213 0.0000000000
50544  -34.631  -46.934  65.245 0.0000000000
50572  -34.349  -46.220  63.241 0.0000000000
51657  -34.265  -45.020  61.596 0.0000000000
50605  -38.383  -46.684  62.144 0.0000000000
49613  -38.046  -47.417  61.387 0.0000000000
47736  -39.312  -49.485  61.265 0.0000000000
47735  -38.897  -49.232  61.172 0.0000000000
47748  -38.534  -49.484  60.677 0.0000000000
46687  -38.795  -50.545  60.170 0.0000000000
45573  -38.846  -51.712  59.713 0.0000000000
45574  -39.720  -51.527  60.425 0.0000000000
43376  -41.521  -53.085  60.621 0.0000000000
44471  -41.833  -52.292  60.873 0.0000000000
48702  -39.033  -48.286  57.335 0.0000000000
48711  -38.764  -48.913  56.542 0.0000000000
48710  -37.907  -48.327  56.170 0.0000000000
57714  -49.307  -39.576  58.712 0.0000000000
56720  -48.877  -39.822  58.647 0.0000000000
56738  -48.428  -40.065  58.047 0.0000000000
56755  -49.035  -39.948  57.519 0.0000000000
57764  -48.833  -39.853  56.717 0.0000000000
57766  -50.931  -39.541  56.908 0.0000000000
57790  -49.637  -39.537  56.023 0.0000000000
58858  -48.858  -38.492  54.682 0.0000000000
59842  -48.564  -37.865  54.196 0.0000000000
62968  -52.456  -34.649  52.562 0.0000000000
61903  -52.204  -35.378  52.464 0.0000000000
62985  -50.968  -34.419  51.464 0.0000000000
63007  -50.958  -33.739  51.088 0.0000000000
64124  -48.889  -33.752  50.464 0.0000000000
64144  -47.529  -33.370  49.811 0.0000000000
64143  -46.536  -33.378  49.416 0.0000000000
65179  -47.080  -32.932  49.144 0.0000000000
66168  -48.442  -32.114  49.258 0.0000000000
66188  -47.405  -30.769  47.802 0.0000000000
70205  -51.876  -27.387  48.128 0.0000000000
70204  -51.281  -27.524  47.878 0.0000000000
71255  -49.938  -26.758  47.096 0.0000000000
46536  -14.363  -50.030  68.391 0.0000000000
46576  -16.013  -50.010  66.431 0.0000000000
46604  -15.586  -50.370  64.413 0.0000000000
46619  -16.129  -50.466  63.598 0.0000000000
46636  -16.517  -50.689  62.891 0.0000000000
45550  -21.950  -50.988  60.658 0.0000000000
45549  -20.762  -50.990  60.593 0.0000000000
45566  -21.406  -50.743  59.939 0.0000000000
46701  -20.412  -50.220  58.095 0.0000000000
46702  -21.475  -50.320  57.993 0.0000000000
46720  -19.566  -50.189  57.156 0.0000000000
45646  -18.719  -51.526  55.307 0.0000000000
44549  -19.746  -52.282  54.825 0.0000000000
47733  -31.415  -48.890  61.384 0.0000000000
47746  -31.256  -48.587  60.509 0.0000000000
48669  -30.873  -48.470  59.758 0.0000000000
48688  -30.482  -48.734  57.893 0.0000000000
47771  -29.939  -48.974  58.319 0.0000000000
52814  -36.026  -44.682  56.738 0.0000000000
52804  -36.514  -44.458  57.296 0.0000000000
53867  -36.409  -43.660  57.340 0.0000000000
54831  -36.842  -42.730  57.788 0.0000000000
55750  -38.874  -41.396  60.115 0.0000000000
56702  -38.576  -40.855  59.769 0.0000000000
56716  -38.019  -40.432  58.538 0.0000000000
53714  -36.810  -43.877  66.970 0.0000000000
52608  -36.454  -44.442  66.692 0.0000000000
53728  -36.637  -43.744  66.274 0.0000000000
54742  -37.118  -42.601  64.125 0.0000000000
53791  -38.206  -44.107  62.767 0.0000000000
54746  -40.342  -43.023  65.377 0.0000000000
53757  -39.612  -43.833  64.432 0.0000000000
51591  -40.369  -45.009  64.534 0.0000000000
53776  -39.288  -44.051  63.946 0.0000000000
52678  -38.904  -44.834  63.424 0.0000000000
51636  -38.701  -45.612  62.973 0.0000000000
50589  -38.722  -46.539  62.659 0.0000000000
48636  -39.761  -47.811  61.997 0.0000000000
50638  -39.698  -46.556  59.647 0.0000000000
50659  -39.280  -46.614  59.136 0.0000000000
50673  -37.879  -46.325  57.512 0.0000000000
51723  -37.955  -45.553  58.070 0.0000000000
51721  -36.984  -45.157  57.317 0.0000000000
66172  -52.304  -30.983  50.250 0.0000000000
67112  -53.426  -30.269  50.900 0.0000000000
68147  -53.809  -28.996  50.346 0.0000000000
68146  -53.361  -29.201  49.792 0.0000000000
69163  -53.407  -28.631  49.441 0.0000000000
70192  -53.569  -27.579  49.140 0.0000000000
70178  -54.846  -27.231  50.254 0.0000000000
70177  -54.473  -27.391  49.869 0.0000000000
71241  -54.152  -26.969  49.326 0.0000000000
72281  -52.672  -26.003  48.281 0.0000000000
73332  -53.814  -25.364  48.637 0.0000000000
72302  -52.702  -25.301  48.082 0.0000000000
44382  -21.054  -52.058  66.517 0.0000000000
44397  -20.888  -51.992  65.436 0.0000000000
44413  -20.671  -51.848  64.445 0.0000000000
44430  -20.900  -51.737  63.825 0.0000000000
45499  -21.210  -51.570  63.312 0.0000000000
45520  -21.809  -51.370  62.553 0.0000000000
44434  -24.651  -52.531  63.872 0.0000000000
45501  -22.629  -51.693  63.423 0.0000000000
45521  -22.721  -51.572  62.793 0.0000000000
45568  -23.556  -51.245  59.525 0.0000000000
44481  -24.296  -51.700  59.714 0.0000000000
45569  -24.193  -51.472  59.067 0.0000000000
45584  -23.657  -50.942  58.473 0.0000000000
45600  -24.101  -50.894  57.616 0.0000000000
45628  -24.225  -50.841  56.671 0.0000000000
45629  -24.887  -51.245  56.423 0.0000000000
45636  -33.698  -51.613  56.621 0.0000000000
53895  -35.018  -43.682  55.606 0.0000000000
53894  -34.441  -43.412  54.894 0.0000000000
54857  -34.453  -42.869  54.816 0.0000000000
55824  -35.745  -41.024  54.202 0.0000000000
55823  -34.855  -41.844  54.640 0.0000000000
57834  -39.457  -38.947  52.005 0.0000000000
59889  -40.272  -37.064  49.996 0.0000000000
59890  -40.755  -36.839  50.089 0.0000000000
60888  -41.370  -36.432  49.947 0.0000000000
60889  -42.293  -35.976  50.014 0.0000000000
43299  -29.671  -52.819  67.387 0.0000000000
44389  -30.625  -52.119  67.199 0.0000000000
45453  -31.132  -51.658  66.920 0.0000000000
46592  -31.037  -51.108  65.701 0.0000000000
46579  -32.041  -50.962  66.624 0.0000000000
46593  -31.655  -50.630  65.624 0.0000000000
46624  -31.769  -49.897  63.833 0.0000000000
47724  -32.203  -48.930  62.256 0.0000000000
47695  -33.653  -49.107  65.558 0.0000000000
48618  -32.794  -48.822  62.828 0.0000000000
48652  -31.914  -48.393  60.820 0.0000000000
48671  -32.111  -47.928  60.310 0.0000000000
50616  -32.644  -46.709  59.837 0.0000000000
49664  -31.996  -47.135  58.313 0.0000000000
49675  -32.247  -47.256  57.288 0.0000000000
49686  -33.159  -48.052  56.277 0.0000000000
47797  -34.263  -49.483  56.563 0.0000000000
52627  -36.163  -44.317  65.751 0.0000000000
52649  -35.700  -44.528  64.902 0.0000000000
52677  -35.298  -44.503  63.960 0.0000000000
53788  -35.995  -43.260  63.007 0.0000000000
51677  -37.364  -45.942  61.132 0.0000000000
51676  -36.816  -45.774  60.533 0.0000000000
51675  -36.125  -45.306  60.189 0.0000000000
52772  -35.449  -45.117  60.055 0.0000000000
52771  -34.986  -44.810  60.382 0.0000000000
51692  -34.702  -45.291  59.596 0.0000000000
51709  -34.587  -45.813  58.702 0.0000000000
49665  -34.730  -46.975  57.918 0.0000000000
49678  -34.920  -48.090  57.774 0.0000000000
48700  -34.513  -48.588  57.150 0.0000000000
47784  -34.625  -49.125  57.014 0.0000000000
47798  -34.919  -50.113  56.924 0.0000000000
48712  -39.375  -48.856  57.069 0.0000000000
56642  -43.121  -41.354  65.205 0.0000000000
56620  -43.583  -40.418  66.568 0.0000000000
57591  -44.018  -39.387  66.959 0.0000000000
47610  -14.641  -49.663  69.411 0.0000000000
47628  -15.438  -49.566  69.012 0.0000000000
47629  -16.014  -49.538  69.379 0.0000000000
47612  -16.118  -49.485  70.087 0.0000000000
46517  -16.726  -49.838  69.498 0.0000000000
46540  -18.097  -50.654  69.436 0.0000000000
44337  -20.393  -52.106  70.314 0.0000000000
44352  -21.624  -52.648  68.818 0.0000000000
44353  -22.565  -53.068  68.747 0.0000000000
44354  -23.153  -53.337  68.806 0.0000000000
43276  -23.495  -53.425  69.347 0.0000000000
43291  -23.632  -53.453  68.677 0.0000000000
43278  -24.759  -53.869  68.777 0.0000000000
43279  -25.447  -54.084  68.556 0.0000000000
42230  -26.105  -54.225  68.538 0.0000000000
42215  -26.615  -54.254  69.056 0.0000000000
42216  -27.426  -54.024  68.770 0.0000000000
43280  -28.797  -53.415  68.768 0.0000000000
43269  -29.201  -53.127  69.066 0.0000000000
43270  -29.793  -52.781  68.691 0.0000000000
44342  -31.170  -51.885  68.864 0.0000000000
45425  -31.766  -51.552  68.511 0.0000000000
45401  -31.934  -51.430  70.037 0.0000000000
45412  -31.869  -51.466  69.254 0.0000000000
45426  -32.461  -51.061  68.802 0.0000000000
47641  -33.987  -49.485  68.659 0.0000000000
48548  -35.293  -47.866  68.011 0.0000000000
49502  -35.680  -47.244  68.482 0.0000000000
49486  -35.691  -47.542  69.279 0.0000000000
50503  -35.844  -46.803  68.390 0.0000000000
51545  -36.324  -45.564  68.082 0.0000000000
51519  -36.782  -45.245  70.035 0.0000000000
52574  -36.840  -44.719  68.677 0.0000000000
54699  -37.846  -42.659  67.950 0.0000000000
53701  -37.902  -42.967  69.219 0.0000000000
54688  -37.967  -42.726  68.498 0.0000000000
55652  -39.253  -41.543  66.931 0.0000000000
55653  -40.080  -41.463  67.283 0.0000000000
55636  -40.063  -41.314  68.208 0.0000000000
54715  -41.888  -42.501  66.604 0.0000000000
54716  -42.900  -42.576  66.501 0.0000000000
54717  -43.314  -42.167  66.335 0.0000000000
54733  -43.241  -42.347  65.739 0.0000000000
56641  -42.697  -40.703  64.886 0.0000000000
57607  -42.103  -40.158  64.484 0.0000000000
58695  -42.187  -39.635  64.668 0.0000000000
58689  -43.012  -38.906  65.721 0.0000000000
58696  -42.420  -39.146  64.988 0.0000000000
58701  -41.886  -39.345  64.253 0.0000000000
59749  -41.820  -37.957  62.616 0.0000000000
59719  -44.695  -36.571  64.509 0.0000000000
59769  -41.743  -37.926  62.031 0.0000000000
58731  -41.786  -37.888  61.481 0.0000000000
58754  -42.059  -37.837  60.629 0.0000000000
58778  -42.527  -37.922  59.613 0.0000000000
59781  -43.806  -37.643  61.134 0.0000000000
58815  -42.867  -39.080  57.609 0.0000000000
58781  -46.338  -39.059  59.780 0.0000000000
57708  -43.708  -39.277  57.816 0.0000000000
56750  -44.089  -40.341  56.269 0.0000000000
56772  -43.571  -40.165  55.709 0.0000000000
56793  -43.233  -39.919  55.234 0.0000000000
57805  -42.882  -39.469  54.490 0.0000000000
57818  -42.950  -38.810  53.856 0.0000000000
58866  -42.723  -38.423  53.194 0.0000000000
59865  -42.819  -37.453  51.981 0.0000000000
59867  -44.127  -37.341  52.569 0.0000000000
59879  -43.655  -37.186  52.079 0.0000000000
59878  -43.185  -37.174  51.802 0.0000000000
60871  -42.586  -36.978  51.152 0.0000000000
58870  -50.328  -37.951  53.933 0.0000000000
61902  -51.762  -35.765  52.394 0.0000000000
60866  -50.477  -36.514  52.664 0.0000000000
61913  -49.537  -35.212  51.721 0.0000000000
61900  -50.009  -35.825  52.231 0.0000000000
60865  -49.440  -36.522  52.719 0.0000000000
60853  -48.652  -36.824  53.118 0.0000000000
60852  -47.740  -36.791  53.072 0.0000000000
60863  -46.936  -36.607  52.689 0.0000000000
61909  -46.047  -35.713  51.204 0.0000000000
60884  -45.297  -35.768  50.938 0.0000000000
60883  -44.520  -36.119  50.930 0.0000000000
61922  -43.086  -35.866  50.288 0.0000000000
61951  -42.221  -35.245  49.160 0.0000000000
63031  -42.477  -34.693  48.845 0.0000000000
64154  -41.971  -34.004  48.123 0.0000000000
64155  -42.758  -33.829  48.362 0.0000000000
64166  -41.570  -33.427  47.417 0.0000000000
65195  -41.649  -33.072  47.129 0.0000000000
65202  -41.285  -32.877  46.764 0.0000000000
64159  -45.961  -33.303  49.110 0.0000000000
65199  -44.832  -32.043  47.840 0.0000000000
65198  -44.056  -32.332  47.819 0.0000000000
66180  -50.614  -30.901  49.024 0.0000000000
67129  -50.180  -30.359  48.525 0.0000000000
69184  -49.794  -28.190  47.478 0.0000000000
68161  -48.238  -28.950  47.279 0.0000000000
68160  -47.254  -29.265  47.092 0.0000000000
46557  -13.656  -50.967  66.832 0.0000000000
46573  -13.727  -51.067  66.306 0.0000000000
46588  -14.269  -50.883  64.993 0.0000000000
43372  -13.205  -53.397  60.934 0.0000000000
44462  -13.702  -52.866  60.466 0.0000000000
45450  -18.595  -51.245  66.390 0.0000000000
45479  -18.396  -51.349  64.238 0.0000000000
45478  -17.544  -50.957  63.907 0.0000000000
45495  -17.435  -50.969  63.064 0.0000000000
46637  -16.992  -50.794  62.947 0.0000000000
45530  -16.737  -50.903  61.399 0.0000000000
45548  -19.663  -51.087  60.762 0.0000000000
45547  -18.720  -51.081  60.856 0.0000000000
45546  -17.889  -51.009  60.927 0.0000000000
45545  -17.272  -50.923  60.993 0.0000000000
46649  -16.851  -50.899  60.718 0.0000000000
46648  -16.370  -50.953  60.745 0.0000000000
45544  -15.881  -51.038  60.240 0.0000000000
45564  -15.297  -51.136  59.505 0.0000000000
45580  -14.665  -51.404  58.693 0.0000000000
45598  -14.919  -51.265  57.932 0.0000000000
44510  -14.241  -52.044  57.642 0.0000000000
44547  -18.343  -52.246  55.419 0.0000000000
44387  -29.583  -52.705  66.527 0.0000000000
43329  -29.071  -52.892  65.638 0.0000000000
44419  -28.779  -52.618  64.792 0.0000000000
45504  -29.662  -51.436  64.441 0.0000000000
45482  -28.693  -52.149  64.275 0.0000000000
44437  -28.240  -52.721  63.996 0.0000000000
44449  -28.007  -52.442  63.284 0.0000000000
44448  -27.513  -52.581  62.714 0.0000000000
44458  -27.020  -52.591  61.861 0.0000000000
47732  -30.413  -49.480  61.583 0.0000000000
47731  -29.747  -49.799  61.539 0.0000000000
47756  -28.470  -49.773  60.176 0.0000000000
47743  -28.768  -49.896  60.745 0.0000000000
46651  -28.185  -50.947  61.686 0.0000000000
46650  -27.485  -51.450  61.303 0.0000000000
45537  -27.158  -51.999  61.499 0.0000000000
44468  -26.795  -52.381  61.156 0.0000000000
45552  -26.311  -52.261  60.062 0.0000000000
45570  -26.236  -51.926  59.447 0.0000000000
45651  -24.985  -51.382  55.442 0.0000000000
45635  -32.874  -51.362  56.618 0.0000000000
46731  -31.832  -51.121  57.026 0.0000000000
45605  -29.993  -51.467  56.931 0.0000000000
45634  -29.151  -51.583  56.265 0.0000000000
44551  -27.838  -52.670  55.219 0.0000000000
44550  -27.383  -52.168  55.011 0.0000000000
45653  -26.820  -51.745  55.112 0.0000000000
45666  -25.169  -51.881  54.741 0.0000000000
44564  -24.443  -52.454  54.355 0.0000000000
42204  -25.442  -54.091  69.809 0.0000000000
42218  -28.684  -53.491  67.727 0.0000000000
42233  -28.223  -53.637  67.555 0.0000000000
43266  -25.228  -54.096  69.195 0.0000000000
43309  -24.497  -53.416  67.579 0.0000000000
43314  -28.525  -53.390  66.163 0.0000000000
43343  -28.387  -53.031  64.569 0.0000000000
43354  -28.127  -53.125  64.245 0.0000000000
43373  -26.042  -52.730  61.085 0.0000000000
43374  -26.315  -52.727  61.322 0.0000000000
43445  -28.864  -53.212  56.009 0.0000000000
43461  -27.044  -53.346  54.972 0.0000000000
44356  -31.197  -51.912  68.234 0.0000000000
44370  -24.033  -53.331  67.660 0.0000000000
44371  -29.750  -52.708  67.054 0.0000000000
44372  -30.227  -52.510  67.455 0.0000000000
44386  -24.911  -53.088  66.583 0.0000000000
44396  -20.076  -51.846  65.162 0.0000000000
44402  -29.042  -52.749  65.357 0.0000000000
44403  -29.451  -52.540  65.821 0.0000000000
44436  -27.779  -52.845  63.380 0.0000000000
44480  -23.939  -51.515  59.795 0.0000000000
44486  -40.438  -52.595  60.384 0.0000000000
44567  -26.973  -52.680  54.830 0.0000000000
45413  -32.524  -50.924  69.556 0.0000000000
45414  -32.877  -50.623  69.334 0.0000000000
45448  -13.760  -51.129  66.048 0.0000000000
45452  -30.573  -51.816  66.471 0.0000000000
45467  -29.593  -52.058  65.414 0.0000000000
45469  -30.808  -51.503  66.159 0.0000000000
45483  -29.255  -51.936  64.787 0.0000000000
45515  -17.058  -50.890  62.356 0.0000000000
45522  -27.442  -52.132  62.180 0.0000000000
45648  -20.292  -51.282  54.841 0.0000000000
45655  -28.495  -51.964  55.598 0.0000000000
45661  -20.145  -51.743  54.756 0.0000000000
45662  -20.758  -51.522  54.627 0.0000000000
46621  -29.170  -51.283  63.434 0.0000000000
46667  -28.919  -49.996  61.043 0.0000000000
46685  -28.058  -50.146  60.271 0.0000000000
46696  -16.081  -50.793  58.609 0.0000000000
46725  -26.881  -50.778  57.010 0.0000000000
46745  -16.148  -50.795  57.494 0.0000000000
46754  -26.723  -50.918  56.647 0.0000000000
46778  -23.291  -50.609  55.651 0.0000000000
46785  -21.152  -50.926  54.790 0.0000000000
47705  -32.899  -49.262  64.166 0.0000000000
47713  -31.491  -49.832  63.209 0.0000000000
47773  -36.380  -49.438  58.798 0.0000000000
48582  -33.615  -48.979  65.179 0.0000000000
48654  -32.997  -47.951  61.685 0.0000000000
48680  -31.784  -47.908  59.790 0.0000000000
48707  -32.644  -48.707  56.064 0.0000000000
48709  -34.059  -48.718  56.663 0.0000000000
49503  -35.840  -47.084  69.053 0.0000000000
49611  -32.808  -47.611  61.039 0.0000000000
49634  -36.903  -47.375  59.988 0.0000000000
50545  -35.005  -46.339  65.611 0.0000000000
50656  -34.478  -46.450  58.077 0.0000000000
50670  -32.818  -46.815  57.244 0.0000000000
51544  -35.994  -46.064  67.845 0.0000000000
51635  -38.101  -45.167  62.333 0.0000000000
51658  -37.090  -45.202  61.179 0.0000000000
52679  -39.409  -44.639  63.967 0.0000000000
52698  -34.821  -44.754  63.197 0.0000000000
53729  -36.994  -43.298  66.709 0.0000000000
53746  -42.981  -42.914  65.491 0.0000000000
53772  -35.834  -43.555  63.725 0.0000000000
53805  -36.612  -43.646  61.924 0.0000000000
54714  -41.149  -42.529  66.256 0.0000000000
54729  -40.154  -42.534  65.569 0.0000000000
54748  -43.127  -42.379  65.204 0.0000000000
54759  -37.244  -42.769  63.570 0.0000000000
56629  -42.958  -40.469  65.345 0.0000000000
56640  -42.304  -40.583  64.491 0.0000000000
56739  -49.206  -39.840  58.138 0.0000000000
56774  -45.327  -40.242  56.050 0.0000000000
57713  -47.723  -39.897  59.058 0.0000000000
57785  -44.481  -39.943  55.539 0.0000000000
58843  -51.009  -39.271  55.330 0.0000000000
58871  -50.805  -38.168  54.164 0.0000000000
59782  -44.065  -37.586  61.361 0.0000000000
59870  -46.566  -36.978  53.173 0.0000000000
60851  -47.271  -36.798  53.081 0.0000000000
62982  -48.213  -34.909  51.137 0.0000000000
63029  -40.949  -34.896  48.228 0.0000000000
64168  -42.972  -33.387  48.083 0.0000000000
65164  -49.711  -33.031  50.299 0.0000000000
66183  -42.532  -32.306  47.201 0.0000000000
68157  -53.060  -29.001  49.268 0.0000000000
69180  -53.583  -28.150  49.387 0.0000000000
70163  -55.022  -27.214  50.622 0.0000000000
70190  -51.857  -27.795  48.202 0.0000000000
70193  -54.063  -27.441  49.463 0.0000000000
70209  -48.154  -27.375  45.887 0.0000000000
71239  -52.645  -26.429  48.340 0.0000000000
71254  -49.532  -26.925  46.942 0.0000000000
73346  -52.226  -24.927  47.568 0.0000000000
