#!ascii label  , from subject sub-1633992 vox2ras=TkReg
834
101613  -46.783  7.355  46.498 0.0000000000
114285  -46.398  25.743  45.768 0.0000000000
108148  -40.229  16.438  46.826 0.0000000000
105757  -48.614  12.987  41.734 0.0000000000
112495  -50.262  21.978  43.930 0.0000000000
109487  -48.409  18.621  47.260 0.0000000000
108793  -49.233  16.923  44.439 0.0000000000
107012  -44.461  14.370  40.260 0.0000000000
99202  -43.090  2.381  48.899 0.0000000000
102311  -44.085  7.860  48.270 0.0000000000
116704  -43.417  29.757  42.407 0.0000000000
114317  -46.621  25.301  40.330 0.0000000000
112549  -49.899  22.107  38.110 0.0000000000
105060  -42.231  11.677  44.657 0.0000000000
111041  -43.392  21.236  45.904 0.0000000000
107544  -45.116  15.914  44.568 0.0000000000
104411  -44.691  10.486  43.505 0.0000000000
104431  -42.180  10.391  41.543 0.0000000000
105123  -39.299  11.566  37.163 0.0000000000
100854  -45.256  6.156  44.440 0.0000000000
111058  -51.697  20.271  43.355 0.0000000000
110240  -51.159  19.628  45.379 0.0000000000
111047  -48.941  19.908  44.552 0.0000000000
109530  -46.248  17.559  43.004 0.0000000000
100062  -44.364  4.776  47.828 0.0000000000
101610  -41.276  6.791  46.869 0.0000000000
117267  -42.410  31.836  44.084 0.0000000000
113728  -48.394  24.474  38.797 0.0000000000
105053  -40.132  11.550  45.492 0.0000000000
106946  -40.948  14.604  44.588 0.0000000000
114877  -44.398  26.096  45.049 0.0000000000
113098  -44.420  23.863  46.175 0.0000000000
107537  -48.948  15.475  45.604 0.0000000000
108154  -46.905  16.715  46.291 0.0000000000
106961  -46.494  14.321  43.562 0.0000000000
106380  -44.886  13.071  43.064 0.0000000000
105074  -46.144  11.383  42.198 0.0000000000
103721  -43.679  9.669  42.619 0.0000000000
105101  -45.649  11.694  40.680 0.0000000000
105790  -40.299  12.876  39.406 0.0000000000
113116  -47.647  23.845  45.028 0.0000000000
112470  -47.036  22.766  46.638 0.0000000000
111768  -49.903  21.115  46.870 0.0000000000
108786  -50.530  17.261  46.674 0.0000000000
107569  -50.254  15.151  42.512 0.0000000000
106437  -47.208  13.622  40.380 0.0000000000
108203  -47.714  15.626  41.518 0.0000000000
108212  -44.584  16.089  41.137 0.0000000000
98326  -45.873  3.280  48.456 0.0000000000
100822  -46.669  5.858  48.386 0.0000000000
102999  -46.188  8.597  48.154 0.0000000000
116673  -42.515  30.147  45.781 0.0000000000
116682  -44.254  30.216  44.567 0.0000000000
116085  -46.270  29.052  43.717 0.0000000000
114904  -47.854  26.689  42.980 0.0000000000
113719  -48.148  24.652  42.202 0.0000000000
112506  -50.007  22.253  40.620 0.0000000000
111097  -51.742  19.921  39.984 0.0000000000
110303  -50.741  19.903  38.266 0.0000000000
103692  -40.112  9.423  47.291 0.0000000000
104388  -42.791  10.147  47.376 0.0000000000
103705  -44.848  9.345  46.765 0.0000000000
109500  -41.615  18.424  46.909 0.0000000000
111027  -45.655  20.686  46.475 0.0000000000
108780  -44.166  17.711  46.564 0.0000000000
108160  -42.057  16.492  46.098 0.0000000000
106378  -43.058  13.417  43.652 0.0000000000
105062  -43.749  11.118  44.373 0.0000000000
103028  -43.858  8.802  45.295 0.0000000000
102338  -43.349  7.622  44.054 0.0000000000
102349  -41.525  7.888  41.938 0.0000000000
103072  -40.996  8.985  38.779 0.0000000000
105777  -43.911  12.512  40.295 0.0000000000
104442  -39.937  11.088  39.522 0.0000000000
103763  -41.197  9.828  36.770 0.0000000000
101614  -47.739  7.119  46.661 0.0000000000
100849  -46.825  6.286  45.434 0.0000000000
101627  -45.769  6.514  45.352 0.0000000000
111065  -51.278  19.434  42.451 0.0000000000
110251  -51.120  19.687  43.814 0.0000000000
111056  -49.989  19.874  43.265 0.0000000000
111054  -47.880  20.534  44.073 0.0000000000
107529  -40.318  15.491  45.670 0.0000000000
114878  -45.217  26.279  45.287 0.0000000000
106964  -49.510  13.960  43.507 0.0000000000
106950  -48.125  14.857  44.592 0.0000000000
106383  -48.190  13.549  43.111 0.0000000000
106395  -46.590  12.720  42.638 0.0000000000
105756  -47.637  12.511  41.853 0.0000000000
105088  -46.125  11.271  41.583 0.0000000000
105089  -47.114  12.062  41.348 0.0000000000
113117  -48.355  23.267  44.614 0.0000000000
112472  -49.110  22.090  46.331 0.0000000000
112473  -49.872  21.621  45.985 0.0000000000
109510  -50.034  17.783  45.457 0.0000000000
109507  -51.213  18.796  46.568 0.0000000000
108789  -50.362  17.068  45.576 0.0000000000
108167  -50.174  16.225  45.387 0.0000000000
108173  -49.893  16.174  44.063 0.0000000000
108204  -48.312  15.391  41.508 0.0000000000
108175  -47.990  16.584  42.832 0.0000000000
108825  -45.548  16.644  41.874 0.0000000000
100829  -43.960  5.791  47.562 0.0000000000
100064  -45.565  5.401  48.285 0.0000000000
101588  -45.350  6.851  48.367 0.0000000000
101590  -47.280  6.823  48.284 0.0000000000
102300  -44.861  7.727  48.454 0.0000000000
117279  -42.703  31.068  43.376 0.0000000000
117833  -43.967  31.677  44.628 0.0000000000
117280  -44.101  31.313  43.378 0.0000000000
116692  -45.312  30.131  43.854 0.0000000000
116705  -44.560  29.952  42.286 0.0000000000
114307  -45.297  26.042  41.057 0.0000000000
115505  -46.626  27.772  41.813 0.0000000000
114918  -47.419  26.402  41.699 0.0000000000
114302  -47.942  25.658  42.425 0.0000000000
114310  -47.958  25.611  41.442 0.0000000000
113736  -49.314  23.905  38.315 0.0000000000
113130  -49.359  23.190  40.131 0.0000000000
112520  -49.866  22.439  39.616 0.0000000000
111830  -51.493  21.031  41.355 0.0000000000
111862  -50.828  21.032  39.129 0.0000000000
111105  -51.205  20.249  39.195 0.0000000000
111877  -50.338  21.357  38.164 0.0000000000
105045  -36.953  11.588  46.322 0.0000000000
104394  -37.227  10.407  46.670 0.0000000000
104395  -38.445  10.382  46.588 0.0000000000
103008  -39.591  9.112  47.232 0.0000000000
104396  -39.382  10.371  46.598 0.0000000000
105054  -41.102  11.146  45.601 0.0000000000
104398  -41.405  10.431  46.622 0.0000000000
104399  -42.552  10.503  46.626 0.0000000000
104400  -43.460  10.320  46.799 0.0000000000
104405  -43.154  10.656  45.601 0.0000000000
111789  -42.025  21.876  45.530 0.0000000000
111038  -40.748  20.786  45.740 0.0000000000
111024  -42.385  20.126  46.243 0.0000000000
111011  -48.152  20.503  47.214 0.0000000000
111028  -46.656  21.026  46.742 0.0000000000
110211  -46.923  19.006  46.940 0.0000000000
108170  -45.837  16.197  45.159 0.0000000000
108781  -45.341  17.654  46.676 0.0000000000
108152  -44.630  16.979  46.348 0.0000000000
108151  -43.530  17.046  46.363 0.0000000000
107532  -43.267  16.088  45.202 0.0000000000
107542  -42.590  15.443  44.595 0.0000000000
106949  -43.670  14.671  43.698 0.0000000000
105072  -45.096  11.496  43.177 0.0000000000
105745  -44.043  12.257  43.494 0.0000000000
105065  -44.384  11.281  43.680 0.0000000000
103709  -43.916  9.611  45.561 0.0000000000
103712  -43.993  9.853  44.429 0.0000000000
103031  -43.789  8.433  44.863 0.0000000000
103711  -43.658  9.321  44.189 0.0000000000
103733  -42.505  9.758  42.059 0.0000000000
103720  -42.837  9.334  42.539 0.0000000000
103048  -41.057  8.755  41.484 0.0000000000
103056  -40.893  8.329  40.389 0.0000000000
103055  -40.621  9.056  40.643 0.0000000000
106434  -44.999  13.770  40.094 0.0000000000
106416  -45.469  13.132  40.149 0.0000000000
106414  -43.395  13.340  40.151 0.0000000000
105789  -39.787  12.241  38.867 0.0000000000
105774  -40.398  12.176  40.066 0.0000000000
104450  -39.921  10.994  38.670 0.0000000000
104459  -40.272  10.248  38.261 0.0000000000
104465  -39.890  10.672  36.671 0.0000000000
104476  -40.012  9.546  35.515 0.0000000000
100067  -49.285  5.199  46.521 0.0000000000
100861  -44.387  5.621  42.685 0.0000000000
111799  -51.421  20.897  43.858 0.0000000000
111794  -50.863  21.189  45.276 0.0000000000
110247  -51.373  19.851  44.467 0.0000000000
110246  -50.741  19.485  44.546 0.0000000000
110237  -49.463  18.177  45.275 0.0000000000
108792  -48.254  17.360  44.099 0.0000000000
110243  -47.859  18.768  44.650 0.0000000000
99218  -43.949  3.729  48.170 0.0000000000
100077  -42.110  4.922  47.044 0.0000000000
101596  -42.255  6.801  47.134 0.0000000000
116702  -41.313  29.427  42.885 0.0000000000
114327  -47.989  24.787  39.536 0.0000000000
113741  -49.348  24.061  37.420 0.0000000000
112557  -49.745  22.619  37.123 0.0000000000
105052  -39.221  11.727  45.764 0.0000000000
105738  -40.147  12.881  44.664 0.0000000000
105739  -40.858  12.579  44.530 0.0000000000
112482  -43.928  22.775  45.885 0.0000000000
108784  -48.563  16.953  46.902 0.0000000000
108783  -47.502  17.167  46.711 0.0000000000
108166  -47.785  16.021  46.023 0.0000000000
107535  -47.011  15.858  45.429 0.0000000000
107555  -45.821  15.116  44.001 0.0000000000
107554  -44.726  15.064  43.806 0.0000000000
106381  -46.031  13.455  42.954 0.0000000000
105754  -46.079  11.947  42.567 0.0000000000
104419  -45.457  10.783  42.511 0.0000000000
103722  -44.127  9.679  43.044 0.0000000000
104434  -45.367  10.596  41.972 0.0000000000
104433  -44.483  10.367  41.819 0.0000000000
105086  -43.970  10.875  41.127 0.0000000000
106432  -42.933  13.939  40.012 0.0000000000
109483  -39.327  18.085  47.371 0.0000000000
113711  -47.144  24.702  45.448 0.0000000000
113697  -46.594  24.622  46.154 0.0000000000
113113  -47.480  23.649  45.806 0.0000000000
112459  -48.615  21.998  46.832 0.0000000000
111012  -49.109  20.527  47.282 0.0000000000
111031  -50.820  20.490  46.379 0.0000000000
110215  -50.695  19.601  47.232 0.0000000000
108774  -50.087  17.743  47.365 0.0000000000
108157  -50.021  16.212  46.304 0.0000000000
107550  -50.121  14.646  43.804 0.0000000000
106407  -49.452  13.657  41.638 0.0000000000
105767  -48.590  13.143  41.189 0.0000000000
106985  -48.738  14.352  41.187 0.0000000000
107601  -47.615  14.763  40.827 0.0000000000
107611  -45.629  14.763  40.492 0.0000000000
108185  -46.696  16.390  42.065 0.0000000000
108213  -45.553  15.586  41.097 0.0000000000
100050  -45.213  4.222  48.392 0.0000000000
99207  -47.041  4.070  48.316 0.0000000000
100053  -47.661  4.793  48.071 0.0000000000
100824  -48.240  6.093  47.932 0.0000000000
102314  -47.717  7.342  47.618 0.0000000000
102327  -47.023  7.864  47.232 0.0000000000
116072  -41.890  29.002  44.886 0.0000000000
116675  -43.813  30.567  45.052 0.0000000000
116073  -43.007  28.849  44.548 0.0000000000
115469  -44.664  27.959  44.146 0.0000000000
115470  -45.805  27.481  44.504 0.0000000000
115471  -46.749  27.517  44.432 0.0000000000
116099  -43.951  28.706  41.926 0.0000000000
116101  -46.194  29.017  42.159 0.0000000000
116087  -47.384  28.125  42.993 0.0000000000
114899  -47.410  26.645  44.229 0.0000000000
114297  -47.628  25.704  43.647 0.0000000000
113715  -47.761  24.637  43.270 0.0000000000
113121  -48.935  22.981  43.001 0.0000000000
114319  -48.305  24.844  40.309 0.0000000000
113127  -49.314  22.916  41.178 0.0000000000
111816  -50.496  21.801  42.859 0.0000000000
111817  -51.120  21.339  42.301 0.0000000000
111084  -52.126  19.870  41.294 0.0000000000
110285  -50.874  19.322  40.473 0.0000000000
110302  -50.343  19.680  38.594 0.0000000000
111907  -49.838  21.844  36.245 0.0000000000
102308  -40.572  8.133  47.356 0.0000000000
103011  -42.239  8.668  47.939 0.0000000000
104397  -40.245  10.383  46.621 0.0000000000
103694  -41.825  9.658  47.534 0.0000000000
103012  -43.369  8.680  48.200 0.0000000000
103014  -44.675  9.053  48.329 0.0000000000
103706  -45.482  9.231  47.544 0.0000000000
103025  -46.029  8.637  47.336 0.0000000000
108777  -41.219  17.671  47.134 0.0000000000
112469  -46.095  22.828  46.521 0.0000000000
111776  -45.868  21.835  46.442 0.0000000000
111026  -44.571  20.417  46.340 0.0000000000
109504  -46.285  18.554  46.870 0.0000000000
109503  -44.807  18.532  46.720 0.0000000000
110228  -44.136  19.418  46.546 0.0000000000
109501  -42.573  18.441  46.695 0.0000000000
108778  -42.052  17.647  46.803 0.0000000000
108149  -41.299  16.774  46.765 0.0000000000
107541  -41.608  15.463  44.884 0.0000000000
106947  -41.872  14.606  44.189 0.0000000000
105741  -42.715  12.435  44.011 0.0000000000
106379  -43.842  13.284  43.439 0.0000000000
105742  -43.377  12.036  43.894 0.0000000000
105061  -43.125  11.409  44.561 0.0000000000
104406  -43.949  10.081  46.128 0.0000000000
102331  -45.308  7.687  45.985 0.0000000000
102335  -44.396  7.857  45.312 0.0000000000
101630  -43.824  6.422  43.843 0.0000000000
101633  -42.906  6.626  42.907 0.0000000000
103039  -43.210  9.123  43.027 0.0000000000
102341  -42.142  7.521  42.575 0.0000000000
101642  -42.457  6.549  41.563 0.0000000000
102358  -41.870  7.145  40.588 0.0000000000
103065  -42.094  8.261  38.680 0.0000000000
105779  -46.044  12.599  40.305 0.0000000000
105100  -44.531  11.609  40.577 0.0000000000
105084  -41.721  11.026  41.085 0.0000000000
105776  -42.568  12.714  40.267 0.0000000000
105097  -40.895  11.395  40.755 0.0000000000
104429  -40.641  10.422  40.905 0.0000000000
103750  -40.489  9.576  38.971 0.0000000000
103756  -41.094  9.560  37.871 0.0000000000
101620  -47.283  6.689  46.089 0.0000000000
101619  -46.046  7.023  45.955 0.0000000000
111064  -50.261  19.730  42.383 0.0000000000
107521  -39.868  15.876  46.353 0.0000000000
114879  -45.955  26.603  45.173 0.0000000000
114284  -45.587  25.893  45.951 0.0000000000
114267  -45.932  25.260  46.291 0.0000000000
106384  -49.081  13.527  43.055 0.0000000000
106963  -48.819  14.046  43.732 0.0000000000
106397  -48.489  13.109  42.405 0.0000000000
106396  -47.528  12.903  42.486 0.0000000000
105766  -47.881  12.688  41.253 0.0000000000
112489  -49.818  22.204  44.388 0.0000000000
112484  -49.121  22.552  45.099 0.0000000000
112485  -50.018  21.781  45.303 0.0000000000
108788  -49.651  17.309  45.182 0.0000000000
108794  -49.914  16.684  44.981 0.0000000000
108172  -49.281  16.543  43.807 0.0000000000
108176  -48.970  16.224  43.020 0.0000000000
108798  -48.754  16.798  43.746 0.0000000000
99203  -43.746  2.758  48.683 0.0000000000
101597  -43.475  6.864  47.622 0.0000000000
101599  -45.033  6.363  48.147 0.0000000000
101598  -44.576  6.903  48.102 0.0000000000
117287  -43.079  30.369  42.784 0.0000000000
117288  -43.810  30.689  42.719 0.0000000000
117289  -44.925  30.851  42.832 0.0000000000
114316  -45.575  25.465  40.334 0.0000000000
114315  -44.589  25.689  40.464 0.0000000000
114308  -46.245  25.940  41.078 0.0000000000
114917  -46.787  26.665  41.537 0.0000000000
114309  -47.130  25.830  41.133 0.0000000000
113134  -49.518  23.306  38.520 0.0000000000
113132  -49.481  23.183  39.288 0.0000000000
112535  -49.742  22.613  38.746 0.0000000000
112521  -50.591  21.622  39.940 0.0000000000
112536  -50.230  21.859  38.956 0.0000000000
105729  -36.573  12.595  46.220 0.0000000000
105046  -38.001  11.396  46.246 0.0000000000
105055  -41.868  11.196  45.358 0.0000000000
104403  -41.655  10.862  45.886 0.0000000000
104404  -42.213  10.807  45.919 0.0000000000
105056  -42.528  11.113  45.220 0.0000000000
111790  -42.947  21.928  45.593 0.0000000000
111040  -42.657  21.033  45.854 0.0000000000
111039  -41.717  20.897  45.797 0.0000000000
110231  -47.330  20.441  46.981 0.0000000000
110212  -47.655  19.501  47.085 0.0000000000
108163  -45.105  16.500  45.571 0.0000000000
107533  -44.210  16.217  45.059 0.0000000000
108162  -43.933  16.535  45.816 0.0000000000
107543  -43.787  15.416  44.291 0.0000000000
105066  -45.048  11.065  43.244 0.0000000000
103715  -44.199  9.787  43.539 0.0000000000
103732  -41.542  9.734  41.671 0.0000000000
103047  -40.695  9.151  41.081 0.0000000000
103731  -40.622  9.738  41.045 0.0000000000
107013  -45.409  14.297  40.230 0.0000000000
106433  -43.973  13.853  40.232 0.0000000000
105116  -39.708  11.703  38.214 0.0000000000
104458  -39.922  10.928  37.651 0.0000000000
105128  -39.280  10.739  36.379 0.0000000000
100845  -49.137  6.079  46.789 0.0000000000
100862  -45.350  5.736  43.537 0.0000000000
111050  -51.518  20.362  44.188 0.0000000000
110252  -51.533  19.910  43.685 0.0000000000
111048  -49.888  19.786  44.119 0.0000000000
110245  -49.904  19.269  44.876 0.0000000000
110244  -48.959  18.910  45.017 0.0000000000
111045  -47.208  19.300  44.349 0.0000000000
100076  -41.039  4.506  46.923 0.0000000000
101595  -41.685  7.109  47.088 0.0000000000
116701  -40.641  29.373  43.019 0.0000000000
113745  -49.305  24.343  36.415 0.0000000000
114345  -48.944  24.825  36.092 0.0000000000
106945  -40.240  14.300  44.735 0.0000000000
106371  -39.794  13.594  44.766 0.0000000000
106372  -40.522  13.597  44.490 0.0000000000
114895  -44.044  26.843  44.337 0.0000000000
112467  -44.101  23.294  46.028 0.0000000000
108156  -49.077  16.257  46.504 0.0000000000
108155  -47.998  16.253  46.309 0.0000000000
107524  -48.619  15.872  46.076 0.0000000000
106962  -47.750  14.413  43.936 0.0000000000
107546  -47.516  15.238  44.857 0.0000000000
107556  -46.807  15.000  44.214 0.0000000000
107545  -46.365  15.719  44.837 0.0000000000
105755  -46.862  12.115  42.239 0.0000000000
105073  -45.557  11.299  42.819 0.0000000000
104420  -45.887  10.964  42.050 0.0000000000
105087  -45.095  10.951  41.237 0.0000000000
113698  -47.141  24.156  46.041 0.0000000000
112460  -48.869  21.772  46.868 0.0000000000
111032  -51.237  20.175  45.808 0.0000000000
111042  -51.006  20.665  45.718 0.0000000000
109506  -50.980  18.165  46.918 0.0000000000
109490  -51.087  18.877  47.127 0.0000000000
108775  -50.640  17.891  47.176 0.0000000000
109489  -50.523  18.602  47.438 0.0000000000
108785  -49.642  16.901  47.006 0.0000000000
107558  -50.193  15.424  43.361 0.0000000000
107549  -49.949  15.142  44.310 0.0000000000
107559  -50.289  14.827  43.516 0.0000000000
106965  -50.016  13.958  43.104 0.0000000000
106974  -50.074  14.282  42.264 0.0000000000
107586  -49.816  14.914  41.862 0.0000000000
107584  -48.036  15.146  41.199 0.0000000000
107583  -47.297  15.266  41.098 0.0000000000
107600  -46.658  14.922  40.735 0.0000000000
109520  -47.428  17.590  43.727 0.0000000000
108809  -47.434  16.811  42.812 0.0000000000
108796  -47.028  17.343  43.175 0.0000000000
108201  -45.263  16.164  41.427 0.0000000000
99219  -44.708  4.188  48.246 0.0000000000
100821  -45.863  5.949  48.387 0.0000000000
100051  -45.900  4.851  48.342 0.0000000000
100052  -46.881  4.855  48.376 0.0000000000
100823  -47.596  5.786  48.215 0.0000000000
100832  -48.208  5.459  47.885 0.0000000000
102302  -46.773  7.772  48.261 0.0000000000
102303  -47.429  7.481  48.073 0.0000000000
102313  -47.113  7.937  47.874 0.0000000000
103016  -46.574  8.389  47.743 0.0000000000
116672  -41.709  29.908  46.160 0.0000000000
116066  -41.812  29.562  45.616 0.0000000000
116680  -42.838  29.665  45.050 0.0000000000
117831  -41.859  31.928  44.748 0.0000000000
117832  -42.975  32.150  44.622 0.0000000000
117269  -44.497  31.037  44.411 0.0000000000
117268  -44.082  31.096  44.921 0.0000000000
116681  -43.528  29.808  44.806 0.0000000000
116074  -43.963  29.021  44.331 0.0000000000
115468  -43.496  27.864  44.111 0.0000000000
116075  -44.876  29.379  44.123 0.0000000000
116693  -45.774  29.881  43.420 0.0000000000
115479  -45.402  28.523  44.116 0.0000000000
115480  -45.950  28.547  44.114 0.0000000000
116076  -46.487  28.256  44.071 0.0000000000
116100  -45.257  29.168  41.893 0.0000000000
116112  -44.903  28.262  41.656 0.0000000000
115493  -47.423  27.752  42.423 0.0000000000
115492  -47.037  28.053  42.146 0.0000000000
115482  -47.455  27.638  43.463 0.0000000000
114295  -47.276  25.623  44.684 0.0000000000
113718  -47.862  25.132  42.686 0.0000000000
113716  -48.082  24.072  42.842 0.0000000000
113120  -48.374  23.482  43.501 0.0000000000
113123  -48.486  23.606  42.536 0.0000000000
114328  -48.532  24.502  39.532 0.0000000000
113129  -48.921  23.712  40.750 0.0000000000
113124  -49.163  22.851  42.229 0.0000000000
112498  -50.228  22.029  41.888 0.0000000000
112499  -50.979  21.475  41.636 0.0000000000
111849  -52.003  20.410  40.643 0.0000000000
111831  -52.002  20.460  41.017 0.0000000000
111083  -51.608  19.409  41.536 0.0000000000
110280  -51.713  19.536  40.903 0.0000000000
110286  -51.436  19.431  40.229 0.0000000000
110294  -51.097  19.704  39.316 0.0000000000
110313  -50.420  20.152  37.042 0.0000000000
111906  -49.745  22.213  36.725 0.0000000000
103022  -38.874  8.729  47.079 0.0000000000
103691  -39.675  9.499  47.127 0.0000000000
103009  -40.207  8.704  47.384 0.0000000000
103010  -41.162  8.703  47.678 0.0000000000
105048  -39.727  10.977  46.152 0.0000000000
105049  -40.519  10.850  46.094 0.0000000000
104387  -42.142  10.246  47.120 0.0000000000
103695  -42.999  9.465  47.870 0.0000000000
103013  -44.159  8.721  48.353 0.0000000000
103696  -44.065  9.382  48.047 0.0000000000
104401  -44.306  10.001  47.199 0.0000000000
104390  -44.321  9.809  47.734 0.0000000000
111023  -41.416  20.005  46.215 0.0000000000
109499  -40.648  18.418  47.068 0.0000000000
113100  -46.353  23.680  46.445 0.0000000000
111775  -44.783  21.580  46.154 0.0000000000
109505  -47.089  17.885  46.960 0.0000000000
108782  -46.468  17.458  46.699 0.0000000000
109502  -43.631  18.488  46.604 0.0000000000
110227  -43.034  19.320  46.520 0.0000000000
108161  -42.916  16.569  45.914 0.0000000000
108150  -42.486  17.027  46.455 0.0000000000
107530  -41.322  15.939  45.821 0.0000000000
107531  -42.271  16.082  45.404 0.0000000000
106948  -42.884  14.532  43.819 0.0000000000
106374  -42.221  13.522  43.881 0.0000000000
106959  -44.274  14.221  43.423 0.0000000000
105064  -43.731  11.584  43.978 0.0000000000
104408  -43.484  10.891  44.816 0.0000000000
103029  -44.344  8.663  45.687 0.0000000000
103024  -45.412  8.427  46.448 0.0000000000
102334  -44.017  7.277  44.688 0.0000000000
101629  -43.206  6.707  43.407 0.0000000000
102337  -42.974  7.109  43.410 0.0000000000
104418  -44.615  10.074  42.655 0.0000000000
103037  -41.744  8.290  42.321 0.0000000000
103038  -42.502  8.577  42.891 0.0000000000
102340  -41.750  7.891  42.327 0.0000000000
102350  -41.754  7.309  41.586 0.0000000000
103064  -41.361  8.318  39.291 0.0000000000
102364  -41.407  7.724  40.110 0.0000000000
103074  -42.608  8.655  38.049 0.0000000000
103073  -41.734  8.903  38.290 0.0000000000
106418  -47.203  13.322  40.387 0.0000000000
105780  -46.909  12.797  40.421 0.0000000000
105778  -45.044  12.432  40.259 0.0000000000
105099  -43.326  11.719  40.629 0.0000000000
105791  -41.509  13.334  39.876 0.0000000000
105096  -40.021  11.536  39.939 0.0000000000
104443  -40.225  10.619  40.391 0.0000000000
103743  -40.294  9.654  40.033 0.0000000000
104451  -40.116  10.347  39.313 0.0000000000
104466  -40.474  10.239  37.223 0.0000000000
103764  -41.979  9.476  37.100 0.0000000000
101615  -48.653  6.735  46.854 0.0000000000
101621  -48.265  6.490  46.081 0.0000000000
100856  -47.436  5.835  44.573 0.0000000000
110261  -51.629  19.812  43.025 0.0000000000
111057  -50.817  19.570  43.164 0.0000000000
111049  -50.563  19.649  43.788 0.0000000000
111055  -48.951  20.455  43.543 0.0000000000
106942  -40.405  14.920  45.031 0.0000000000
114283  -44.722  25.702  45.861 0.0000000000
113695  -44.802  24.531  46.414 0.0000000000
107548  -49.249  15.054  44.877 0.0000000000
107547  -48.453  15.137  45.062 0.0000000000
106951  -48.680  14.654  44.416 0.0000000000
106382  -47.128  13.541  43.093 0.0000000000
105075  -46.825  11.787  41.828 0.0000000000
105102  -46.609  12.049  40.805 0.0000000000
113114  -48.249  23.033  45.565 0.0000000000
111780  -50.107  21.291  46.402 0.0000000000
109512  -51.115  18.973  45.950 0.0000000000
109511  -50.800  18.000  45.991 0.0000000000
108790  -50.672  17.066  46.068 0.0000000000
108158  -50.497  16.627  46.103 0.0000000000
108168  -50.490  16.707  45.839 0.0000000000
107557  -49.932  15.767  42.810 0.0000000000
107568  -49.499  15.530  42.206 0.0000000000
108187  -48.539  15.724  41.933 0.0000000000
108186  -47.565  16.283  42.231 0.0000000000
108807  -45.812  17.199  42.479 0.0000000000
98312  -45.331  3.154  48.587 0.0000000000
100830  -44.788  5.777  47.944 0.0000000000
100831  -45.319  5.882  48.204 0.0000000000
101589  -46.327  6.878  48.420 0.0000000000
102301  -45.844  7.831  48.437 0.0000000000
117255  -43.214  31.206  45.976 0.0000000000
117838  -42.934  31.916  43.907 0.0000000000
117839  -43.563  31.808  43.928 0.0000000000
117840  -44.280  31.547  43.981 0.0000000000
117281  -44.917  30.972  43.749 0.0000000000
117282  -45.413  30.462  43.548 0.0000000000
117290  -45.519  30.579  43.233 0.0000000000
116706  -45.807  29.947  42.599 0.0000000000
114306  -44.416  26.115  41.067 0.0000000000
115504  -45.494  27.614  41.547 0.0000000000
114916  -45.933  26.823  41.393 0.0000000000
115506  -47.208  27.118  41.904 0.0000000000
114908  -47.622  26.794  42.161 0.0000000000
114905  -47.917  26.186  42.630 0.0000000000
114919  -47.722  26.290  41.885 0.0000000000
113729  -48.924  24.224  38.982 0.0000000000
113723  -48.885  24.081  39.931 0.0000000000
113730  -49.249  23.766  39.114 0.0000000000
112507  -50.879  21.536  40.963 0.0000000000
111848  -51.560  20.713  40.301 0.0000000000
111114  -50.642  20.537  38.219 0.0000000000
106363  -36.129  13.552  46.314 0.0000000000
105044  -36.037  11.776  46.493 0.0000000000
103701  -39.123  9.627  46.937 0.0000000000
103702  -39.851  9.876  47.006 0.0000000000
105058  -40.726  11.764  44.999 0.0000000000
104389  -43.695  9.975  47.600 0.0000000000
110226  -42.023  19.244  46.614 0.0000000000
111778  -47.579  22.066  46.963 0.0000000000
111777  -46.827  22.002  46.745 0.0000000000
111029  -47.510  21.298  47.031 0.0000000000
110230  -46.554  19.813  46.843 0.0000000000
108164  -46.348  16.354  45.662 0.0000000000
108153  -45.781  16.908  46.285 0.0000000000
105746  -44.857  12.053  43.194 0.0000000000
104409  -43.847  10.450  44.717 0.0000000000
103708  -43.698  9.194  45.097 0.0000000000
103035  -43.243  8.655  43.713 0.0000000000
103734  -43.120  9.735  42.280 0.0000000000
103719  -42.002  9.086  42.206 0.0000000000
102357  -41.279  7.778  41.052 0.0000000000
103063  -40.662  8.918  39.676 0.0000000000
106435  -46.032  13.572  40.178 0.0000000000
106417  -46.006  13.105  40.158 0.0000000000
106415  -44.493  13.204  40.181 0.0000000000
105109  -40.020  12.136  39.496 0.0000000000
105108  -39.874  11.614  39.169 0.0000000000
104472  -40.488  10.099  36.301 0.0000000000
104471  -39.683  10.067  35.804 0.0000000000
100080  -49.063  4.620  46.401 0.0000000000
111807  -50.786  21.590  43.495 0.0000000000
112486  -50.612  21.541  44.899 0.0000000000
111798  -50.967  21.337  44.457 0.0000000000
111043  -51.338  20.403  45.095 0.0000000000
110239  -50.695  18.950  45.369 0.0000000000
110238  -50.040  18.488  45.317 0.0000000000
109509  -49.490  17.778  45.277 0.0000000000
109516  -48.732  17.878  44.930 0.0000000000
109515  -47.519  18.114  44.235 0.0000000000
109514  -46.980  18.321  44.095 0.0000000000
111046  -47.929  19.613  44.514 0.0000000000
99217  -42.748  3.037  48.305 0.0000000000
100061  -43.158  4.578  47.449 0.0000000000
100078  -42.644  5.265  47.109 0.0000000000
100828  -43.001  5.849  47.193 0.0000000000
102310  -42.808  7.763  47.817 0.0000000000
117266  -41.619  31.261  44.089 0.0000000000
117278  -41.394  30.530  43.588 0.0000000000
116691  -41.747  30.177  43.133 0.0000000000
116703  -42.372  29.775  42.746 0.0000000000
114318  -47.581  25.234  40.376 0.0000000000
113735  -48.871  24.308  38.102 0.0000000000
113136  -49.589  23.392  37.685 0.0000000000
112558  -49.772  22.331  37.590 0.0000000000
113138  -49.656  23.465  36.765 0.0000000000
113140  -49.624  23.532  35.845 0.0000000000
105735  -39.533  12.545  45.114 0.0000000000
105736  -40.248  12.218  44.904 0.0000000000
105059  -41.414  11.733  44.823 0.0000000000
112481  -43.261  22.767  45.700 0.0000000000
111791  -43.848  21.944  45.823 0.0000000000
108773  -49.063  17.721  47.306 0.0000000000
108772  -48.004  17.809  47.024 0.0000000000
108165  -47.351  16.157  45.928 0.0000000000
107536  -47.984  15.700  45.782 0.0000000000
108171  -46.266  16.115  45.242 0.0000000000
106960  -45.366  14.265  43.363 0.0000000000
106394  -45.723  12.568  42.835 0.0000000000
106393  -45.246  12.397  43.027 0.0000000000
105753  -45.444  11.931  42.925 0.0000000000
104412  -45.258  10.874  43.034 0.0000000000
104417  -44.093  10.024  42.226 0.0000000000
104435  -45.724  10.771  42.010 0.0000000000
104432  -43.384  10.195  41.848 0.0000000000
106431  -41.935  13.931  39.672 0.0000000000
105809  -39.209  12.166  37.490 0.0000000000
114286  -46.943  25.690  45.315 0.0000000000
113101  -47.212  23.467  46.337 0.0000000000
113102  -47.976  22.915  46.207 0.0000000000
112471  -48.021  22.472  46.755 0.0000000000
111766  -48.416  21.541  47.090 0.0000000000
110213  -48.795  19.565  47.391 0.0000000000
111793  -50.325  21.410  45.818 0.0000000000
111030  -50.333  20.775  46.811 0.0000000000
110216  -51.173  19.359  46.875 0.0000000000
111014  -50.628  20.283  46.945 0.0000000000
111013  -50.028  20.511  47.205 0.0000000000
110214  -49.828  19.583  47.486 0.0000000000
109488  -49.494  18.614  47.523 0.0000000000
107525  -49.346  15.801  46.053 0.0000000000
107538  -49.720  15.544  45.508 0.0000000000
106952  -49.395  14.505  44.126 0.0000000000
106385  -49.570  13.662  43.017 0.0000000000
106398  -49.412  13.465  42.339 0.0000000000
105768  -49.028  13.404  41.426 0.0000000000
106406  -48.788  13.709  41.145 0.0000000000
106419  -47.682  13.653  40.496 0.0000000000
107585  -48.890  15.022  41.514 0.0000000000
106999  -48.125  14.160  40.763 0.0000000000
107015  -47.084  13.905  40.352 0.0000000000
107014  -46.417  14.297  40.392 0.0000000000
108797  -47.959  16.935  43.361 0.0000000000
108826  -46.208  16.585  42.065 0.0000000000
108202  -46.456  15.880  41.462 0.0000000000
99204  -44.726  3.438  48.552 0.0000000000
99205  -45.536  3.814  48.496 0.0000000000
100063  -45.143  4.985  48.192 0.0000000000
99206  -46.225  3.916  48.437 0.0000000000
99222  -47.531  3.966  47.698 0.0000000000
100079  -48.720  4.577  46.920 0.0000000000
100066  -49.039  5.054  47.018 0.0000000000
100833  -48.786  5.856  47.392 0.0000000000
101601  -48.272  6.734  47.618 0.0000000000
102315  -48.236  7.018  47.253 0.0000000000
102328  -47.999  7.179  47.144 0.0000000000
117825  -43.803  31.548  45.147 0.0000000000
117256  -43.696  31.187  45.412 0.0000000000
116674  -43.320  30.425  45.395 0.0000000000
115467  -42.380  27.808  44.189 0.0000000000
114896  -44.976  26.822  44.622 0.0000000000
114897  -45.520  26.737  44.873 0.0000000000
115454  -46.000  26.982  44.789 0.0000000000
114880  -46.768  26.579  44.946 0.0000000000
116098  -42.711  28.824  42.214 0.0000000000
116707  -46.569  29.191  42.669 0.0000000000
116114  -46.434  28.468  41.990 0.0000000000
116102  -46.907  28.472  42.342 0.0000000000
116086  -46.981  28.538  43.332 0.0000000000
115481  -47.154  27.906  43.933 0.0000000000
114898  -47.113  27.078  44.536 0.0000000000
113713  -47.437  24.736  44.384 0.0000000000
114301  -47.798  25.456  42.980 0.0000000000
113119  -47.765  23.923  44.154 0.0000000000
112488  -49.046  22.722  44.081 0.0000000000
112493  -48.998  22.814  43.471 0.0000000000
113721  -48.547  24.513  41.028 0.0000000000
113126  -48.663  23.698  41.608 0.0000000000
112494  -49.814  22.255  43.273 0.0000000000
111808  -51.543  20.771  42.895 0.0000000000
111818  -51.761  20.550  41.874 0.0000000000
111066  -51.881  19.952  42.382 0.0000000000
110293  -50.648  19.513  39.619 0.0000000000
111894  -49.901  21.809  37.179 0.0000000000
111125  -50.376  20.927  37.365 0.0000000000
102323  -40.736  7.473  47.049 0.0000000000
103023  -39.601  8.633  47.220 0.0000000000
102307  -40.166  8.270  47.302 0.0000000000
102309  -41.539  7.666  47.334 0.0000000000
105047  -38.898  11.104  46.260 0.0000000000
103703  -40.593  9.903  47.104 0.0000000000
103704  -41.156  9.866  47.256 0.0000000000
103693  -40.822  9.395  47.482 0.0000000000
102998  -45.364  8.778  48.381 0.0000000000
103697  -45.054  9.589  47.913 0.0000000000
103698  -45.808  9.108  47.926 0.0000000000
103015  -46.191  8.766  47.830 0.0000000000
102326  -46.077  7.833  46.483 0.0000000000
109498  -39.719  18.653  46.985 0.0000000000
109484  -40.045  18.061  47.318 0.0000000000
108143  -40.432  17.020  47.181 0.0000000000
113696  -45.717  24.533  46.404 0.0000000000
113099  -45.410  23.736  46.306 0.0000000000
112468  -44.954  22.810  46.186 0.0000000000
111792  -44.398  22.392  45.992 0.0000000000
111774  -44.012  21.083  46.100 0.0000000000
109486  -47.307  18.571  47.014 0.0000000000
109485  -46.828  18.691  46.936 0.0000000000
110229  -45.332  19.549  46.671 0.0000000000
111025  -43.453  20.357  46.246 0.0000000000
108779  -43.067  17.707  46.560 0.0000000000
108144  -40.901  17.246  47.167 0.0000000000
107522  -40.629  16.077  46.352 0.0000000000
107540  -40.913  15.340  45.184 0.0000000000
106373  -41.327  13.582  44.207 0.0000000000
105740  -41.776  12.549  44.266 0.0000000000
107553  -44.083  14.914  43.723 0.0000000000
106958  -43.502  14.049  43.508 0.0000000000
105744  -43.399  12.682  43.691 0.0000000000
102332  -45.822  7.534  46.163 0.0000000000
101618  -45.412  7.138  45.712 0.0000000000
101626  -44.922  6.720  45.113 0.0000000000
101625  -44.223  6.784  44.573 0.0000000000
101631  -44.804  6.234  44.255 0.0000000000
101634  -43.434  5.914  42.279 0.0000000000
103714  -43.703  9.397  43.362 0.0000000000
103034  -42.752  7.899  43.406 0.0000000000
101643  -43.503  5.979  40.855 0.0000000000
101651  -42.852  6.705  39.946 0.0000000000
102365  -42.214  7.563  39.365 0.0000000000
105085  -42.793  10.974  41.139 0.0000000000
105775  -41.240  12.497  40.303 0.0000000000
105098  -42.091  11.744  40.706 0.0000000000
104430  -41.167  10.565  41.155 0.0000000000
98313  -45.754  3.504  48.518 0.0000000000
100065  -48.391  4.772  47.460 0.0000000000
100834  -49.189  5.592  46.833 0.0000000000
100846  -49.258  5.672  46.285 0.0000000000
100848  -46.156  6.411  45.435 0.0000000000
101587  -44.935  7.174  48.361 0.0000000000
101591  -47.916  6.554  48.077 0.0000000000
101600  -47.814  7.069  47.998 0.0000000000
101612  -46.323  7.437  46.339 0.0000000000
102299  -44.517  8.018  48.462 0.0000000000
102312  -44.509  7.518  48.302 0.0000000000
102324  -41.179  7.335  47.060 0.0000000000
102325  -45.611  8.020  46.348 0.0000000000
102329  -48.363  7.011  47.038 0.0000000000
102997  -44.610  8.402  48.470 0.0000000000
103000  -46.718  8.254  48.045 0.0000000000
103026  -46.570  8.330  47.471 0.0000000000
103032  -44.152  8.339  45.316 0.0000000000
103682  -45.556  9.216  48.161 0.0000000000
103683  -45.752  9.010  48.187 0.0000000000
104444  -40.688  10.761  40.851 0.0000000000
104477  -40.461  9.710  35.661 0.0000000000
105083  -41.249  10.999  41.015 0.0000000000
105095  -39.926  11.429  39.550 0.0000000000
105103  -47.334  12.442  40.850 0.0000000000
105758  -49.107  13.288  41.631 0.0000000000
105781  -47.788  12.985  40.663 0.0000000000
105782  -48.252  13.394  40.832 0.0000000000
105793  -46.352  13.080  40.225 0.0000000000
105794  -46.672  13.282  40.279 0.0000000000
106420  -48.240  13.692  40.765 0.0000000000
106436  -46.785  13.653  40.300 0.0000000000
106953  -49.912  14.360  43.791 0.0000000000
106954  -50.188  14.424  43.477 0.0000000000
106966  -50.320  14.504  43.005 0.0000000000
106975  -50.376  14.718  42.670 0.0000000000
106986  -49.398  14.307  41.543 0.0000000000
106997  -46.760  14.503  40.523 0.0000000000
106998  -47.210  14.323  40.504 0.0000000000
107523  -48.208  15.917  46.075 0.0000000000
107534  -46.508  16.049  45.294 0.0000000000
107570  -50.435  14.944  43.002 0.0000000000
107602  -48.289  14.679  41.076 0.0000000000
107612  -46.141  14.750  40.602 0.0000000000
108177  -49.923  15.983  43.283 0.0000000000
108200  -44.828  16.283  41.396 0.0000000000
108771  -40.539  17.636  47.271 0.0000000000
108808  -46.680  16.867  42.544 0.0000000000
110232  -51.005  19.897  46.811 0.0000000000
110233  -51.217  19.614  46.288 0.0000000000
110242  -47.038  18.657  44.248 0.0000000000
110260  -51.350  19.651  43.228 0.0000000000
110279  -51.262  19.298  40.870 0.0000000000
110287  -51.934  19.706  40.593 0.0000000000
111098  -52.068  20.143  40.616 0.0000000000
111767  -49.311  21.332  46.981 0.0000000000
111779  -49.595  21.449  46.665 0.0000000000
111781  -50.665  21.043  45.956 0.0000000000
111795  -51.312  20.864  44.603 0.0000000000
111806  -50.404  21.883  43.228 0.0000000000
111893  -49.747  22.219  37.006 0.0000000000
112483  -44.358  22.836  46.007 0.0000000000
112490  -50.445  21.755  44.440 0.0000000000
112548  -49.679  22.749  37.961 0.0000000000
113710  -46.767  25.202  45.735 0.0000000000
113724  -49.232  23.596  39.611 0.0000000000
114294  -43.564  26.087  44.773 0.0000000000
114298  -47.887  25.976  42.932 0.0000000000
114351  -48.850  25.023  35.693 0.0000000000
114352  -49.183  24.683  35.865 0.0000000000
114881  -47.163  26.167  44.877 0.0000000000
114909  -47.860  26.248  42.237 0.0000000000
115455  -46.257  27.007  44.762 0.0000000000
115472  -47.269  27.415  44.192 0.0000000000
116077  -46.915  28.129  44.010 0.0000000000
116083  -40.256  29.161  42.998 0.0000000000
116084  -45.639  29.286  43.920 0.0000000000
116096  -40.489  28.639  42.642 0.0000000000
116103  -47.258  28.294  42.748 0.0000000000
116113  -45.855  28.428  41.790 0.0000000000
116683  -44.817  30.402  44.157 0.0000000000
116690  -40.991  29.932  43.213 0.0000000000
116694  -46.366  29.410  43.158 0.0000000000
117834  -44.440  31.361  44.189 0.0000000000
