#!ascii label  , from subject sub-1633992 vox2ras=TkReg
354
88350  -26.623  -9.611  -1.939 0.0000000000
84679  -22.821  -13.404  -1.394 0.0000000000
84685  -29.303  -13.535  -1.826 0.0000000000
79949  -24.501  -18.260  -1.543 0.0000000000
98828  -26.652  2.747  1.410 0.0000000000
94665  -29.038  -2.244  1.684 0.0000000000
93032  -23.669  -4.470  -2.210 0.0000000000
76894  -22.190  -21.625  -0.194 0.0000000000
82845  -24.012  -15.364  -1.526 0.0000000000
80903  -21.859  -17.619  -0.299 0.0000000000
97084  -27.544  0.526  1.461 0.0000000000
96287  -24.397  -0.907  -0.457 0.0000000000
88349  -23.261  -9.562  -2.046 0.0000000000
90262  -21.714  -7.477  -1.332 0.0000000000
91216  -25.231  -6.748  -2.156 0.0000000000
92133  -27.789  -5.548  -0.139 0.0000000000
89289  -29.376  -8.077  -0.098 0.0000000000
88329  -30.433  -9.913  -1.171 0.0000000000
86489  -21.736  -11.308  -1.260 0.0000000000
86511  -24.886  -11.498  -2.226 0.0000000000
86494  -27.486  -11.781  -1.816 0.0000000000
83755  -25.987  -13.910  -2.095 0.0000000000
81870  -27.184  -16.355  -2.231 0.0000000000
80905  -28.006  -18.014  -1.362 0.0000000000
94701  -21.920  -2.658  -1.586 0.0000000000
94694  -25.809  -3.122  -0.453 0.0000000000
93010  -30.098  -4.647  1.627 0.0000000000
78970  -21.088  -19.624  0.376 0.0000000000
78985  -23.438  -19.365  -1.101 0.0000000000
81852  -21.288  -16.621  -0.179 0.0000000000
81836  -20.713  -16.961  0.246 0.0000000000
96270  -24.037  -0.197  -0.220 0.0000000000
96284  -21.815  -0.654  -0.720 0.0000000000
88371  -25.369  -9.622  -2.454 0.0000000000
90277  -24.429  -7.749  -2.589 0.0000000000
89319  -26.065  -8.229  -1.910 0.0000000000
90248  -26.631  -7.519  -0.978 0.0000000000
89321  -27.369  -8.726  -1.198 0.0000000000
89304  -29.774  -8.808  -0.446 0.0000000000
88352  -28.535  -10.151  -1.322 0.0000000000
85568  -22.045  -12.374  -1.284 0.0000000000
86491  -23.400  -11.427  -2.012 0.0000000000
85570  -23.876  -12.323  -2.286 0.0000000000
85588  -25.281  -12.397  -2.204 0.0000000000
84681  -24.503  -13.531  -2.153 0.0000000000
81867  -24.468  -16.353  -1.646 0.0000000000
81868  -25.327  -16.263  -1.913 0.0000000000
80917  -25.726  -17.304  -1.981 0.0000000000
80918  -26.629  -17.381  -2.134 0.0000000000
79951  -26.041  -18.291  -1.871 0.0000000000
98838  -23.886  2.691  1.248 0.0000000000
99674  -24.227  3.513  1.397 0.0000000000
99676  -25.582  3.272  1.296 0.0000000000
100412  -28.138  4.695  2.060 0.0000000000
98831  -29.325  2.727  1.995 0.0000000000
95451  -28.505  -0.477  1.730 0.0000000000
92157  -22.307  -5.533  -2.155 0.0000000000
93030  -21.855  -4.511  -1.825 0.0000000000
93885  -22.271  -3.558  -1.976 0.0000000000
94703  -23.556  -2.832  -1.718 0.0000000000
93888  -24.877  -3.644  -1.404 0.0000000000
91181  -29.716  -6.779  0.850 0.0000000000
93008  -28.320  -4.752  1.009 0.0000000000
92137  -31.164  -5.920  0.958 0.0000000000
85574  -28.861  -12.721  -1.930 0.0000000000
86496  -29.260  -11.929  -1.683 0.0000000000
76893  -21.107  -21.747  0.462 0.0000000000
77955  -21.565  -20.627  0.141 0.0000000000
78983  -21.956  -19.570  -0.108 0.0000000000
76909  -22.722  -20.983  -0.496 0.0000000000
83734  -21.680  -14.289  -0.862 0.0000000000
83736  -23.450  -14.385  -1.525 0.0000000000
82832  -22.367  -15.538  -0.877 0.0000000000
81854  -22.938  -16.883  -0.957 0.0000000000
80914  -23.334  -17.552  -1.135 0.0000000000
97940  -25.344  1.756  1.077 0.0000000000
97942  -27.064  1.572  1.216 0.0000000000
97082  -25.824  0.831  0.724 0.0000000000
97102  -26.143  -0.149  0.671 0.0000000000
95467  -26.712  -1.194  0.681 0.0000000000
88347  -21.891  -9.202  -1.224 0.0000000000
90264  -23.121  -7.963  -2.172 0.0000000000
91213  -23.330  -6.701  -2.464 0.0000000000
92158  -24.647  -5.550  -2.221 0.0000000000
93035  -25.955  -5.144  -1.329 0.0000000000
92160  -26.029  -5.938  -1.550 0.0000000000
91195  -28.342  -6.878  -0.070 0.0000000000
90240  -30.260  -7.474  0.363 0.0000000000
89291  -30.513  -7.942  0.039 0.0000000000
75945  -23.287  -22.563  -0.387 0.0000000000
75960  -23.451  -22.024  -0.533 0.0000000000
87395  -22.900  -10.440  -1.835 0.0000000000
87414  -24.444  -10.582  -2.336 0.0000000000
87416  -25.761  -10.468  -2.133 0.0000000000
87398  -26.946  -10.716  -1.786 0.0000000000
86492  -26.168  -11.654  -1.733 0.0000000000
85572  -26.975  -12.708  -1.891 0.0000000000
84682  -26.977  -13.600  -1.872 0.0000000000
83738  -25.060  -14.518  -2.122 0.0000000000
82861  -26.149  -14.503  -2.242 0.0000000000
83741  -28.180  -14.525  -1.956 0.0000000000
82850  -28.624  -15.535  -2.165 0.0000000000
80920  -28.260  -16.906  -1.691 0.0000000000
97933  -29.831  1.795  1.779 0.0000000000
95495  -23.425  -1.456  -1.125 0.0000000000
95497  -25.070  -2.242  -0.425 0.0000000000
94679  -26.883  -2.382  0.434 0.0000000000
93877  -26.739  -4.193  -0.308 0.0000000000
93848  -27.968  -3.566  0.988 0.0000000000
93850  -29.525  -2.741  1.611 0.0000000000
87400  -28.894  -11.072  -1.617 0.0000000000
87381  -31.563  -11.004  -1.002 0.0000000000
80888  -20.416  -17.629  0.581 0.0000000000
79936  -21.533  -18.612  0.058 0.0000000000
79938  -23.041  -18.507  -0.878 0.0000000000
78995  -24.163  -19.150  -1.420 0.0000000000
76911  -24.294  -21.317  -0.943 0.0000000000
77987  -24.901  -19.769  -1.546 0.0000000000
78997  -25.485  -19.106  -1.726 0.0000000000
96268  -20.906  -0.617  -0.142 0.0000000000
88372  -25.997  -9.599  -2.256 0.0000000000
89332  -25.612  -8.619  -2.250 0.0000000000
89333  -26.232  -8.904  -2.080 0.0000000000
89320  -26.710  -8.533  -1.535 0.0000000000
88351  -27.509  -9.607  -1.473 0.0000000000
88327  -28.203  -9.255  -0.914 0.0000000000
84678  -21.850  -13.535  -1.080 0.0000000000
85569  -23.095  -12.375  -1.770 0.0000000000
84680  -23.814  -13.320  -1.908 0.0000000000
84695  -24.369  -12.937  -2.274 0.0000000000
80916  -24.897  -17.311  -1.747 0.0000000000
79950  -25.265  -18.224  -1.686 0.0000000000
98840  -25.801  2.708  1.226 0.0000000000
98827  -26.097  3.069  1.279 0.0000000000
99665  -26.861  3.812  1.648 0.0000000000
98830  -28.451  2.799  2.001 0.0000000000
97930  -27.480  2.077  1.577 0.0000000000
95469  -28.353  -1.171  1.538 0.0000000000
95453  -29.597  -0.568  1.963 0.0000000000
95470  -29.384  -1.316  1.871 0.0000000000
94667  -30.798  -1.883  1.653 0.0000000000
93043  -22.833  -5.278  -2.374 0.0000000000
93031  -22.748  -4.559  -2.286 0.0000000000
93886  -23.175  -3.581  -2.131 0.0000000000
93887  -24.059  -3.657  -1.824 0.0000000000
91182  -30.847  -6.812  0.604 0.0000000000
92136  -29.924  -5.982  1.494 0.0000000000
84684  -28.540  -13.605  -2.038 0.0000000000
85575  -29.612  -12.738  -1.694 0.0000000000
84686  -30.018  -13.513  -1.536 0.0000000000
77969  -22.357  -20.450  -0.369 0.0000000000
83721  -21.855  -14.923  -0.764 0.0000000000
82831  -21.638  -15.647  -0.497 0.0000000000
81853  -22.249  -16.584  -0.618 0.0000000000
80904  -22.652  -17.623  -0.684 0.0000000000
97955  -24.008  1.238  0.624 0.0000000000
97956  -24.911  1.041  0.678 0.0000000000
97101  -25.327  0.111  0.459 0.0000000000
96271  -24.869  -0.618  -0.012 0.0000000000
96273  -26.360  -0.890  0.618 0.0000000000
96272  -25.722  -0.828  0.396 0.0000000000
88348  -22.534  -9.419  -1.603 0.0000000000
89317  -22.891  -8.594  -1.851 0.0000000000
90278  -25.087  -7.701  -2.363 0.0000000000
90276  -23.638  -7.715  -2.530 0.0000000000
91214  -24.012  -6.835  -2.654 0.0000000000
92168  -23.684  -5.987  -2.479 0.0000000000
92170  -24.877  -6.147  -2.335 0.0000000000
92159  -25.333  -5.641  -1.893 0.0000000000
91205  -25.766  -6.666  -1.735 0.0000000000
90249  -27.315  -7.478  -0.581 0.0000000000
90238  -28.830  -7.496  -0.066 0.0000000000
90239  -29.514  -7.429  0.257 0.0000000000
90251  -30.879  -7.663  0.142 0.0000000000
89290  -30.050  -8.074  0.002 0.0000000000
88328  -29.188  -9.561  -0.883 0.0000000000
89305  -30.868  -8.569  -0.336 0.0000000000
88330  -31.728  -9.677  -0.797 0.0000000000
74955  -22.860  -23.627  0.058 0.0000000000
74956  -23.723  -23.564  -0.062 0.0000000000
87379  -21.015  -10.695  -0.861 0.0000000000
87394  -21.943  -10.273  -1.392 0.0000000000
86510  -24.174  -11.457  -2.280 0.0000000000
87396  -23.708  -10.534  -2.181 0.0000000000
87415  -25.138  -10.588  -2.300 0.0000000000
87397  -26.203  -11.055  -1.757 0.0000000000
86512  -25.643  -11.570  -1.909 0.0000000000
84697  -25.655  -13.215  -2.156 0.0000000000
85589  -25.898  -12.583  -1.968 0.0000000000
84698  -26.331  -13.259  -1.991 0.0000000000
83737  -24.397  -14.324  -1.890 0.0000000000
82846  -24.847  -15.308  -1.889 0.0000000000
81869  -26.215  -16.254  -2.114 0.0000000000
82847  -25.668  -15.059  -2.321 0.0000000000
82848  -26.690  -15.153  -2.156 0.0000000000
83740  -27.311  -14.402  -1.899 0.0000000000
82849  -27.700  -15.402  -2.118 0.0000000000
80919  -27.656  -17.440  -1.769 0.0000000000
80906  -28.538  -17.444  -1.184 0.0000000000
97066  -27.816  1.254  1.716 0.0000000000
97067  -28.638  0.945  1.952 0.0000000000
94691  -21.298  -2.610  -0.931 0.0000000000
95493  -21.758  -1.735  -1.042 0.0000000000
95504  -22.380  -2.084  -1.518 0.0000000000
94693  -25.146  -2.970  -0.682 0.0000000000
95507  -24.282  -2.399  -1.006 0.0000000000
94677  -25.420  -2.414  -0.344 0.0000000000
94678  -26.103  -2.746  -0.160 0.0000000000
93020  -25.858  -4.400  -0.989 0.0000000000
93022  -27.184  -4.745  -0.208 0.0000000000
93009  -29.145  -5.062  1.453 0.0000000000
93864  -27.876  -4.136  0.579 0.0000000000
92991  -28.680  -4.117  1.439 0.0000000000
93849  -28.762  -3.236  1.557 0.0000000000
92993  -30.065  -3.461  1.599 0.0000000000
93866  -31.055  -3.230  1.109 0.0000000000
87399  -27.961  -10.867  -1.669 0.0000000000
87380  -30.590  -11.134  -1.407 0.0000000000
79924  -20.700  -18.599  0.488 0.0000000000
78984  -22.681  -19.482  -0.645 0.0000000000
81851  -20.662  -16.269  0.199 0.0000000000
97099  -23.536  0.590  0.213 0.0000000000
97110  -22.239  0.080  -0.452 0.0000000000
97111  -23.153  -0.027  -0.336 0.0000000000
96286  -23.740  -0.789  -0.718 0.0000000000
88369  -23.963  -9.642  -2.401 0.0000000000
89318  -23.533  -8.695  -2.235 0.0000000000
89331  -24.898  -8.682  -2.447 0.0000000000
90265  -25.642  -7.575  -2.006 0.0000000000
90266  -26.135  -7.536  -1.535 0.0000000000
89301  -27.070  -8.198  -0.888 0.0000000000
89302  -27.753  -8.417  -0.712 0.0000000000
89303  -28.726  -8.494  -0.403 0.0000000000
85553  -21.063  -12.788  -0.736 0.0000000000
86490  -22.517  -11.374  -1.628 0.0000000000
85587  -24.611  -12.303  -2.386 0.0000000000
84696  -24.979  -13.185  -2.302 0.0000000000
79952  -26.861  -18.385  -1.749 0.0000000000
98837  -22.870  2.552  1.258 0.0000000000
99675  -25.141  3.367  1.327 0.0000000000
96259  -28.073  -0.188  1.680 0.0000000000
96244  -29.236  0.126  1.954 0.0000000000
95452  -28.946  -0.574  1.870 0.0000000000
93019  -21.098  -4.502  -1.125 0.0000000000
93884  -21.478  -3.529  -1.450 0.0000000000
94702  -22.711  -2.735  -1.893 0.0000000000
94704  -24.392  -2.926  -1.261 0.0000000000
94705  -24.781  -3.201  -1.104 0.0000000000
92134  -28.370  -5.594  0.410 0.0000000000
92135  -29.056  -5.793  0.978 0.0000000000
93011  -31.514  -4.498  0.989 0.0000000000
86495  -28.406  -11.858  -1.783 0.0000000000
86497  -30.150  -11.991  -1.529 0.0000000000
77954  -20.642  -20.700  0.708 0.0000000000
77970  -23.066  -20.347  -0.794 0.0000000000
83735  -22.444  -14.501  -1.136 0.0000000000
82844  -23.112  -15.409  -1.265 0.0000000000
81865  -22.865  -16.173  -0.985 0.0000000000
81866  -23.550  -16.454  -1.309 0.0000000000
80915  -24.067  -17.398  -1.528 0.0000000000
98853  -22.081  2.224  1.068 0.0000000000
97938  -23.650  1.987  0.950 0.0000000000
97939  -24.436  1.880  1.017 0.0000000000
98841  -26.444  2.145  1.256 0.0000000000
97941  -26.230  1.587  1.054 0.0000000000
97083  -26.787  0.493  0.908 0.0000000000
97100  -24.452  0.368  0.281 0.0000000000
96258  -27.441  -0.443  1.267 0.0000000000
96257  -26.804  -0.626  0.806 0.0000000000
95468  -27.230  -1.627  0.878 0.0000000000
90263  -22.505  -7.540  -1.869 0.0000000000
90275  -23.032  -7.294  -2.295 0.0000000000
91204  -22.650  -6.573  -2.229 0.0000000000
93045  -24.059  -5.304  -2.351 0.0000000000
93033  -24.574  -4.677  -1.899 0.0000000000
92147  -26.524  -5.755  -1.115 0.0000000000
91206  -26.336  -6.649  -1.296 0.0000000000
91193  -26.909  -6.581  -0.781 0.0000000000
91179  -28.228  -6.223  0.021 0.0000000000
91180  -28.851  -6.612  0.375 0.0000000000
91196  -31.245  -7.328  0.178 0.0000000000
90253  -32.389  -7.650  -0.381 0.0000000000
83743  -29.628  -14.061  -1.644 0.0000000000
75944  -22.414  -22.742  -0.100 0.0000000000
76895  -22.769  -22.114  -0.372 0.0000000000
88370  -24.679  -9.661  -2.547 0.0000000000
87417  -26.294  -10.305  -2.023 0.0000000000
86493  -26.669  -11.704  -1.785 0.0000000000
85571  -26.267  -12.196  -1.812 0.0000000000
85573  -27.995  -12.700  -2.069 0.0000000000
84683  -27.680  -13.577  -1.994 0.0000000000
83753  -24.894  -13.906  -2.145 0.0000000000
83754  -25.449  -14.013  -2.126 0.0000000000
82860  -25.824  -14.362  -2.223 0.0000000000
83739  -26.554  -14.134  -2.005 0.0000000000
83742  -29.188  -14.589  -1.877 0.0000000000
81871  -28.089  -16.397  -2.126 0.0000000000
81872  -28.811  -16.480  -1.774 0.0000000000
97931  -28.166  1.956  1.855 0.0000000000
97932  -29.003  1.856  1.839 0.0000000000
97068  -29.535  0.931  1.923 0.0000000000
96283  -21.345  -1.146  -0.677 0.0000000000
96285  -22.816  -0.654  -0.849 0.0000000000
95505  -23.080  -2.070  -1.553 0.0000000000
95496  -24.443  -1.848  -0.691 0.0000000000
95479  -24.763  -1.256  -0.331 0.0000000000
95480  -25.355  -1.691  -0.149 0.0000000000
95482  -26.859  -1.879  0.560 0.0000000000
94664  -28.105  -2.459  1.320 0.0000000000
93034  -25.390  -4.519  -1.493 0.0000000000
93875  -25.473  -3.850  -1.012 0.0000000000
93876  -26.158  -3.648  -0.517 0.0000000000
93007  -27.823  -4.709  0.277 0.0000000000
93863  -27.101  -3.610  0.238 0.0000000000
94663  -27.516  -2.814  0.711 0.0000000000
94680  -30.725  -2.603  1.538 0.0000000000
88353  -29.475  -10.429  -1.423 0.0000000000
87401  -29.671  -11.222  -1.619 0.0000000000
88354  -30.073  -10.763  -1.534 0.0000000000
80902  -21.095  -17.673  0.135 0.0000000000
79937  -22.305  -18.576  -0.417 0.0000000000
79948  -23.745  -18.386  -1.321 0.0000000000
76910  -23.286  -21.475  -0.619 0.0000000000
77971  -24.056  -20.220  -1.212 0.0000000000
77972  -24.961  -20.622  -1.350 0.0000000000
77986  -24.480  -19.554  -1.470 0.0000000000
78996  -24.792  -19.027  -1.632 0.0000000000
75961  -23.830  -22.027  -0.585 0.0000000000
85590  -26.359  -12.714  -1.900 0.0000000000
87402  -30.122  -11.258  -1.564 0.0000000000
88326  -27.719  -8.992  -1.112 0.0000000000
89330  -24.206  -8.694  -2.455 0.0000000000
90250  -28.098  -7.555  -0.323 0.0000000000
90252  -31.527  -7.810  -0.120 0.0000000000
91194  -27.700  -6.542  -0.367 0.0000000000
91197  -31.737  -7.042  0.060 0.0000000000
91215  -24.660  -6.865  -2.446 0.0000000000
92148  -27.145  -5.629  -0.618 0.0000000000
92167  -23.014  -5.868  -2.387 0.0000000000
92169  -24.335  -6.089  -2.472 0.0000000000
92992  -29.098  -3.999  1.509 0.0000000000
93021  -26.503  -4.780  -0.731 0.0000000000
93044  -23.332  -5.221  -2.414 0.0000000000
93847  -27.573  -3.316  0.605 0.0000000000
93862  -26.445  -3.342  -0.134 0.0000000000
94666  -30.037  -2.210  1.877 0.0000000000
94692  -24.529  -2.559  -0.872 0.0000000000
95481  -26.417  -1.647  0.396 0.0000000000
95494  -22.530  -1.402  -1.203 0.0000000000
95506  -23.853  -2.246  -1.237 0.0000000000
96243  -28.592  0.046  1.857 0.0000000000
97085  -28.112  0.502  1.821 0.0000000000
98839  -24.812  2.655  1.230 0.0000000000
99673  -23.321  3.526  1.555 0.0000000000
