#!ascii label  , from subject sub-1633992 vox2ras=TkReg
959
79936  -21.533  -18.612  0.058 0.5555555820
80904  -22.652  -17.623  -0.684 0.6666666865
81854  -22.938  -16.883  -0.957 0.7777777910
80915  -24.067  -17.398  -1.528 0.7777777910
82845  -24.012  -15.364  -1.526 0.8888888955
81869  -26.215  -16.254  -2.114 0.8888888955
79924  -20.700  -18.599  0.488 0.5555555820
80902  -21.095  -17.673  0.135 0.5555555820
81852  -21.288  -16.621  -0.179 0.6666666865
81853  -22.249  -16.584  -0.618 0.8888888955
81867  -24.468  -16.353  -1.646 0.8888888955
82846  -24.847  -15.308  -1.889 0.8888888955
82860  -25.824  -14.362  -2.223 1.0000000000
82848  -26.690  -15.153  -2.156 0.8888888955
83739  -26.554  -14.134  -2.005 1.0000000000
81851  -20.662  -16.269  0.199 0.7777777910
83721  -21.855  -14.923  -0.764 1.0000000000
83735  -22.444  -14.501  -1.136 1.0000000000
83736  -23.450  -14.385  -1.525 1.0000000000
84681  -24.503  -13.531  -2.153 1.0000000000
84696  -24.979  -13.185  -2.302 1.0000000000
84695  -24.369  -12.937  -2.274 1.0000000000
84697  -25.655  -13.215  -2.156 1.0000000000
84682  -26.977  -13.600  -1.872 1.0000000000
85588  -25.281  -12.397  -2.204 1.0000000000
85589  -25.898  -12.583  -1.968 1.0000000000
85573  -27.995  -12.700  -2.069 1.0000000000
86493  -26.669  -11.704  -1.785 1.0000000000
86494  -27.486  -11.781  -1.816 0.7777777910
84678  -21.850  -13.535  -1.080 0.8888888955
84679  -22.821  -13.404  -1.394 1.0000000000
85587  -24.611  -12.303  -2.386 1.0000000000
85569  -23.095  -12.375  -1.770 1.0000000000
86512  -25.643  -11.570  -1.909 1.0000000000
86492  -26.168  -11.654  -1.733 1.0000000000
87397  -26.203  -11.055  -1.757 1.0000000000
87399  -27.961  -10.867  -1.669 1.0000000000
87400  -28.894  -11.072  -1.617 0.8888888955
88354  -30.073  -10.763  -1.534 0.7777777910
86489  -21.736  -11.308  -1.260 0.5555555820
88349  -23.261  -9.562  -2.046 0.7777777910
87395  -22.900  -10.440  -1.835 0.8888888955
87414  -24.444  -10.582  -2.336 1.0000000000
86511  -24.886  -11.498  -2.226 1.0000000000
87415  -25.138  -10.588  -2.300 1.0000000000
87416  -25.761  -10.468  -2.133 1.0000000000
87417  -26.294  -10.305  -2.023 1.0000000000
88352  -28.535  -10.151  -1.322 0.8888888955
88351  -27.509  -9.607  -1.473 1.0000000000
88328  -29.188  -9.561  -0.883 0.7777777910
88330  -31.728  -9.677  -0.797 0.6666666865
88325  -21.241  -9.460  -0.896 0.4444444478
87394  -21.943  -10.273  -1.392 0.7777777910
89316  -22.195  -8.431  -1.427 0.6666666865
89318  -23.533  -8.695  -2.235 0.7777777910
88369  -23.963  -9.642  -2.401 0.8888888955
88371  -25.369  -9.622  -2.454 0.8888888955
89332  -25.612  -8.619  -2.250 1.0000000000
89333  -26.232  -8.904  -2.080 1.0000000000
89321  -27.369  -8.726  -1.198 0.8888888955
88327  -28.203  -9.255  -0.914 0.7777777910
89304  -29.774  -8.808  -0.446 0.7777777910
88331  -32.793  -9.506  -0.662 0.5555555820
89305  -30.868  -8.569  -0.336 0.7777777910
89306  -32.057  -8.623  -0.448 0.6666666865
90263  -22.505  -7.540  -1.869 0.6666666865
89300  -21.454  -8.426  -1.024 0.6666666865
90264  -23.121  -7.963  -2.172 0.7777777910
90275  -23.032  -7.294  -2.295 0.7777777910
90277  -24.429  -7.749  -2.589 0.8888888955
90278  -25.087  -7.701  -2.363 0.8888888955
90265  -25.642  -7.575  -2.006 1.0000000000
90266  -26.135  -7.536  -1.535 1.0000000000
89320  -26.710  -8.533  -1.535 0.8888888955
90249  -27.315  -7.478  -0.581 0.8888888955
89289  -29.376  -8.077  -0.098 0.8888888955
89303  -28.726  -8.494  -0.403 0.7777777910
90238  -28.830  -7.496  -0.066 0.7777777910
90239  -29.514  -7.429  0.257 0.7777777910
89291  -30.513  -7.942  0.039 0.7777777910
89307  -33.029  -8.504  -0.676 0.6666666865
90262  -21.714  -7.477  -1.332 0.6666666865
91204  -22.650  -6.573  -2.229 0.7777777910
91213  -23.330  -6.701  -2.464 0.8888888955
91214  -24.012  -6.835  -2.654 0.8888888955
92170  -24.877  -6.147  -2.335 1.0000000000
91216  -25.231  -6.748  -2.156 1.0000000000
91206  -26.336  -6.649  -1.296 1.0000000000
90248  -26.631  -7.519  -0.978 0.8888888955
91181  -29.716  -6.779  0.850 0.7777777910
91196  -31.245  -7.328  0.178 0.6666666865
90254  -33.370  -7.502  -0.862 0.5555555820
91203  -21.915  -6.526  -1.794 0.7777777910
92156  -21.495  -5.505  -1.517 0.6666666865
92158  -24.647  -5.550  -2.221 1.0000000000
92159  -25.333  -5.641  -1.893 1.0000000000
92147  -26.524  -5.755  -1.115 0.8888888955
91193  -26.909  -6.581  -0.781 0.8888888955
92133  -27.789  -5.548  -0.139 0.8888888955
91195  -28.342  -6.878  -0.070 0.8888888955
92136  -29.924  -5.982  1.494 0.7777777910
91182  -30.847  -6.812  0.604 0.7777777910
91198  -32.600  -6.448  -0.345 0.5555555820
93008  -28.320  -4.752  1.009 0.7777777910
91184  -32.198  -5.833  0.006 0.5555555820
91199  -33.535  -6.445  -1.141 0.5555555820
92137  -31.164  -5.920  0.958 0.6666666865
92145  -20.164  -5.636  -0.305 0.4444444478
93031  -22.748  -4.559  -2.286 0.7777777910
93045  -24.059  -5.304  -2.351 1.0000000000
93043  -22.833  -5.278  -2.374 0.8888888955
93033  -24.574  -4.677  -1.899 1.0000000000
93035  -25.955  -5.144  -1.329 0.8888888955
93020  -25.858  -4.400  -0.989 0.8888888955
93022  -27.184  -4.745  -0.208 0.8888888955
92134  -28.370  -5.594  0.410 0.8888888955
92149  -32.493  -5.356  -0.229 0.5555555820
94701  -21.920  -2.658  -1.586 0.6666666865
93884  -21.478  -3.529  -1.450 0.6666666865
94703  -23.556  -2.832  -1.718 0.7777777910
93888  -24.877  -3.644  -1.404 0.8888888955
94704  -24.392  -2.926  -1.261 0.7777777910
94705  -24.781  -3.201  -1.104 0.7777777910
93875  -25.473  -3.850  -1.012 0.8888888955
94694  -25.809  -3.122  -0.453 0.7777777910
93877  -26.739  -4.193  -0.308 0.8888888955
93863  -27.101  -3.610  0.238 0.7777777910
93864  -27.876  -4.136  0.579 0.7777777910
94679  -26.883  -2.382  0.434 0.6666666865
93849  -28.762  -3.236  1.557 0.6666666865
92991  -28.680  -4.117  1.439 0.6666666865
93009  -29.145  -5.062  1.453 0.5555555820
94665  -29.038  -2.244  1.684 0.6666666865
93850  -29.525  -2.741  1.611 0.5555555820
93866  -31.055  -3.230  1.109 0.5555555820
93012  -32.264  -4.429  0.185 0.4444444478
93865  -30.231  -3.212  1.634 0.5555555820
96267  -20.180  -1.011  0.449 0.3333333433
95478  -20.425  -1.688  0.085 0.3333333433
95493  -21.758  -1.735  -1.042 0.5555555820
95504  -22.380  -2.084  -1.518 0.6666666865
96285  -22.816  -0.654  -0.849 0.5555555820
95505  -23.080  -2.070  -1.553 0.7777777910
95507  -24.282  -2.399  -1.006 0.7777777910
95479  -24.763  -1.256  -0.331 0.6666666865
94677  -25.420  -2.414  -0.344 0.6666666865
95497  -25.070  -2.242  -0.425 0.6666666865
95482  -26.859  -1.879  0.560 0.6666666865
95468  -27.230  -1.627  0.878 0.6666666865
94680  -30.725  -2.603  1.538 0.5555555820
94667  -30.798  -1.883  1.653 0.5555555820
96269  -21.448  -0.135  -0.313 0.4444444478
96256  -20.235  -0.280  0.621 0.4444444478
96268  -20.906  -0.617  -0.142 0.4444444478
97097  -21.413  0.617  0.144 0.5555555820
96284  -21.815  -0.654  -0.720 0.5555555820
96286  -23.740  -0.789  -0.718 0.6666666865
96287  -24.397  -0.907  -0.457 0.6666666865
95480  -25.355  -1.691  -0.149 0.6666666865
95467  -26.712  -1.194  0.681 0.6666666865
96257  -26.804  -0.626  0.806 0.6666666865
95453  -29.597  -0.568  1.963 0.6666666865
95471  -30.309  -1.043  1.850 0.5555555820
95472  -31.188  -1.156  1.368 0.6666666865
96270  -24.037  -0.197  -0.220 0.6666666865
97101  -25.327  0.111  0.459 0.6666666865
96272  -25.722  -0.828  0.396 0.6666666865
96271  -24.869  -0.618  -0.012 0.6666666865
95451  -28.505  -0.477  1.730 0.6666666865
81866  -23.550  -16.454  -1.309 0.8888888955
82831  -21.638  -15.647  -0.497 1.0000000000
82844  -23.112  -15.409  -1.265 1.0000000000
83737  -24.397  -14.324  -1.890 1.0000000000
83755  -25.987  -13.910  -2.095 1.0000000000
89301  -27.070  -8.198  -0.888 0.8888888955
91192  -21.246  -6.499  -1.124 0.5555555820
93018  -20.271  -4.508  -0.297 0.5555555820
92157  -22.307  -5.533  -2.155 0.7777777910
93017  -19.928  -5.058  0.000 0.2222222239
93011  -31.514  -4.498  0.989 0.6666666865
94693  -25.146  -2.970  -0.682 0.7777777910
97111  -23.153  -0.027  -0.336 0.6666666865
97099  -23.536  0.590  0.213 0.6666666865
89299  -20.680  -8.529  -0.658 0.4444444478
90247  -20.973  -7.497  -0.833 0.4444444478
95483  -31.946  -1.379  0.755 0.5555555820
95484  -32.265  -1.565  -0.117 0.5555555820
97079  -19.710  -0.051  1.260 0.2222222239
97096  -20.709  0.107  0.353 0.3333333433
96274  -32.130  -0.616  0.202 0.5555555820
78970  -21.088  -19.624  0.376 0.5555555820
78983  -21.956  -19.570  -0.108 0.5555555820
79937  -22.305  -18.576  -0.417 0.6666666865
79938  -23.041  -18.507  -0.878 0.5555555820
79948  -23.745  -18.386  -1.321 0.5555555820
80917  -25.726  -17.304  -1.981 0.7777777910
80916  -24.897  -17.311  -1.747 0.6666666865
81870  -27.184  -16.355  -2.231 0.7777777910
82849  -27.700  -15.402  -2.118 0.7777777910
83740  -27.311  -14.402  -1.899 0.8888888955
78968  -19.600  -18.968  1.225 0.4444444478
81834  -19.507  -16.740  1.192 0.5555555820
82816  -20.257  -15.601  0.427 0.2222222239
82830  -20.890  -15.586  -0.105 0.6666666865
85574  -28.861  -12.721  -1.930 0.8888888955
86496  -29.260  -11.929  -1.683 0.6666666865
87401  -29.671  -11.222  -1.619 0.7777777910
87380  -30.590  -11.134  -1.407 0.6666666865
84664  -21.172  -13.810  -0.765 0.5555555820
87381  -31.563  -11.004  -1.002 0.6666666865
85553  -21.063  -12.788  -0.736 0.4444444478
87382  -32.621  -10.612  -0.663 0.5555555820
87384  -34.546  -10.079  -1.014 0.5555555820
87378  -20.138  -10.685  -0.304 0.2222222239
88332  -33.724  -9.321  -0.751 0.5555555820
89308  -33.863  -8.459  -0.990 0.5555555820
90245  -19.610  -7.583  0.024 0.3333333433
90255  -34.063  -7.862  -1.338 0.5555555820
92146  -20.809  -5.523  -0.801 0.4444444478
91207  -34.132  -6.599  -2.239 0.4444444478
92144  -19.702  -5.639  0.105 0.3333333433
92161  -33.407  -5.571  -1.716 0.5555555820
93023  -32.800  -4.541  -0.831 0.4444444478
95477  -19.674  -1.702  0.672 0.3333333433
94690  -20.638  -2.573  -0.311 0.4444444478
93878  -32.479  -3.448  -0.194 0.4444444478
94695  -32.461  -2.488  -0.628 0.4444444478
95498  -32.279  -1.622  -1.035 0.2222222239
97080  -20.394  0.579  0.966 0.3333333433
97098  -22.592  0.762  0.066 0.6666666865
97100  -24.452  0.368  0.281 0.6666666865
97102  -26.143  -0.149  0.671 0.6666666865
97083  -26.787  0.493  0.908 0.6666666865
97084  -27.544  0.526  1.461 0.6666666865
96244  -29.236  0.126  1.954 0.6666666865
95452  -28.946  -0.574  1.870 0.6666666865
96260  -30.891  -0.108  1.753 0.6666666865
96261  -31.589  -0.152  0.961 0.4444444478
96275  -32.171  -0.845  -0.515 0.3333333433
80903  -21.859  -17.619  -0.299 0.6666666865
80914  -23.334  -17.552  -1.135 0.7777777910
82847  -25.668  -15.059  -2.321 1.0000000000
81868  -25.327  -16.263  -1.913 0.8888888955
79923  -19.992  -18.437  0.946 0.4444444478
80888  -20.416  -17.629  0.581 0.5555555820
81836  -20.713  -16.961  0.246 0.6666666865
81865  -22.865  -16.173  -0.985 0.8888888955
82861  -26.149  -14.503  -2.242 1.0000000000
83738  -25.060  -14.518  -2.122 1.0000000000
83754  -25.449  -14.013  -2.126 1.0000000000
81835  -20.143  -16.623  0.692 0.6666666865
82832  -22.367  -15.538  -0.877 1.0000000000
83734  -21.680  -14.289  -0.862 0.8888888955
84680  -23.814  -13.320  -1.908 1.0000000000
83753  -24.894  -13.906  -2.145 1.0000000000
85570  -23.876  -12.323  -2.286 1.0000000000
84698  -26.331  -13.259  -1.991 1.0000000000
84683  -27.680  -13.577  -1.994 0.8888888955
85572  -26.975  -12.708  -1.891 1.0000000000
85571  -26.267  -12.196  -1.812 1.0000000000
86495  -28.406  -11.858  -1.783 0.8888888955
85568  -22.045  -12.374  -1.284 1.0000000000
86510  -24.174  -11.457  -2.280 1.0000000000
87398  -26.946  -10.716  -1.786 1.0000000000
88353  -29.475  -10.429  -1.423 0.7777777910
88329  -30.433  -9.913  -1.171 0.6666666865
86473  -20.591  -11.702  -0.505 0.5555555820
86474  -21.305  -11.776  -0.890 0.5555555820
87379  -21.015  -10.695  -0.861 0.6666666865
86490  -22.517  -11.374  -1.628 0.7777777910
88348  -22.534  -9.419  -1.603 0.6666666865
87396  -23.708  -10.534  -2.181 0.8888888955
86491  -23.400  -11.427  -2.012 0.8888888955
88370  -24.679  -9.661  -2.547 0.8888888955
88350  -26.623  -9.611  -1.939 1.0000000000
87383  -33.640  -10.349  -0.592 0.5555555820
88347  -21.891  -9.202  -1.224 0.5555555820
88324  -20.428  -9.619  -0.490 0.3333333433
89317  -22.891  -8.594  -1.851 0.7777777910
89331  -24.898  -8.682  -2.447 0.8888888955
88372  -25.997  -9.599  -2.256 1.0000000000
89319  -26.065  -8.229  -1.910 1.0000000000
89302  -27.753  -8.417  -0.712 0.7777777910
89290  -30.050  -8.074  0.002 0.7777777910
90276  -23.638  -7.715  -2.530 0.8888888955
90240  -30.260  -7.474  0.363 0.7777777910
90251  -30.879  -7.663  0.142 0.7777777910
90253  -32.389  -7.650  -0.381 0.6666666865
92168  -23.684  -5.987  -2.479 0.8888888955
91205  -25.766  -6.666  -1.735 1.0000000000
92160  -26.029  -5.938  -1.550 0.8888888955
91180  -28.851  -6.612  0.375 0.7777777910
90267  -34.026  -7.183  -1.419 0.5555555820
91179  -28.228  -6.223  0.021 0.8888888955
92135  -29.056  -5.793  0.978 0.8888888955
91183  -31.752  -6.224  0.303 0.6666666865
93007  -27.823  -4.709  0.277 0.8888888955
92150  -33.070  -5.566  -0.840 0.5555555820
93019  -21.098  -4.502  -1.125 0.5555555820
93030  -21.855  -4.511  -1.825 0.5555555820
93032  -23.669  -4.470  -2.210 1.0000000000
93886  -23.175  -3.581  -2.131 0.7777777910
93034  -25.390  -4.519  -1.493 0.8888888955
93887  -24.059  -3.657  -1.824 0.7777777910
93024  -33.100  -5.129  -1.216 0.5555555820
94691  -21.298  -2.610  -0.931 0.5555555820
94702  -22.711  -2.735  -1.893 0.6666666865
93885  -22.271  -3.558  -1.976 0.7777777910
93874  -20.818  -3.512  -0.713 0.6666666865
93876  -26.158  -3.648  -0.517 0.7777777910
94678  -26.103  -2.746  -0.160 0.6666666865
93848  -27.968  -3.566  0.988 0.6666666865
94663  -27.516  -2.814  0.711 0.6666666865
94664  -28.105  -2.459  1.320 0.6666666865
92993  -30.065  -3.461  1.599 0.5555555820
93010  -30.098  -4.647  1.627 0.5555555820
93867  -31.899  -3.419  0.692 0.4444444478
94681  -31.427  -2.328  1.116 0.5555555820
95492  -21.041  -1.707  -0.541 0.4444444478
96283  -21.345  -1.146  -0.677 0.5555555820
95495  -23.425  -1.456  -1.125 0.6666666865
95496  -24.443  -1.848  -0.691 0.7777777910
95469  -28.353  -1.171  1.538 0.6666666865
95470  -29.384  -1.316  1.871 0.6666666865
97109  -21.716  0.007  -0.379 0.5555555820
97110  -22.239  0.080  -0.452 0.6666666865
96273  -26.360  -0.890  0.618 0.6666666865
96258  -27.441  -0.443  1.267 0.6666666865
96259  -28.073  -0.188  1.680 0.6666666865
91191  -20.541  -6.541  -0.595 0.4444444478
89298  -19.952  -8.622  -0.184 0.4444444478
90246  -20.235  -7.555  -0.430 0.4444444478
94706  -32.309  -2.500  -1.683 0.3333333433
97104  -32.100  -0.284  -0.231 0.3333333433
80918  -26.629  -17.381  -2.134 0.6666666865
78969  -20.017  -19.604  0.937 0.4444444478
84684  -28.540  -13.605  -2.038 0.7777777910
80887  -19.778  -17.513  1.074 0.4444444478
83720  -21.125  -14.674  -0.493 0.7777777910
87377  -19.582  -10.697  0.317 0.1111111119
88323  -19.737  -9.711  0.053 0.1111111119
91190  -19.892  -6.575  -0.217 0.3333333433
93873  -20.211  -3.418  -0.057 0.3333333433
96245  -30.028  0.029  2.010 0.6666666865
77972  -24.961  -20.622  -1.350 0.4444444478
76897  -26.674  -21.297  -0.165 0.2222222239
77969  -22.357  -20.450  -0.369 0.4444444478
76909  -22.722  -20.983  -0.496 0.4444444478
78984  -22.681  -19.482  -0.645 0.4444444478
78985  -23.438  -19.365  -1.101 0.4444444478
77987  -24.901  -19.769  -1.546 0.4444444478
77988  -25.643  -19.981  -1.628 0.4444444478
77990  -27.087  -20.082  -1.149 0.2222222239
78995  -24.163  -19.150  -1.420 0.4444444478
78996  -24.792  -19.027  -1.632 0.4444444478
78997  -25.485  -19.106  -1.726 0.4444444478
79939  -28.099  -18.508  -0.857 0.1111111119
79925  -28.368  -18.669  -0.210 0.1111111119
79951  -26.041  -18.291  -1.871 0.4444444478
79953  -27.569  -18.552  -1.426 0.3333333433
79949  -24.501  -18.260  -1.543 0.4444444478
79950  -25.265  -18.224  -1.686 0.4444444478
79952  -26.861  -18.385  -1.749 0.3333333433
80905  -28.006  -18.014  -1.362 0.3333333433
80920  -28.260  -16.906  -1.691 0.2222222239
81855  -29.579  -16.604  -1.024 0.1111111119
82817  -30.992  -15.852  -0.027 0.1111111119
81872  -28.811  -16.480  -1.774 0.3333333433
82850  -28.624  -15.535  -2.165 0.5555555820
83742  -29.188  -14.589  -1.877 0.6666666865
83723  -30.079  -14.620  -1.365 0.4444444478
83741  -28.180  -14.525  -1.956 0.6666666865
84666  -31.347  -13.783  -0.910 0.3333333433
84685  -29.303  -13.535  -1.826 0.6666666865
85554  -30.724  -12.975  -1.299 0.5555555820
85576  -30.121  -12.794  -1.523 0.5555555820
85555  -31.632  -12.882  -0.910 0.5555555820
86476  -31.855  -12.062  -0.853 0.3333333433
85575  -29.612  -12.738  -1.694 0.5555555820
86477  -32.532  -11.725  -0.551 0.4444444478
97082  -25.824  0.831  0.724 0.5555555820
97066  -27.816  1.254  1.716 0.5555555820
97067  -28.638  0.945  1.952 0.5555555820
97933  -29.831  1.795  1.779 0.5555555820
76911  -24.294  -21.317  -0.943 0.4444444478
77974  -26.573  -20.826  -0.863 0.2222222239
80906  -28.538  -17.444  -1.184 0.2222222239
80889  -29.174  -17.497  -0.363 0.1111111119
82851  -29.368  -15.685  -1.723 0.4444444478
82833  -29.872  -15.594  -1.187 0.3333333433
83743  -29.628  -14.061  -1.644 0.6666666865
86478  -33.516  -11.456  -0.371 0.4444444478
88355  -34.953  -9.386  -1.578 0.4444444478
97941  -26.230  1.587  1.054 0.5555555820
97940  -25.344  1.756  1.077 0.5555555820
83724  -31.031  -14.644  -0.970 0.2222222239
97068  -29.535  0.931  1.923 0.5555555820
76895  -22.769  -22.114  -0.372 0.4444444478
75960  -23.451  -22.024  -0.533 0.4444444478
75961  -23.830  -22.027  -0.585 0.4444444478
76913  -25.906  -21.490  -0.717 0.2222222239
76896  -26.198  -21.587  -0.382 0.2222222239
77955  -21.565  -20.627  0.141 0.4444444478
76894  -22.190  -21.625  -0.194 0.4444444478
77991  -27.446  -20.041  -0.895 0.1111111119
78986  -28.126  -19.364  -0.400 0.1111111119
77957  -27.389  -20.654  -0.178 0.1111111119
79926  -28.878  -18.337  0.328 0.1111111119
80891  -30.730  -17.341  0.651 0.1111111119
81839  -31.235  -16.532  0.456 0.1111111119
82818  -31.732  -15.826  0.186 0.1111111119
83709  -32.440  -14.679  -0.012 0.2222222239
84668  -33.070  -13.476  -0.067 0.1111111119
83725  -31.751  -14.556  -0.482 0.2222222239
85557  -33.334  -12.555  -0.221 0.2222222239
85558  -34.379  -12.437  -0.424 0.2222222239
87403  -35.187  -10.364  -1.726 0.3333333433
88356  -35.352  -9.730  -2.322 0.3333333433
88333  -34.373  -9.125  -1.075 0.4444444478
89323  -35.377  -9.342  -2.790 0.3333333433
93889  -32.652  -3.412  -1.243 0.3333333433
97953  -22.182  1.555  0.497 0.4444444478
97086  -31.069  0.829  1.398 0.5555555820
97955  -24.008  1.238  0.624 0.5555555820
97942  -27.064  1.572  1.216 0.5555555820
97931  -28.166  1.956  1.855 0.5555555820
97932  -29.003  1.856  1.839 0.5555555820
97939  -24.436  1.880  1.017 0.5555555820
86497  -30.150  -11.991  -1.529 0.5555555820
86475  -31.095  -11.998  -1.205 0.5555555820
89309  -34.556  -8.499  -1.479 0.4444444478
77973  -25.804  -20.830  -1.319 0.4444444478
76912  -25.140  -21.406  -0.965 0.3333333433
77956  -26.942  -20.779  -0.471 0.1111111119
77970  -23.066  -20.347  -0.794 0.4444444478
76910  -23.286  -21.475  -0.619 0.4444444478
77971  -24.056  -20.220  -1.212 0.4444444478
77986  -24.480  -19.554  -1.470 0.4444444478
77989  -26.427  -20.101  -1.467 0.4444444478
78998  -26.251  -19.223  -1.701 0.4444444478
78999  -27.004  -19.339  -1.506 0.4444444478
79000  -27.583  -19.437  -0.976 0.1111111119
79940  -28.584  -18.068  -0.441 0.1111111119
78972  -28.793  -19.292  0.635 0.1111111119
80919  -27.656  -17.440  -1.769 0.3333333433
81856  -30.102  -16.064  -0.789 0.1111111119
81838  -30.333  -16.547  -0.157 0.1111111119
82834  -30.586  -15.539  -0.757 0.1111111119
81871  -28.089  -16.397  -2.126 0.3333333433
83722  -29.610  -15.119  -1.539 0.4444444478
84651  -32.863  -14.152  0.107 0.1111111119
84665  -30.649  -13.905  -1.240 0.4444444478
84686  -30.018  -13.513  -1.536 0.5555555820
85556  -32.440  -12.735  -0.509 0.3333333433
86498  -34.988  -10.911  -1.284 0.4444444478
97956  -24.911  1.041  0.678 0.5555555820
75962  -24.603  -21.994  -0.584 0.4444444478
81837  -29.698  -17.028  -0.270 0.1111111119
98840  -25.801  2.708  1.226 0.5555555820
82835  -31.371  -15.276  -0.384 0.2222222239
75945  -23.287  -22.563  -0.387 0.4444444478
75963  -25.291  -21.935  -0.515 0.2222222239
76893  -21.107  -21.747  0.462 0.4444444478
77976  -27.763  -20.086  -0.569 0.1111111119
79927  -29.541  -18.317  0.697 0.1111111119
69665  -22.938  -28.603  3.118 0.1111111119
71832  -20.539  -26.397  1.392 0.3333333433
70751  -21.790  -27.036  1.366 0.2222222239
70731  -21.805  -27.763  1.872 0.2222222239
69692  -22.904  -27.884  2.591 0.1111111119
70732  -22.543  -27.357  1.922 0.1111111119
74935  -19.002  -23.679  1.820 0.3333333433
72891  -19.559  -25.138  1.553 0.3333333433
72892  -19.971  -25.645  1.426 0.3333333433
72894  -21.465  -25.515  0.785 0.3333333433
71834  -22.110  -26.080  0.772 0.3333333433
71853  -22.525  -25.741  0.721 0.2222222239
70752  -22.502  -26.605  1.295 0.2222222239
70733  -23.511  -27.111  2.437 0.1111111119
71813  -23.148  -26.509  1.607 0.2222222239
75925  -18.724  -22.692  1.962 0.2222222239
75926  -19.624  -22.766  1.505 0.2222222239
73922  -19.952  -24.696  1.372 0.3333333433
73923  -20.526  -24.939  1.081 0.3333333433
72893  -20.795  -25.646  1.094 0.3333333433
71836  -23.423  -25.948  1.331 0.1111111119
76878  -19.314  -21.743  1.602 0.2222222239
76879  -20.176  -21.785  1.061 0.3333333433
75927  -20.567  -22.959  0.913 0.3333333433
75943  -21.552  -22.759  0.298 0.3333333433
74937  -20.523  -24.104  1.077 0.3333333433
74953  -21.165  -23.773  0.616 0.3333333433
73946  -22.436  -24.530  0.397 0.3333333433
74954  -21.986  -23.680  0.289 0.3333333433
74955  -22.860  -23.627  0.058 0.3333333433
73947  -23.420  -24.584  0.452 0.3333333433
72896  -23.630  -25.286  1.034 0.1111111119
73925  -23.780  -24.808  0.766 0.2222222239
77941  -19.785  -20.793  1.220 0.2222222239
75944  -22.414  -22.742  -0.100 0.3333333433
73948  -24.042  -24.113  0.240 0.3333333433
78950  -19.466  -20.166  1.357 0.3333333433
74956  -23.723  -23.564  -0.062 0.3333333433
75946  -24.166  -22.746  -0.376 0.3333333433
86479  -34.563  -11.259  -0.751 0.2222222239
86499  -35.447  -11.447  -1.847 0.2222222239
91208  -34.578  -7.273  -2.545 0.3333333433
90279  -34.909  -7.841  -2.882 0.2222222239
71833  -21.267  -26.315  1.123 0.3333333433
73945  -21.574  -24.625  0.577 0.3333333433
71852  -22.344  -25.600  0.645 0.3333333433
72914  -23.237  -25.181  0.684 0.3333333433
77954  -20.642  -20.700  0.708 0.3333333433
68655  -21.453  -28.808  2.443 0.1111111119
69664  -22.339  -29.032  2.960 0.1111111119
72868  -19.073  -25.634  1.847 0.3333333433
72869  -19.551  -26.129  1.690 0.3333333433
70749  -20.350  -27.036  1.643 0.3333333433
69708  -21.331  -27.626  1.675 0.3333333433
70707  -23.495  -27.945  2.923 0.1111111119
73921  -19.309  -24.590  1.673 0.3333333433
71814  -23.964  -25.959  1.851 0.1111111119
76877  -18.517  -21.692  2.128 0.2222222239
72870  -24.090  -25.359  1.440 0.1111111119
73926  -24.324  -24.525  0.824 0.1111111119
77940  -19.078  -20.753  1.719 0.2222222239
74938  -24.890  -23.846  0.672 0.1111111119
74957  -24.625  -23.488  0.162 0.1111111119
75947  -24.986  -22.601  -0.301 0.1111111119
78949  -19.082  -19.511  1.708 0.1111111119
87404  -35.579  -10.721  -2.587 0.2222222239
91218  -34.593  -7.069  -3.167 0.2222222239
90288  -34.785  -7.741  -3.810 0.2222222239
79922  -19.358  -18.331  1.431 0.2222222239
83719  -20.438  -14.733  0.086 0.5555555820
69691  -22.121  -28.429  2.445 0.1111111119
71812  -19.922  -26.561  1.659 0.3333333433
70750  -20.940  -27.143  1.466 0.3333333433
74936  -19.859  -23.790  1.456 0.3333333433
73898  -18.492  -24.642  2.061 0.2222222239
73924  -21.031  -25.055  0.805 0.3333333433
72912  -22.101  -25.293  0.576 0.3333333433
72913  -22.759  -25.309  0.603 0.2222222239
72895  -23.139  -25.452  0.775 0.1111111119
73944  -20.941  -24.499  0.794 0.3333333433
72897  -24.148  -25.055  1.251 0.1111111119
69690  -21.258  -28.300  2.020 0.2222222239
71811  -19.300  -26.666  1.934 0.3333333433
70729  -19.809  -27.483  1.860 0.3333333433
70730  -20.468  -27.586  1.712 0.3333333433
69707  -20.869  -27.828  1.721 0.3333333433
74919  -18.028  -23.658  2.086 0.2222222239
86513  -35.857  -11.805  -2.921 0.1111111119
86526  -35.746  -12.042  -4.609 0.1111111119
87419  -35.648  -11.705  -4.187 0.1111111119
87430  -35.614  -10.954  -4.669 0.1111111119
87440  -35.768  -10.903  -5.556 0.1111111119
89335  -35.291  -9.037  -3.436 0.1111111119
88392  -35.118  -10.120  -5.041 0.1111111119
89344  -35.094  -9.239  -4.496 0.1111111119
88402  -35.132  -9.993  -5.989 0.1111111119
92171  -33.562  -5.665  -2.825 0.2222222239
90289  -34.985  -8.457  -4.177 0.1111111119
89354  -34.810  -9.116  -5.387 0.1111111119
93055  -32.932  -5.033  -3.344 0.1111111119
93036  -32.718  -4.237  -1.853 0.2222222239
93895  -32.358  -3.396  -2.331 0.1111111119
93054  -32.246  -4.464  -3.792 0.1111111119
98853  -22.081  2.224  1.068 0.4444444478
97938  -23.650  1.987  0.950 0.4444444478
94712  -32.014  -2.514  -2.897 0.1111111119
98841  -26.444  2.145  1.256 0.4444444478
97087  -31.480  0.896  0.822 0.3333333433
97103  -31.911  0.475  0.037 0.2222222239
97113  -31.918  -0.163  -0.718 0.1111111119
95509  -32.026  -1.549  -2.047 0.1111111119
95516  -31.856  -1.699  -2.893 0.1111111119
98828  -26.652  2.747  1.410 0.4444444478
98827  -26.097  3.069  1.279 0.4444444478
99665  -26.861  3.812  1.648 0.4444444478
97930  -27.480  2.077  1.577 0.4444444478
98830  -28.451  2.799  2.001 0.4444444478
98831  -29.325  2.727  1.995 0.4444444478
98842  -30.114  2.668  1.818 0.4444444478
98843  -30.735  2.622  1.424 0.4444444478
97944  -31.148  1.719  1.131 0.2222222239
97957  -31.429  1.624  0.383 0.2222222239
97960  -31.462  1.504  -0.473 0.2222222239
97966  -31.155  1.555  -1.330 0.2222222239
97120  -31.323  0.653  -1.796 0.2222222239
101257  -28.016  6.217  -2.591 0.1111111119
99719  -28.857  4.046  -2.456 0.1111111119
97128  -30.223  0.957  -3.263 0.1111111119
99673  -23.321  3.526  1.555 0.4444444478
99674  -24.227  3.513  1.397 0.4444444478
98838  -23.886  2.691  1.248 0.4444444478
99675  -25.141  3.367  1.327 0.3333333433
99676  -25.582  3.272  1.296 0.4444444478
99666  -27.856  3.783  1.813 0.4444444478
99667  -28.764  3.697  2.006 0.4444444478
99668  -29.610  3.607  1.981 0.4444444478
99678  -30.780  3.476  1.172 0.4444444478
101197  -29.460  5.501  2.076 0.3333333433
99700  -30.932  3.507  -0.162 0.1111111119
98862  -30.855  3.076  -0.584 0.1111111119
98869  -30.592  2.689  -1.304 0.1111111119
98870  -31.088  2.065  -0.805 0.2222222239
98879  -30.255  2.276  -2.064 0.1111111119
98878  -29.407  2.791  -2.414 0.1111111119
99672  -22.584  3.500  1.812 0.2222222239
99664  -25.775  3.720  1.386 0.3333333433
100411  -27.152  4.824  1.840 0.3333333433
100413  -29.075  4.584  2.112 0.3333333433
100414  -29.883  4.451  1.924 0.4444444478
101209  -29.992  5.787  1.706 0.2222222239
101198  -30.138  5.111  1.762 0.2222222239
100435  -30.890  4.188  0.260 0.2222222239
100448  -30.422  4.348  -0.730 0.1111111119
101929  -30.461  6.507  0.770 0.1111111119
101220  -30.684  5.590  0.297 0.1111111119
101233  -30.408  5.353  -0.610 0.1111111119
99709  -29.592  3.870  -1.794 0.1111111119
101939  -30.512  6.503  -0.138 0.1111111119
101246  -29.663  5.689  -1.433 0.1111111119
100461  -29.933  4.633  -1.267 0.1111111119
99663  -24.612  4.284  1.494 0.3333333433
100409  -25.015  5.162  1.612 0.3333333433
100410  -26.124  4.958  1.543 0.3333333433
100412  -28.138  4.695  2.060 0.3333333433
101196  -28.465  5.593  2.235 0.2222222239
101928  -30.102  6.452  1.451 0.2222222239
101949  -30.093  6.547  -1.018 0.1111111119
101245  -28.834  5.911  -2.030 0.1111111119
101969  -28.491  8.186  -3.280 0.1111111119
101180  -23.208  5.929  3.291 0.1111111119
101192  -24.325  6.312  2.197 0.1111111119
101193  -25.381  6.122  1.824 0.2222222239
101915  -25.657  7.056  2.298 0.2222222239
101194  -26.464  5.984  1.685 0.3333333433
101916  -26.795  6.787  2.037 0.2222222239
101195  -27.473  5.739  2.039 0.3333333433
102599  -28.157  7.350  2.092 0.2222222239
103309  -28.348  7.901  1.928 0.1111111119
103320  -28.420  8.576  1.518 0.1111111119
102611  -29.289  8.087  1.426 0.1111111119
103322  -30.012  8.052  0.601 0.1111111119
102624  -30.221  7.451  -0.556 0.1111111119
103340  -30.053  8.206  -1.106 0.1111111119
101960  -29.369  6.848  -1.834 0.1111111119
101256  -27.398  6.780  -3.373 0.1111111119
100471  -27.317  5.485  -3.136 0.1111111119
101181  -23.764  6.547  3.232 0.1111111119
101903  -24.695  7.637  2.926 0.1111111119
101914  -24.870  6.834  2.496 0.1111111119
103306  -25.616  8.973  2.111 0.1111111119
103307  -26.657  8.402  1.859 0.1111111119
102598  -27.206  7.507  2.057 0.2222222239
103319  -27.184  8.918  1.548 0.1111111119
103308  -27.664  8.128  1.913 0.1111111119
103995  -27.527  9.650  1.173 0.1111111119
104009  -29.528  9.830  0.621 0.1111111119
103333  -30.113  8.535  -0.103 0.1111111119
102577  -24.910  8.319  3.649 0.1111111119
103295  -25.024  9.060  3.109 0.1111111119
103992  -25.470  10.001  1.734 0.1111111119
103317  -25.776  9.498  1.651 0.1111111119
104007  -25.601  10.131  1.154 0.1111111119
104696  -27.242  10.292  0.765 0.1111111119
103971  -25.215  9.758  3.530 0.1111111119
103958  -25.666  9.769  4.087 0.1111111119
104669  -25.446  10.310  2.923 0.1111111119
86514  -35.695  -12.108  -3.846 0.1111111119
87418  -35.701  -11.100  -3.748 0.1111111119
86535  -35.768  -11.478  -4.990 0.1111111119
86541  -36.908  -11.297  -5.492 0.1111111119
90299  -34.405  -7.961  -5.010 0.1111111119
91231  -33.944  -7.209  -4.808 0.1111111119
97943  -30.576  1.745  1.585 0.4444444478
97112  -31.688  0.681  -0.973 0.2222222239
96298  -31.465  -0.147  -2.280 0.1111111119
94711  -31.736  -2.071  -3.292 0.1111111119
98829  -27.582  2.855  1.759 0.4444444478
97965  -30.621  1.883  -1.851 0.2222222239
99710  -30.204  3.718  -1.234 0.1111111119
98868  -29.962  3.255  -1.677 0.1111111119
98893  -28.867  2.244  -3.135 0.1111111119
100460  -29.193  4.866  -1.872 0.1111111119
102597  -26.167  7.820  2.156 0.2222222239
104694  -26.241  9.916  0.946 0.1111111119
104697  -27.905  10.295  0.921 0.1111111119
105339  -25.031  11.011  1.955 0.1111111119
103972  -25.671  10.145  3.514 0.1111111119
86537  -37.473  -11.746  -5.176 0.1111111119
91217  -33.980  -6.431  -3.437 0.2222222239
93047  -33.084  -4.903  -2.356 0.2222222239
93902  -31.901  -3.456  -3.511 0.1111111119
98854  -22.537  1.976  0.861 0.4444444478
99677  -30.304  3.534  1.687 0.4444444478
100425  -30.798  4.294  0.890 0.2222222239
101896  -24.669  7.542  4.039 0.1111111119
103283  -25.311  9.100  4.147 0.1111111119
103984  -25.245  9.779  2.609 0.1111111119
85610  -37.266  -12.513  -4.828 0.1111111119
86480  -35.123  -11.465  -1.215 0.1111111119
85591  -35.776  -12.869  -3.299 0.1111111119
85601  -36.453  -12.758  -4.652 0.1111111119
86528  -39.167  -11.442  -4.379 0.1111111119
85611  -38.219  -12.328  -4.727 0.1111111119
87450  -38.376  -10.579  -5.447 0.1111111119
87447  -35.926  -10.262  -6.299 0.1111111119
88410  -37.133  -9.491  -6.601 0.1111111119
89364  -34.902  -9.153  -6.405 0.1111111119
90308  -33.987  -7.412  -5.676 0.1111111119
90309  -34.323  -7.786  -6.251 0.1111111119
89353  -34.505  -8.540  -5.970 0.1111111119
91230  -33.534  -6.921  -5.369 0.1111111119
92189  -33.052  -6.211  -6.144 0.1111111119
93063  -31.836  -4.636  -4.739 0.1111111119
97954  -23.042  1.507  0.675 0.4444444478
93907  -31.748  -4.089  -4.081 0.1111111119
95515  -31.457  -1.439  -3.507 0.1111111119
94718  -31.467  -2.626  -3.834 0.1111111119
98837  -22.870  2.552  1.258 0.4444444478
96312  -29.859  -0.258  -4.298 0.1111111119
97137  -29.572  0.732  -3.911 0.1111111119
99661  -22.825  4.298  2.053 0.2222222239
99662  -23.611  4.437  1.666 0.2222222239
98892  -28.007  2.788  -3.597 0.1111111119
100407  -22.991  5.317  2.290 0.1111111119
100484  -26.987  4.535  -3.545 0.1111111119
100483  -26.464  5.459  -3.916 0.1111111119
100397  -22.738  5.236  3.325 0.1111111119
101171  -23.277  5.466  4.274 0.1111111119
101895  -24.274  6.806  4.192 0.1111111119
101886  -24.399  6.325  5.070 0.1111111119
101270  -26.878  6.932  -3.912 0.1111111119
101887  -25.129  6.871  5.171 0.1111111119
102568  -25.661  7.957  4.760 0.1111111119
104714  -29.604  10.547  0.115 0.1111111119
104016  -29.991  9.403  -1.379 0.1111111119
104723  -29.129  9.710  -2.778 0.1111111119
103274  -25.839  8.723  4.681 0.1111111119
105358  -25.337  10.944  0.724 0.1111111119
105361  -27.599  11.527  0.495 0.1111111119
105324  -25.535  10.968  2.418 0.1111111119
96289  -32.041  -0.822  -1.284 0.1111111119
88373  -35.495  -9.986  -3.148 0.1111111119
93046  -32.587  -4.222  -2.871 0.2222222239
87448  -36.783  -10.677  -5.919 0.1111111119
87451  -36.080  -9.866  -6.628 0.1111111119
92177  -33.265  -5.869  -3.850 0.1111111119
92176  -32.574  -5.290  -4.317 0.1111111119
92183  -32.975  -6.138  -4.886 0.1111111119
94719  -31.803  -2.872  -3.411 0.1111111119
95508  -31.759  -0.953  -2.669 0.1111111119
99687  -31.016  3.441  0.495 0.2222222239
98855  -31.151  2.588  0.797 0.2222222239
98863  -31.141  2.568  -0.197 0.1111111119
97976  -30.857  1.274  -2.045 0.2222222239
97129  -30.851  0.604  -2.675 0.1111111119
100472  -28.270  5.096  -2.420 0.1111111119
101959  -28.621  6.721  -2.328 0.1111111119
98877  -28.552  3.441  -2.910 0.1111111119
99718  -27.888  4.160  -3.123 0.1111111119
97138  -30.466  0.173  -3.586 0.1111111119
97975  -30.187  1.646  -2.582 0.2222222239
101211  -30.847  4.871  0.547 0.2222222239
101234  -30.593  4.672  -0.395 0.1111111119
100408  -23.936  5.375  1.742 0.1111111119
101918  -28.786  6.501  2.189 0.2222222239
101919  -29.566  6.455  1.879 0.1111111119
102612  -29.960  7.519  1.221 0.1111111119
102613  -30.293  7.444  0.330 0.1111111119
102632  -29.884  7.444  -1.327 0.1111111119
102640  -28.766  7.446  -2.430 0.1111111119
127884  -29.446  8.181  -2.068 0.1111111119
101970  -28.199  7.107  -2.790 0.1111111119
101191  -23.471  6.122  2.387 0.1111111119
101917  -27.815  6.576  2.157 0.2222222239
102600  -29.087  7.458  1.853 0.1111111119
103321  -29.521  8.690  0.875 0.1111111119
101902  -24.295  7.057  3.138 0.1111111119
102584  -25.289  8.170  2.717 0.1111111119
103318  -26.262  9.182  1.573 0.1111111119
103994  -26.620  9.581  1.195 0.1111111119
103996  -28.652  9.699  1.124 0.1111111119
104712  -27.457  10.849  0.606 0.1111111119
103332  -29.872  9.194  0.345 0.1111111119
104010  -30.010  9.740  -0.162 0.1111111119
104693  -25.144  10.646  1.693 0.1111111119
104711  -26.648  10.686  0.536 0.1111111119
85592  -35.863  -12.979  -4.155 0.1111111119
86542  -37.606  -11.064  -5.517 0.1111111119
91223  -33.637  -6.632  -4.389 0.1111111119
96305  -31.222  -0.377  -3.166 0.1111111119
97988  -29.661  1.391  -3.307 0.1111111119
97987  -28.785  1.628  -3.708 0.1111111119
104713  -28.621  10.802  0.620 0.1111111119
105340  -25.374  11.575  1.748 0.1111111119
86538  -38.428  -11.369  -5.066 0.1111111119
92182  -32.388  -5.470  -5.443 0.1111111119
96313  -30.725  -0.763  -3.992 0.1111111119
97136  -28.762  0.940  -4.368 0.1111111119
98907  -26.956  2.689  -4.606 0.1111111119
99730  -27.220  3.704  -3.647 0.1111111119
101172  -23.785  6.141  4.280 0.1111111119
104720  -29.869  10.755  -0.843 0.1111111119
106049  -26.331  11.712  0.267 0.1111111119
106050  -26.771  11.905  0.448 0.1111111119
84662  -20.021  -13.103  0.152 0.2222222239
85552  -20.270  -12.580  -0.163 0.2222222239
84663  -20.415  -13.695  -0.202 0.4444444478
97081  -20.903  1.354  1.057 0.2222222239
98825  -20.765  2.502  2.805 0.1111111119
98836  -21.900  3.004  1.716 0.2222222239
94676  -20.024  -2.561  0.318 0.2222222239
93003  -19.918  -3.961  0.195 0.1111111119
93861  -19.722  -3.412  0.541 0.1111111119
96254  -19.191  -0.892  1.566 0.1111111119
97062  -19.294  -0.249  1.852 0.1111111119
97928  -20.423  1.377  2.699 0.1111111119
98826  -21.315  3.341  2.558 0.1111111119
99660  -22.073  4.004  2.441 0.1111111119
97063  -19.758  0.608  2.079 0.1111111119
97952  -21.525  1.704  0.902 0.3333333433
98852  -21.553  2.307  1.415 0.3333333433
98835  -21.157  2.578  1.942 0.1111111119
84650  -20.062  -14.191  0.246 0.2222222239
97064  -20.507  1.257  1.718 0.1111111119
97065  -20.797  1.648  1.540 0.1111111119
97053  -18.967  0.038  2.575 0.1111111119
97929  -20.710  1.945  1.991 0.1111111119
97054  -19.381  0.592  2.996 0.1111111119
97920  -19.999  0.866  3.311 0.1111111119
82836  -32.018  -15.211  -0.119 0.1111111119
69688  -19.351  -28.505  2.063 0.1111111119
69689  -20.345  -28.379  1.902 0.1111111119
70727  -17.991  -27.594  2.366 0.1111111119
71810  -18.499  -26.627  2.257 0.1111111119
72867  -18.097  -25.658  2.437 0.1111111119
73897  -17.659  -24.694  2.643 0.1111111119
80868  -18.578  -17.166  1.905 0.1111111119
85551  -19.779  -12.516  0.393 0.1111111119
91175  -19.491  -6.538  0.244 0.2222222239
92129  -19.456  -5.582  0.572 0.2222222239
86472  -19.899  -11.640  0.020 0.1111111119
69686  -17.709  -28.511  2.743 0.1111111119
70706  -17.320  -27.652  3.042 0.1111111119
71791  -17.639  -26.668  2.703 0.1111111119
74918  -17.422  -23.672  2.842 0.1111111119
80867  -18.123  -17.358  2.355 0.1111111119
81819  -18.444  -16.471  2.064 0.1111111119
83708  -19.807  -14.749  0.563 0.1111111119
85541  -19.428  -12.555  1.060 0.1111111119
92128  -19.363  -5.544  1.027 0.2222222239
93002  -19.571  -4.498  0.627 0.1111111119
68652  -18.828  -29.369  2.227 0.1111111119
82815  -19.496  -15.764  1.034 0.1111111119
90233  -19.329  -7.460  0.542 0.2222222239
80886  -19.119  -17.394  1.551 0.1111111119
75916  -17.888  -22.655  2.388 0.1111111119
77939  -18.409  -20.637  2.339 0.1111111119
79904  -18.537  -18.221  1.993 0.1111111119
70728  -18.915  -27.568  2.189 0.1111111119
84649  -19.665  -13.624  0.577 0.1111111119
81820  -18.995  -16.498  1.612 0.1111111119
83707  -19.168  -14.656  1.175 0.1111111119
69687  -18.428  -28.519  2.261 0.1111111119
81806  -18.190  -16.610  2.594 0.1111111119
91174  -19.341  -6.424  0.753 0.1111111119
72848  -17.265  -25.762  3.036 0.1111111119
80857  -17.769  -17.454  2.948 0.1111111119
82801  -18.848  -15.624  1.707 0.1111111119
93001  -19.386  -4.975  0.970 0.1111111119
92984  -19.071  -4.005  1.250 0.1111111119
94675  -19.421  -2.595  0.882 0.1111111119
89284  -19.130  -8.026  0.775 0.1111111119
95476  -19.116  -1.960  1.110 0.1111111119
95463  -19.259  -1.395  1.199 0.1111111119
71835  -22.927  -25.926  0.932 0.2222222239
74958  -25.272  -22.930  0.068 0.1111111119
76914  -26.346  -21.321  -0.556 0.2222222239
77975  -27.208  -20.424  -0.704 0.1111111119
78971  -28.443  -19.160  0.151 0.1111111119
84667  -32.225  -13.747  -0.408 0.3333333433
85590  -26.359  -12.714  -1.900 1.0000000000
86525  -35.701  -11.511  -4.689 0.1111111119
86536  -36.399  -11.808  -5.218 0.1111111119
86543  -38.105  -10.853  -5.489 0.1111111119
87402  -30.122  -11.258  -1.564 0.6666666865
87431  -35.668  -11.483  -4.416 0.1111111119
87441  -36.420  -11.179  -5.562 0.1111111119
87442  -38.878  -10.679  -5.053 0.1111111119
87449  -37.832  -10.460  -5.844 0.1111111119
87452  -36.595  -10.016  -6.515 0.1111111119
88326  -27.719  -8.992  -1.112 0.8888888955
88382  -35.391  -10.072  -4.097 0.1111111119
88404  -38.276  -10.212  -5.787 0.1111111119
88408  -35.616  -9.610  -6.609 0.1111111119
89322  -35.176  -8.686  -2.362 0.4444444478
89330  -24.206  -8.694  -2.455 0.7777777910
89334  -35.175  -8.430  -3.012 0.1111111119
90250  -28.098  -7.555  -0.323 0.7777777910
90252  -31.527  -7.810  -0.120 0.6666666865
90268  -34.530  -7.684  -1.999 0.5555555820
90280  -35.083  -8.271  -3.456 0.2222222239
90298  -33.963  -7.369  -5.214 0.1111111119
90300  -34.834  -8.686  -4.773 0.1111111119
91194  -27.700  -6.542  -0.367 0.8888888955
91197  -31.737  -7.042  0.060 0.6666666865
91215  -24.660  -6.865  -2.446 0.8888888955
91224  -34.297  -7.112  -4.124 0.1111111119
92138  -31.952  -5.365  0.424 0.5555555820
92148  -27.145  -5.629  -0.618 0.8888888955
92167  -23.014  -5.868  -2.387 0.7777777910
92169  -24.335  -6.089  -2.472 0.8888888955
92992  -29.098  -3.999  1.509 0.6666666865
93021  -26.503  -4.780  -0.731 0.8888888955
93037  -33.035  -4.867  -1.577 0.2222222239
93044  -23.332  -5.221  -2.414 0.8888888955
93847  -27.573  -3.316  0.605 0.6666666865
93862  -26.445  -3.342  -0.134 0.7777777910
93901  -31.532  -3.254  -3.920 0.1111111119
94666  -30.037  -2.210  1.877 0.6666666865
94682  -32.184  -2.439  0.339 0.4444444478
94692  -24.529  -2.559  -0.872 0.7777777910
95481  -26.417  -1.647  0.396 0.6666666865
95494  -22.530  -1.402  -1.203 0.6666666865
95506  -23.853  -2.246  -1.237 0.7777777910
96238  -18.781  -0.789  2.233 0.1111111119
96243  -28.592  0.046  1.857 0.6666666865
96255  -19.635  -0.811  0.994 0.1111111119
96288  -31.699  -0.096  -1.479 0.1111111119
96299  -31.838  -0.706  -1.948 0.1111111119
97069  -30.348  0.866  1.760 0.5555555820
97078  -19.450  -0.490  1.413 0.1111111119
97085  -28.112  0.502  1.821 0.6666666865
97927  -19.906  0.832  2.774 0.1111111119
97937  -21.094  1.953  1.453 0.1111111119
97974  -29.361  1.899  -2.978 0.1111111119
98839  -24.812  2.655  1.230 0.4444444478
98891  -27.059  3.221  -3.945 0.1111111119
99699  -30.632  3.576  -0.702 0.1111111119
99728  -25.996  4.740  -4.744 0.1111111119
100424  -30.433  4.375  1.468 0.2222222239
100449  -30.730  4.183  -0.283 0.2222222239
101210  -30.506  5.386  1.162 0.2222222239
101221  -30.804  4.823  -0.044 0.2222222239
101981  -26.885  7.089  -4.423 0.1111111119
102601  -29.746  6.992  1.675 0.1111111119
103957  -25.266  9.615  4.008 0.1111111119
103993  -25.911  9.819  1.216 0.1111111119
104008  -25.783  10.072  0.992 0.1111111119
104685  -25.230  10.467  2.234 0.1111111119
104695  -26.677  10.038  0.814 0.1111111119
104709  -25.284  10.484  1.171 0.1111111119
104710  -25.868  10.321  0.753 0.1111111119
105359  -25.967  11.257  0.338 0.1111111119
105360  -26.764  11.367  0.408 0.1111111119
