#!ascii label  , from subject sub-1633992 vox2ras=TkReg
2007
16714  -33.156  -79.478  -2.582 0.1000000015
16713  -32.408  -79.649  -1.923 0.1000000015
15694  -31.498  -80.110  -0.141 0.1000000015
15709  -31.407  -80.113  -1.226 0.1000000015
15693  -30.592  -80.397  -0.363 0.1000000015
15726  -31.109  -80.797  -1.945 0.1000000015
15692  -29.675  -80.626  -0.565 0.1000000015
15725  -30.313  -81.004  -2.112 0.1000000015
14736  -30.395  -81.360  -2.905 0.1000000015
15691  -28.635  -80.260  -0.815 0.1000000015
15706  -28.921  -80.230  -1.935 0.1000000015
15724  -29.485  -80.670  -2.814 0.1000000015
16688  -28.146  -79.619  -1.897 0.1000000015
16666  -27.743  -79.587  -0.819 0.1000000015
15723  -28.680  -80.026  -2.673 0.1000000015
15744  -27.661  -79.943  -4.034 0.1000000015
17726  -26.624  -79.258  -0.704 0.1000000015
16711  -27.423  -79.349  -2.781 0.1000000015
16687  -26.936  -79.022  -1.397 0.1000000015
16740  -35.384  -80.234  -3.401 0.1000000015
16738  -33.357  -80.093  -3.143 0.1000000015
16739  -34.160  -79.832  -3.347 0.1000000015
15727  -32.079  -80.442  -2.284 0.1000000015
14758  -34.029  -81.842  -3.523 0.1000000015
15747  -32.638  -81.022  -2.932 0.1000000015
14757  -32.975  -81.760  -3.242 0.1000000015
14737  -31.038  -81.380  -2.455 0.1000000015
13826  -32.320  -82.265  -3.673 0.1000000015
14735  -29.973  -81.221  -3.537 0.1000000015
15841  -29.774  -81.181  -7.789 0.1000000015
14833  -29.469  -81.587  -7.891 0.1000000015
14814  -29.331  -81.900  -7.259 0.1000000015
15791  -28.375  -81.425  -5.861 0.1000000015
15770  -28.478  -81.028  -4.961 0.1000000015
15771  -29.334  -81.300  -4.852 0.1000000015
15745  -28.413  -80.218  -3.772 0.1000000015
16737  -27.767  -79.706  -3.513 0.1000000015
16712  -28.151  -79.679  -2.949 0.1000000015
15729  -37.460  -80.613  -2.564 0.1000000015
14760  -36.460  -82.244  -3.641 0.2000000030
15751  -37.065  -81.218  -2.998 0.2000000030
16741  -36.256  -80.534  -3.241 0.1000000015
14777  -36.682  -82.476  -4.343 0.1000000015
15750  -35.860  -81.241  -3.486 0.1000000015
13830  -36.136  -82.591  -4.313 0.1000000015
14759  -35.162  -82.006  -3.637 0.1000000015
19934  -34.169  -76.344  -4.912 0.1000000015
13846  -34.784  -82.744  -4.839 0.1000000015
13828  -34.437  -82.541  -4.018 0.1000000015
13827  -33.371  -82.422  -3.882 0.1000000015
19954  -33.702  -77.031  -5.392 0.1000000015
18890  -34.331  -78.071  -5.651 0.1000000015
16785  -33.918  -79.818  -6.597 0.1000000015
16810  -34.047  -80.184  -7.475 0.1000000015
15816  -33.357  -80.508  -8.216 0.1000000015
13845  -33.765  -82.674  -4.807 0.1000000015
13844  -32.653  -82.486  -4.736 0.1000000015
14754  -30.642  -81.643  -3.687 0.1000000015
17823  -33.666  -78.966  -6.027 0.1000000015
16809  -33.116  -80.408  -7.143 0.1000000015
15844  -32.736  -80.911  -8.930 0.1000000015
14855  -32.851  -81.743  -9.431 0.1000000015
13900  -31.255  -82.399  -8.428 0.1000000015
13843  -31.575  -82.151  -4.515 0.1000000015
16808  -32.056  -80.461  -6.856 0.1000000015
15842  -30.640  -81.316  -8.131 0.1000000015
15843  -31.596  -81.353  -8.670 0.1000000015
13919  -31.226  -82.073  -8.975 0.1000000015
13859  -30.845  -82.279  -6.765 0.1000000015
14774  -29.897  -81.591  -5.278 0.1000000015
14834  -30.232  -81.719  -8.355 0.1000000015
13899  -30.484  -82.104  -8.571 0.1000000015
13878  -30.404  -82.341  -7.687 0.1000000015
14795  -29.589  -81.843  -6.228 0.1000000015
15746  -29.309  -80.932  -4.058 0.1000000015
14779  -38.451  -81.612  -3.895 0.1000000015
14761  -37.715  -81.924  -3.215 0.2000000030
15730  -38.016  -81.068  -2.438 0.1000000015
16719  -38.397  -80.604  -1.920 0.2000000030
16693  -38.816  -80.037  -1.251 0.2000000030
14778  -37.447  -82.187  -4.384 0.1000000015
13849  -36.888  -82.356  -4.784 0.1000000015
22021  -33.977  -75.005  -4.111 0.1000000015
20976  -33.469  -75.596  -4.638 0.1000000015
13847  -35.654  -82.706  -4.871 0.1000000015
13863  -35.131  -82.633  -5.748 0.1000000015
19955  -34.812  -77.031  -5.372 0.1000000015
17824  -35.068  -79.100  -6.541 0.1000000015
17848  -35.442  -79.204  -7.518 0.1000000015
15817  -34.248  -80.112  -8.433 0.1000000015
15867  -33.354  -81.038  -9.627 0.1000000015
14872  -33.693  -81.327  -9.804 0.1000000015
13902  -33.213  -82.544  -8.034 0.1000000015
13880  -32.578  -82.585  -7.086 0.1000000015
14796  -30.610  -81.936  -5.861 0.1000000015
14753  -30.001  -81.404  -4.338 0.1000000015
16763  -38.803  -79.690  -4.453 0.1000000015
15773  -39.327  -80.232  -3.852 0.1000000015
15793  -38.406  -80.820  -5.136 0.1000000015
15772  -39.070  -80.734  -3.948 0.1000000015
15753  -39.252  -81.241  -3.071 0.2000000030
15732  -39.881  -80.714  -2.370 0.2000000030
15711  -39.589  -80.592  -1.677 0.2000000030
16694  -39.965  -80.179  -1.202 0.2000000030
13866  -37.183  -82.164  -5.061 0.1000000015
15792  -37.935  -80.804  -5.999 0.1000000015
14799  -37.504  -81.553  -5.670 0.1000000015
14798  -36.716  -81.744  -6.368 0.1000000015
20977  -34.497  -75.587  -4.545 0.1000000015
19935  -35.035  -76.182  -5.068 0.1000000015
19956  -35.993  -76.394  -6.093 0.1000000015
13865  -36.721  -82.202  -5.510 0.1000000015
13883  -35.501  -82.252  -6.740 0.1000000015
21992  -33.198  -74.562  -3.880 0.1000000015
17825  -35.752  -78.305  -6.707 0.1000000015
17849  -36.021  -78.490  -7.814 0.1000000015
15847  -35.266  -79.513  -9.700 0.1000000015
15870  -36.183  -79.820  -9.863 0.1000000015
14837  -34.976  -81.795  -8.467 0.1000000015
13882  -34.606  -82.457  -6.788 0.1000000015
21991  -32.526  -74.356  -4.397 0.1000000015
15846  -34.703  -79.826  -9.286 0.1000000015
14874  -34.725  -80.697  -10.168 0.1000000015
14856  -34.006  -81.863  -9.221 0.1000000015
13903  -34.191  -82.300  -8.079 0.1000000015
13881  -33.660  -82.613  -6.946 0.1000000015
23080  -32.276  -73.658  -4.886 0.1000000015
23104  -32.431  -73.932  -5.982 0.1000000015
24179  -32.687  -72.663  -5.539 0.1000000015
17827  -38.299  -78.646  -5.590 0.1000000015
16787  -38.328  -79.569  -5.892 0.1000000015
18893  -38.524  -77.685  -6.508 0.1000000015
17851  -38.412  -78.537  -6.777 0.1000000015
16742  -39.339  -79.445  -3.716 0.1000000015
15754  -39.761  -80.393  -3.286 0.1000000015
15755  -40.150  -79.964  -3.096 0.2000000030
15821  -38.066  -80.215  -6.228 0.1000000015
15733  -40.285  -80.066  -2.702 0.2000000030
17873  -38.421  -78.287  -7.922 0.1000000015
16814  -38.088  -79.361  -7.224 0.1000000015
23036  -33.659  -72.973  -2.924 0.1000000015
23056  -33.450  -73.648  -3.272 0.1000000015
21993  -34.094  -74.277  -3.648 0.1000000015
21994  -34.878  -73.955  -3.873 0.1000000015
22022  -34.775  -74.720  -4.268 0.1000000015
20978  -35.497  -75.281  -5.036 0.1000000015
18962  -38.453  -77.545  -8.517 0.1000000015
17872  -38.062  -78.567  -8.510 0.1000000015
15820  -37.547  -80.426  -6.959 0.1000000015
14818  -36.942  -81.192  -6.842 0.1000000015
19978  -36.434  -77.004  -6.883 0.1000000015
19979  -36.816  -76.492  -7.365 0.1000000015
17850  -36.481  -77.757  -8.168 0.1000000015
15848  -36.491  -80.527  -8.933 0.1000000015
15819  -36.892  -80.721  -7.760 0.1000000015
13884  -36.235  -82.110  -6.362 0.1000000015
24106  -32.843  -72.452  -2.804 0.1000000015
18917  -36.122  -77.614  -6.766 0.1000000015
18918  -36.474  -77.424  -7.541 0.1000000015
17871  -36.523  -77.976  -8.913 0.1000000015
16860  -36.605  -78.837  -9.509 0.1000000015
15871  -36.890  -79.590  -9.323 0.1000000015
14838  -35.733  -81.190  -9.006 0.1000000015
14817  -36.133  -81.552  -7.593 0.1000000015
23035  -33.014  -73.044  -2.869 0.1000000015
23055  -32.648  -73.390  -3.633 0.1000000015
24131  -32.573  -72.348  -3.198 0.1000000015
24158  -32.363  -72.329  -4.162 0.1000000015
25227  -33.256  -71.630  -5.568 0.1000000015
24180  -33.366  -72.349  -6.268 0.1000000015
17797  -38.355  -78.770  -4.646 0.1000000015
18919  -38.710  -77.631  -7.405 0.1000000015
17826  -38.091  -78.258  -5.057 0.1000000015
18941  -38.714  -77.580  -8.002 0.1000000015
20005  -39.466  -76.320  -7.339 0.1000000015
17772  -38.735  -78.642  -3.811 0.1000000015
16743  -39.912  -79.689  -3.347 0.1000000015
20032  -38.452  -76.680  -8.633 0.1000000015
20004  -39.023  -76.796  -7.948 0.1000000015
16744  -40.398  -79.561  -2.988 0.2000000030
23057  -34.361  -73.291  -3.333 0.1000000015
22023  -35.733  -74.073  -4.680 0.1000000015
22049  -36.044  -74.670  -5.342 0.1000000015
18961  -37.943  -77.297  -9.017 0.1000000015
17891  -38.002  -78.066  -8.968 0.1000000015
17754  -40.479  -78.737  -2.937 0.1000000015
20997  -36.190  -75.167  -5.749 0.1000000015
18940  -36.821  -77.181  -8.259 0.1000000015
18960  -37.337  -77.149  -8.845 0.1000000015
17890  -37.322  -77.989  -9.211 0.1000000015
25164  -32.880  -71.615  -2.528 0.1000000015
25209  -32.403  -71.234  -4.052 0.1000000015
26277  -32.895  -70.509  -4.509 0.1000000015
25226  -32.717  -71.565  -4.805 0.1000000015
26293  -33.164  -71.058  -5.071 0.1000000015
21025  -39.803  -75.732  -7.022 0.1000000015
19981  -39.384  -76.306  -6.761 0.1000000015
19960  -39.219  -76.228  -6.373 0.1000000015
21051  -39.532  -75.759  -7.657 0.1000000015
19980  -39.082  -76.947  -7.062 0.1000000015
19937  -38.497  -76.476  -5.644 0.1000000015
19958  -38.230  -77.055  -5.519 0.1000000015
21049  -37.943  -75.691  -8.103 0.1000000015
21050  -38.886  -75.778  -8.270 0.1000000015
18845  -37.986  -77.656  -3.918 0.1000000015
24108  -34.206  -72.372  -2.825 0.1000000015
24132  -35.003  -72.436  -3.315 0.1000000015
23058  -35.316  -73.216  -3.847 0.1000000015
22024  -36.476  -73.433  -4.966 0.1000000015
20998  -36.666  -75.328  -6.406 0.1000000015
22073  -37.189  -74.892  -6.631 0.1000000015
21024  -37.835  -75.193  -7.503 0.1000000015
21078  -38.236  -76.153  -8.565 0.1000000015
18846  -38.621  -78.018  -3.425 0.1000000015
17773  -39.735  -79.059  -3.378 0.1000000015
25165  -33.863  -71.544  -2.336 0.1000000015
19957  -36.668  -75.914  -6.776 0.1000000015
20003  -37.792  -76.239  -8.482 0.1000000015
18834  -40.019  -77.779  -2.737 0.1000000015
25187  -32.470  -71.381  -3.285 0.1000000015
26259  -32.518  -70.453  -3.543 0.1000000015
27335  -33.067  -69.556  -4.354 0.1000000015
27355  -33.560  -69.396  -4.929 0.1000000015
22076  -40.039  -75.073  -7.260 0.1000000015
22053  -40.105  -74.978  -6.473 0.1000000015
21000  -39.550  -75.778  -6.425 0.1000000015
22097  -40.180  -74.525  -7.385 0.1000000015
20999  -39.052  -76.081  -5.986 0.1000000015
22096  -39.593  -74.897  -7.727 0.1000000015
23129  -39.859  -73.629  -7.249 0.1000000015
18864  -37.958  -77.634  -4.928 0.1000000015
22094  -38.118  -75.057  -7.609 0.1000000015
23146  -38.883  -74.202  -7.488 0.1000000015
19936  -37.933  -76.687  -4.948 0.1000000015
25166  -35.004  -71.456  -2.812 0.1000000015
22074  -37.933  -74.533  -7.030 0.1000000015
22075  -38.598  -74.278  -7.362 0.1000000015
18833  -39.078  -77.876  -2.951 0.1000000015
25188  -35.416  -71.891  -3.372 0.1000000015
23081  -36.041  -73.072  -4.367 0.1000000015
22050  -36.873  -74.207  -5.900 0.1000000015
18832  -38.401  -77.535  -3.151 0.1000000015
26238  -33.341  -70.676  -1.971 0.1000000015
27264  -32.813  -69.510  -2.073 0.1000000015
26213  -32.764  -69.894  -2.107 0.1000000015
27292  -32.656  -69.045  -2.480 0.1000000015
27316  -32.521  -69.534  -3.199 0.1000000015
28370  -32.758  -69.052  -3.777 0.1000000015
28371  -33.191  -68.563  -4.349 0.1000000015
28340  -32.871  -68.295  -3.673 0.1000000015
24203  -39.069  -72.966  -6.660 0.1000000015
23130  -40.378  -73.978  -7.138 0.1000000015
22027  -39.901  -74.641  -5.701 0.1000000015
24183  -38.905  -72.457  -6.183 0.1000000015
22052  -39.431  -75.368  -5.824 0.1000000015
23105  -37.121  -72.936  -5.309 0.1000000015
23106  -38.029  -73.308  -6.196 0.1000000015
23128  -38.828  -73.631  -7.038 0.1000000015
20980  -38.613  -75.827  -5.390 0.1000000015
26239  -34.426  -70.454  -2.145 0.1000000015
25167  -35.556  -70.944  -3.025 0.1000000015
24133  -35.774  -72.342  -3.830 0.1000000015
22051  -37.723  -73.956  -6.475 0.1000000015
19917  -37.715  -76.505  -4.067 0.1000000015
19903  -39.376  -77.487  -2.584 0.1000000015
26215  -33.743  -69.868  -1.772 0.1000000015
27265  -33.408  -68.980  -1.786 0.1000000015
28308  -32.977  -68.379  -2.099 0.1000000015
28307  -32.816  -68.089  -2.623 0.1000000015
28339  -32.633  -68.598  -3.148 0.1000000015
29354  -32.887  -67.478  -2.697 0.1000000015
30480  -32.950  -66.844  -3.473 0.1000000015
29375  -33.050  -67.614  -3.923 0.1000000015
22077  -40.392  -74.472  -6.905 0.1000000015
22054  -40.451  -74.377  -6.491 0.1000000015
26260  -35.921  -70.579  -3.151 0.1000000015
24134  -36.416  -71.945  -4.108 0.1000000015
25210  -37.339  -71.786  -4.675 0.1000000015
24182  -37.902  -72.358  -5.436 0.1000000015
27266  -34.591  -69.192  -1.911 0.1000000015
27294  -34.977  -69.826  -2.304 0.1000000015
26240  -35.353  -70.368  -2.683 0.1000000015
25189  -35.965  -71.337  -3.526 0.1000000015
24159  -36.344  -72.484  -4.324 0.1000000015
20979  -38.062  -75.727  -4.616 0.1000000015
28285  -34.168  -68.106  -1.682 0.1000000015
29341  -33.902  -67.209  -1.731 0.1000000015
28284  -33.454  -67.880  -1.819 0.1000000015
29355  -33.130  -67.379  -2.265 0.1000000015
30455  -33.519  -66.542  -1.982 0.1000000015
30468  -33.199  -66.625  -2.393 0.1000000015
31596  -33.232  -65.780  -2.573 0.1000000015
24184  -39.758  -72.019  -6.312 0.1000000015
24205  -40.446  -73.269  -6.755 0.1000000015
23109  -40.560  -73.819  -6.473 0.1000000015
23108  -40.497  -74.235  -6.009 0.1000000015
23085  -40.745  -73.483  -5.793 0.1000000015
25228  -38.577  -71.817  -5.506 0.1000000015
28286  -34.988  -68.123  -1.932 0.1000000015
27267  -35.225  -68.712  -2.129 0.1000000015
30456  -34.290  -66.291  -1.726 0.1000000015
32671  -33.519  -64.511  -2.249 0.1000000015
24204  -39.774  -72.788  -6.708 0.1000000015
24185  -40.831  -72.898  -6.099 0.1000000015
27295  -35.598  -69.276  -2.506 0.1000000015
27296  -36.463  -69.364  -3.083 0.1000000015
26261  -36.772  -70.264  -3.543 0.1000000015
25190  -37.070  -71.317  -4.273 0.1000000015
25211  -37.891  -71.527  -4.904 0.1000000015
29356  -35.477  -67.268  -2.157 0.1000000015
29342  -34.664  -67.197  -1.849 0.1000000015
31572  -33.826  -65.297  -1.781 0.1000000015
32647  -33.819  -64.270  -1.741 0.1000000015
33655  -33.654  -63.699  -1.941 0.1000000015
25229  -39.407  -71.507  -5.799 0.1000000015
26279  -38.348  -70.654  -4.737 0.1000000015
25212  -38.741  -71.205  -5.270 0.1000000015
28309  -35.680  -68.224  -2.322 0.1000000015
28310  -36.453  -68.482  -2.806 0.1000000015
26262  -37.653  -70.489  -4.223 0.1000000015
31573  -34.730  -65.298  -1.679 0.1000000015
32648  -34.386  -64.367  -1.515 0.1000000015
33657  -34.817  -63.411  -1.342 0.1000000015
33656  -34.008  -63.481  -1.466 0.1000000015
27336  -38.166  -70.112  -4.356 0.1000000015
28341  -36.900  -68.847  -3.194 0.1000000015
27317  -37.109  -69.343  -3.438 0.1000000015
27318  -37.899  -69.598  -3.939 0.1000000015
30469  -36.059  -66.426  -2.367 0.1000000015
30457  -35.216  -66.176  -1.916 0.1000000015
32649  -35.356  -64.378  -1.683 0.1000000015
33658  -35.642  -63.355  -1.555 0.1000000015
29357  -36.303  -67.463  -2.545 0.1000000015
31597  -35.888  -65.470  -2.116 0.1000000015
32672  -35.734  -64.901  -1.915 0.1000000015
32650  -35.888  -63.916  -1.829 0.1000000015
34748  -36.220  -62.542  -1.502 0.1000000015
33677  -36.314  -63.464  -1.881 0.1000000015
32673  -36.301  -64.497  -2.123 0.1000000015
15710  -31.998  -79.923  -1.684 0.1000000015
15708  -30.433  -80.644  -1.269 0.1000000015
14738  -31.507  -81.072  -2.380 0.1000000015
15749  -34.674  -81.025  -3.549 0.1000000015
15748  -33.498  -80.863  -3.301 0.1000000015
14756  -31.906  -81.591  -2.823 0.1000000015
13825  -31.503  -82.039  -3.529 0.1000000015
14812  -27.987  -81.382  -6.894 0.1000000015
14794  -28.770  -81.651  -6.433 0.1000000015
15790  -27.723  -81.110  -5.802 0.1000000015
14739  -38.096  -81.597  -2.698 0.2000000030
13829  -35.455  -82.637  -4.118 0.1000000015
18891  -35.433  -77.813  -6.034 0.1000000015
15845  -33.710  -80.413  -9.186 0.1000000015
15815  -32.332  -80.787  -7.944 0.1000000015
15866  -32.345  -81.520  -9.202 0.1000000015
14853  -31.225  -81.828  -8.971 0.1000000015
15884  -33.996  -80.892  -10.059 0.1000000015
13921  -32.975  -82.273  -8.879 0.1000000015
13901  -32.236  -82.529  -8.229 0.1000000015
14776  -31.223  -81.953  -4.754 0.1000000015
13860  -31.769  -82.305  -5.923 0.1000000015
14762  -38.494  -81.559  -2.875 0.2000000030
15731  -38.893  -81.046  -2.171 0.2000000030
14800  -38.030  -81.654  -4.762 0.1000000015
13864  -35.956  -82.485  -5.652 0.1000000015
13861  -33.106  -82.644  -5.861 0.1000000015
16835  -35.064  -79.516  -8.590 0.1000000015
15868  -34.186  -80.445  -9.895 0.1000000015
14857  -35.008  -81.151  -9.728 0.1000000015
14816  -35.384  -81.949  -7.578 0.1000000015
17870  -36.027  -78.512  -8.880 0.1000000015
16837  -36.090  -78.693  -9.362 0.1000000015
16859  -35.758  -79.219  -9.864 0.1000000015
14858  -35.761  -80.606  -9.710 0.1000000015
13904  -34.932  -82.168  -7.528 0.1000000015
23103  -32.241  -74.039  -5.373 0.1000000015
18892  -38.241  -77.687  -5.682 0.1000000015
16839  -38.102  -78.839  -7.983 0.1000000015
16720  -40.850  -79.409  -2.368 0.2000000030
16813  -37.683  -79.701  -7.689 0.1000000015
16861  -37.492  -78.879  -9.021 0.1000000015
15849  -37.299  -79.874  -8.341 0.1000000015
21048  -37.375  -76.048  -7.778 0.1000000015
27334  -32.715  -69.821  -3.861 0.1000000015
26294  -33.780  -70.479  -5.578 0.1000000015
22095  -38.682  -74.802  -7.721 0.1000000015
26237  -32.682  -70.237  -2.514 0.1000000015
26278  -33.347  -69.995  -4.798 0.1000000015
23127  -38.133  -73.851  -6.694 0.1000000015
23107  -38.717  -73.078  -6.542 0.1000000015
31613  -33.045  -65.855  -3.543 0.1000000015
23941  -39.509  -72.055  10.399 0.5000000000
20802  -44.045  -75.444  8.012 0.5000000000
21866  -43.934  -75.015  8.578 0.5000000000
25004  -38.761  -72.032  10.638 0.5000000000
25012  -39.250  -71.909  10.095 0.5000000000
25013  -40.146  -72.165  9.591 0.5000000000
21867  -44.510  -74.644  8.206 0.5000000000
26059  -36.935  -71.403  10.742 0.5000000000
25003  -37.743  -71.768  10.835 0.5000000000
22893  -44.616  -73.729  8.479 0.5000000000
25011  -38.322  -71.756  10.280 0.5000000000
26068  -37.613  -71.557  10.154 0.5000000000
26081  -37.954  -71.786  9.336 0.5000000000
26094  -38.614  -72.036  8.963 0.4000000060
20834  -44.872  -76.178  6.043 0.5000000000
19784  -44.821  -77.047  5.573 0.5000000000
19782  -44.106  -76.322  5.132 0.5000000000
19798  -43.784  -76.348  4.506 0.5000000000
20852  -43.161  -75.770  3.381 0.5000000000
20842  -43.013  -76.118  4.413 0.5000000000
20863  -41.966  -74.690  2.745 0.4000000060
21905  -41.219  -73.664  2.588 0.4000000060
17598  -43.588  -78.288  10.913 0.1000000015
21861  -43.631  -74.990  9.220 0.5000000000
23933  -38.299  -72.636  11.389 0.5000000000
23934  -39.487  -72.460  10.849 0.5000000000
23935  -40.498  -72.619  10.730 0.5000000000
23953  -41.433  -72.199  9.699 0.4000000060
21863  -44.465  -74.127  9.026 0.5000000000
25002  -36.629  -71.593  11.391 0.5000000000
23932  -37.243  -72.163  11.613 0.5000000000
25001  -35.928  -71.324  11.359 0.5000000000
24992  -34.731  -71.618  12.441 0.5000000000
26047  -34.823  -71.213  11.852 0.5000000000
26058  -36.118  -71.225  10.943 0.5000000000
26056  -34.491  -70.851  11.635 0.4000000060
26057  -35.148  -71.112  11.226 0.3000000119
26067  -36.434  -71.377  10.333 0.5000000000
26080  -36.875  -71.533  9.676 0.4000000060
25025  -37.754  -71.801  9.006 0.4000000060
26066  -35.463  -71.173  10.582 0.3000000119
23966  -39.033  -72.444  8.217 0.6999999881
23967  -40.217  -72.422  8.447 0.5000000000
27126  -34.746  -70.861  11.075 0.3000000119
27139  -34.771  -70.850  10.830 0.3000000119
26079  -35.594  -71.288  9.781 0.3000000119
25024  -37.212  -71.709  9.093 0.4000000060
25042  -38.481  -72.111  8.581 0.5000000000
23980  -39.727  -72.736  7.815 0.6000000238
23982  -42.033  -72.580  7.906 0.6000000238
23983  -43.236  -72.727  7.966 0.6000000238
21870  -45.086  -75.153  7.277 0.5000000000
20822  -45.012  -76.084  6.706 0.3000000119
27147  -34.753  -70.852  10.319 0.3000000119
25023  -36.356  -71.541  9.218 0.3000000119
25051  -36.909  -72.068  7.902 0.4000000060
22898  -39.263  -73.234  7.224 0.5000000000
22900  -41.488  -73.214  7.324 0.6000000238
22913  -42.033  -73.828  6.692 0.6000000238
21879  -44.634  -74.920  6.072 0.5000000000
20820  -44.159  -75.249  5.717 0.5000000000
25039  -35.480  -71.375  8.781 0.4000000060
23992  -38.395  -73.136  7.010 0.5000000000
22911  -39.769  -73.866  6.686 0.5000000000
21876  -41.406  -74.566  6.219 0.5000000000
21877  -42.478  -74.580  6.178 0.5000000000
20832  -43.496  -75.801  5.381 0.5000000000
25049  -34.931  -71.396  8.116 0.4000000060
23976  -35.746  -72.043  7.065 0.4000000060
23990  -36.583  -73.051  6.143 0.5000000000
22921  -38.345  -74.244  5.506 0.5000000000
21887  -39.986  -75.001  5.156 0.4000000060
21889  -41.866  -75.171  5.656 0.5000000000
20831  -42.389  -75.709  5.083 0.5000000000
23989  -35.484  -72.257  6.459 0.4000000060
21886  -39.020  -74.616  4.892 0.4000000060
20840  -40.908  -75.301  4.052 0.4000000060
20841  -42.076  -75.673  4.158 0.5000000000
22919  -37.195  -73.407  4.402 0.5000000000
22929  -38.529  -73.685  3.776 0.4000000060
21902  -40.787  -74.248  3.081 0.4000000060
22936  -38.199  -72.949  3.646 0.3000000119
22937  -38.810  -73.174  3.542 0.4000000060
22938  -39.973  -73.106  3.157 0.3000000119
24017  -40.343  -72.210  2.570 0.3000000119
24026  -40.558  -71.852  2.130 0.3000000119
15573  -42.786  -80.334  10.828 0.1000000015
16572  -43.110  -79.355  10.812 0.1000000015
16573  -43.893  -79.190  11.257 0.1000000015
18629  -44.480  -76.797  10.957 0.4000000060
19706  -43.755  -76.267  10.413 0.4000000060
20773  -43.855  -75.329  9.936 0.5000000000
19707  -44.354  -75.863  10.581 0.4000000060
21854  -44.316  -74.892  9.881 0.5000000000
21862  -44.052  -74.732  9.257 0.5000000000
22869  -38.433  -73.312  11.871 0.5000000000
22870  -39.245  -73.391  11.653 0.5000000000
22871  -40.243  -73.246  11.284 0.5000000000
23936  -41.118  -72.660  10.686 0.4000000060
21855  -44.477  -74.352  9.976 0.5000000000
23920  -36.465  -72.436  12.128 0.5000000000
23921  -37.478  -72.890  11.980 0.5000000000
23922  -38.022  -73.116  11.869 0.5000000000
23919  -35.284  -72.441  12.698 0.5000000000
24993  -35.719  -71.613  11.892 0.5000000000
23946  -43.703  -72.770  9.835 0.6000000238
26046  -34.065  -70.855  12.310 0.4000000060
27109  -33.590  -69.912  12.033 0.2000000030
27125  -34.318  -70.567  11.262 0.3000000119
27146  -34.075  -70.400  10.210 0.3000000119
26078  -34.479  -70.740  9.632 0.4000000060
27124  -33.693  -69.784  11.160 0.3000000119
27137  -33.613  -69.780  10.492 0.3000000119
28156  -33.375  -69.044  10.871 0.3000000119
27145  -33.517  -69.936  9.667 0.4000000060
26077  -33.861  -70.445  9.074 0.4000000060
27151  -33.347  -69.867  8.819 0.3000000119
26101  -34.154  -70.976  7.684 0.4000000060
23988  -34.890  -71.900  6.242 0.4000000060
23997  -35.028  -72.028  5.750 0.4000000060
27157  -33.056  -69.554  7.984 0.3000000119
26109  -33.888  -70.847  6.540 0.3000000119
25068  -35.005  -71.750  5.128 0.3000000119
23999  -36.458  -73.091  4.777 0.4000000060
26123  -35.550  -70.221  4.445 0.3000000119
25077  -36.737  -71.534  4.120 0.3000000119
24015  -38.290  -72.260  3.563 0.4000000060
24016  -39.372  -72.189  3.235 0.3000000119
27183  -36.298  -69.312  4.396 0.2000000030
26125  -37.446  -69.920  4.150 0.2000000030
25083  -38.152  -71.267  3.665 0.3000000119
25085  -39.601  -71.354  2.912 0.3000000119
28210  -36.933  -68.419  4.170 0.1000000015
27194  -38.323  -69.264  3.330 0.2000000030
26135  -39.220  -70.840  3.150 0.4000000060
29303  -34.682  -67.314  2.037 0.1000000015
16555  -44.417  -79.097  11.827 0.1000000015
17578  -44.341  -78.389  11.398 0.1000000015
17579  -44.628  -77.686  11.505 0.2000000030
18610  -44.804  -76.912  11.645 0.5000000000
19691  -44.879  -75.858  11.060 0.4000000060
20764  -44.717  -74.952  10.769 0.4000000060
21826  -39.461  -74.373  12.277 0.5000000000
21840  -40.073  -73.908  11.796 0.4000000060
21841  -40.918  -73.906  11.697 0.4000000060
21843  -42.931  -73.968  11.589 0.4000000060
22875  -43.991  -73.541  10.842 0.5000000000
21845  -44.542  -74.213  10.953 0.5000000000
22858  -36.920  -73.453  12.598 0.5000000000
22859  -37.913  -73.610  12.289 0.5000000000
22860  -38.691  -73.840  12.160 0.4000000060
22886  -44.282  -73.373  10.126 0.4000000060
24967  -33.815  -71.974  14.266 0.4000000060
23907  -34.557  -72.540  13.498 0.4000000060
22857  -35.916  -73.141  12.855 0.5000000000
24966  -33.599  -70.958  14.242 0.4000000060
24982  -34.010  -71.483  13.256 0.5000000000
24981  -33.641  -70.860  13.565 0.4000000060
26006  -33.570  -70.147  14.585 0.3000000119
26026  -33.470  -70.225  13.685 0.3000000119
27090  -33.281  -69.468  13.143 0.3000000119
28117  -33.270  -68.490  13.500 0.2000000030
28146  -33.351  -68.866  11.596 0.2000000030
29154  -33.404  -67.792  13.703 0.1000000015
29198  -33.208  -67.829  12.056 0.3000000119
30261  -33.236  -66.673  11.693 0.1000000015
29205  -33.143  -67.915  10.917 0.3000000119
28170  -32.916  -68.857  8.928 0.3000000119
29215  -33.041  -67.646  9.635 0.2000000030
29219  -32.990  -67.475  8.374 0.2000000030
27165  -32.991  -69.259  6.871 0.2000000030
27173  -33.668  -69.419  5.332 0.2000000030
29227  -33.089  -67.260  7.165 0.2000000030
27180  -33.716  -68.833  5.208 0.2000000030
27181  -34.240  -69.214  4.819 0.2000000030
28186  -33.079  -68.168  6.443 0.2000000030
28197  -34.362  -67.845  4.968 0.1000000015
27184  -37.207  -69.377  4.201 0.2000000030
30346  -34.680  -66.346  5.110 0.1000000015
29255  -35.396  -66.983  4.541 0.1000000015
29268  -36.780  -67.760  3.995 0.1000000015
28223  -37.111  -68.129  3.566 0.1000000015
31475  -35.362  -66.155  4.140 0.1000000015
30374  -35.541  -66.526  3.807 0.1000000015
29283  -36.515  -67.662  3.754 0.1000000015
30382  -35.072  -66.372  3.234 0.1000000015
29294  -35.117  -67.095  2.710 0.1000000015
30392  -34.642  -66.097  1.535 0.1000000015
32583  -35.489  -64.550  1.242 0.1000000015
16543  -44.591  -78.597  12.106 0.3000000119
18592  -43.199  -77.791  13.236 0.3000000119
19676  -43.546  -77.255  12.967 0.3000000119
18602  -44.636  -77.063  12.283 0.3000000119
19686  -44.729  -76.125  11.946 0.3000000119
20758  -44.657  -75.184  11.435 0.4000000060
19674  -41.671  -76.610  13.134 0.3000000119
20757  -44.165  -75.388  12.114 0.5000000000
21831  -44.256  -74.647  11.642 0.5000000000
20752  -39.225  -75.112  12.884 0.4000000060
20754  -41.058  -75.278  12.526 0.5000000000
20755  -42.046  -75.454  12.489 0.4000000060
21829  -42.533  -74.661  12.081 0.4000000060
21844  -43.835  -74.014  11.410 0.5000000000
22837  -35.026  -73.658  14.868 0.4000000060
22847  -36.370  -73.777  13.300 0.4000000060
21824  -37.486  -74.122  12.926 0.5000000000
21825  -38.413  -74.512  12.737 0.5000000000
23861  -34.424  -72.226  16.147 0.4000000060
23896  -34.229  -72.683  14.249 0.4000000060
22846  -35.270  -73.417  13.738 0.5000000000
24929  -34.422  -71.407  16.218 0.4000000060
24950  -33.876  -71.204  15.439 0.4000000060
24930  -35.026  -71.500  16.692 0.4000000060
25991  -35.423  -69.971  16.084 0.3000000119
25990  -34.396  -69.996  15.705 0.3000000119
27045  -34.468  -69.288  15.373 0.3000000119
27068  -34.168  -68.995  14.992 0.3000000119
28070  -35.301  -68.786  15.260 0.3000000119
28095  -34.297  -68.292  14.774 0.2000000030
29156  -34.511  -66.851  14.193 0.1000000015
30219  -34.177  -66.508  13.692 0.1000000015
30262  -33.845  -65.813  11.851 0.1000000015
30270  -33.391  -66.512  10.356 0.1000000015
31346  -34.000  -65.716  10.482 0.1000000015
30271  -34.150  -65.855  9.762 0.1000000015
30283  -33.625  -66.461  9.010 0.2000000030
30293  -33.487  -66.520  7.835 0.2000000030
29240  -33.464  -67.042  5.985 0.1000000015
31434  -33.837  -65.699  6.511 0.1000000015
30330  -34.312  -65.808  5.556 0.1000000015
31448  -34.579  -65.532  5.360 0.1000000015
30357  -35.085  -66.086  4.694 0.1000000015
31474  -35.059  -65.734  3.826 0.1000000015
32528  -34.646  -64.673  4.273 0.1000000015
32547  -34.477  -64.743  3.293 0.1000000015
32582  -34.730  -64.634  1.788 0.1000000015
33588  -35.239  -63.208  1.913 0.1000000015
33606  -35.118  -63.898  1.691 0.1000000015
33607  -35.884  -63.508  1.426 0.1000000015
34708  -37.084  -63.152  1.027 0.1000000015
33623  -37.323  -63.671  0.788 0.1000000015
34710  -38.305  -62.780  0.481 0.1000000015
16513  -43.289  -79.639  13.567 0.3000000119
15532  -43.240  -80.271  13.472 0.2000000030
17555  -42.014  -78.304  13.883 0.3000000119
19673  -40.422  -76.659  13.494 0.4000000060
18589  -40.196  -77.328  14.033 0.3000000119
21799  -35.581  -74.091  15.289 0.3000000119
21810  -35.612  -74.065  14.533 0.3000000119
21801  -36.711  -74.893  14.223 0.4000000060
20741  -38.488  -75.562  13.559 0.4000000060
19672  -39.216  -76.678  14.077 0.3000000119
23862  -35.390  -72.598  17.012 0.3000000119
22824  -35.121  -73.585  15.727 0.3000000119
20731  -37.881  -75.897  14.293 0.4000000060
18575  -39.539  -77.783  14.707 0.3000000119
24932  -37.060  -71.424  16.928 0.3000000119
25973  -35.710  -70.723  16.556 0.3000000119
25993  -37.568  -70.327  16.218 0.3000000119
25992  -36.458  -70.055  16.229 0.3000000119
27048  -37.121  -69.605  15.626 0.3000000119
27046  -35.188  -69.229  15.599 0.3000000119
27069  -35.844  -68.864  15.213 0.3000000119
29137  -35.961  -67.602  14.791 0.2000000030
29157  -35.554  -66.782  14.419 0.1000000015
30221  -36.145  -65.988  13.846 0.1000000015
30222  -37.372  -66.159  13.761 0.1000000015
30220  -34.873  -66.107  13.728 0.1000000015
31287  -36.080  -65.287  13.145 0.1000000015
31303  -34.441  -65.550  12.272 0.1000000015
31324  -34.626  -65.355  11.167 0.1000000015
30294  -34.025  -65.784  8.111 0.2000000030
30284  -34.711  -65.646  8.971 0.2000000030
31416  -34.041  -65.307  7.097 0.1000000015
32492  -34.677  -64.211  7.412 0.1000000015
32505  -34.538  -64.393  6.384 0.1000000015
32516  -34.615  -64.659  5.319 0.1000000015
33534  -34.659  -63.522  5.720 0.1000000015
33546  -34.504  -63.644  4.731 0.1000000015
33568  -34.369  -63.696  3.697 0.1000000015
34671  -35.080  -62.507  2.433 0.1000000015
34690  -36.746  -62.617  1.368 0.1000000015
35747  -36.338  -61.603  1.987 0.1000000015
34709  -37.562  -62.708  0.911 0.1000000015
34691  -37.304  -62.239  1.222 0.1000000015
35769  -37.567  -62.028  1.075 0.1000000015
35791  -38.618  -62.240  0.289 0.1000000015
35770  -38.143  -61.603  0.762 0.1000000015
35792  -39.153  -61.666  0.081 0.1000000015
14531  -42.436  -81.688  14.436 0.2000000030
15531  -42.741  -81.023  13.935 0.2000000030
14514  -42.169  -81.857  15.493 0.2000000030
16511  -41.920  -79.716  14.543 0.3000000119
15484  -41.141  -81.325  16.176 0.2000000030
16495  -41.336  -80.061  14.982 0.3000000119
17539  -41.633  -78.753  14.352 0.3000000119
21800  -36.195  -74.663  14.872 0.3000000119
20730  -37.036  -75.569  14.985 0.3000000119
22787  -35.732  -73.429  17.124 0.3000000119
22807  -35.323  -73.499  16.483 0.3000000119
21794  -35.998  -74.553  15.795 0.3000000119
19659  -38.179  -76.705  14.961 0.3000000119
19660  -38.930  -77.139  14.648 0.3000000119
23864  -37.424  -72.125  17.337 0.3000000119
23849  -36.876  -72.880  17.666 0.3000000119
19658  -37.413  -76.212  15.488 0.3000000119
19642  -38.065  -77.251  15.819 0.3000000119
18559  -38.731  -77.834  15.401 0.2000000030
17537  -39.670  -78.420  15.121 0.2000000030
24934  -38.867  -71.410  16.832 0.2000000030
24933  -37.960  -71.476  16.910 0.2000000030
24952  -38.373  -70.855  16.424 0.3000000119
27071  -37.771  -69.061  15.243 0.3000000119
27070  -36.745  -68.986  15.096 0.3000000119
28098  -37.379  -68.064  15.033 0.2000000030
29138  -36.637  -67.725  14.931 0.1000000015
28119  -38.366  -67.676  14.648 0.2000000030
29159  -37.948  -66.956  14.255 0.1000000015
31306  -38.013  -65.011  12.791 0.1000000015
31307  -39.080  -65.087  12.712 0.1000000015
32401  -40.554  -64.792  11.949 0.1000000015
31305  -36.768  -64.788  12.479 0.1000000015
32398  -37.689  -64.524  11.798 0.1000000015
32399  -38.581  -64.512  11.989 0.1000000015
32435  -39.545  -64.833  10.288 0.1000000015
32437  -41.510  -64.783  10.262 0.1000000015
32453  -41.989  -65.266  9.313 0.1000000015
31325  -35.993  -64.874  11.190 0.1000000015
31326  -37.190  -64.688  11.129 0.1000000015
31350  -37.976  -64.925  10.332 0.1000000015
31352  -39.403  -65.184  9.856 0.1000000015
31375  -40.493  -65.751  9.159 0.1000000015
31398  -40.923  -66.253  8.506 0.1000000015
31348  -35.557  -65.398  10.011 0.1000000015
30285  -35.201  -65.510  9.406 0.1000000015
31369  -35.226  -65.261  8.686 0.2000000030
31391  -34.817  -64.941  8.165 0.1000000015
33511  -35.017  -63.573  7.459 0.1000000015
34617  -34.864  -62.503  5.997 0.1000000015
34629  -34.569  -62.662  5.149 0.1000000015
34648  -34.377  -62.658  4.199 0.1000000015
34670  -34.505  -62.683  3.191 0.1000000015
35729  -35.773  -61.284  2.427 0.1000000015
35746  -35.654  -61.915  2.275 0.1000000015
36809  -36.816  -60.985  1.950 0.1000000015
35749  -37.726  -61.036  1.316 0.1000000015
14478  -39.837  -81.444  18.264 0.2000000030
15483  -40.557  -80.874  16.301 0.2000000030
16510  -41.197  -79.424  14.875 0.3000000119
18576  -40.752  -78.005  14.321 0.3000000119
15461  -39.260  -80.625  18.320 0.2000000030
14491  -39.992  -81.294  17.447 0.2000000030
16480  -40.403  -80.259  15.900 0.2000000030
16494  -40.581  -79.824  15.457 0.3000000119
17538  -40.376  -78.786  14.988 0.3000000119
21761  -36.501  -74.558  17.500 0.3000000119
20702  -36.534  -75.368  16.790 0.3000000119
20703  -36.954  -76.159  17.000 0.3000000119
19641  -37.474  -76.680  16.033 0.3000000119
22789  -37.312  -73.770  17.995 0.3000000119
21762  -37.104  -74.752  18.077 0.3000000119
19611  -37.285  -76.634  17.583 0.3000000119
19625  -37.437  -76.968  16.850 0.3000000119
23852  -39.719  -72.716  17.323 0.2000000030
22790  -38.307  -73.348  17.970 0.3000000119
17523  -38.710  -78.355  15.956 0.2000000030
17524  -39.434  -78.834  15.639 0.2000000030
23866  -39.371  -72.023  17.168 0.2000000030
24953  -39.338  -70.871  16.240 0.2000000030
24935  -39.706  -71.473  16.635 0.2000000030
25994  -38.821  -70.120  15.731 0.3000000119
27049  -38.017  -69.725  15.545 0.3000000119
26008  -39.059  -69.756  15.404 0.3000000119
26009  -39.475  -69.769  15.316 0.2000000030
28100  -39.211  -68.769  14.864 0.2000000030
28120  -39.417  -68.156  14.440 0.2000000030
29161  -39.814  -67.369  13.774 0.1000000015
31372  -37.636  -65.375  9.402 0.1000000015
31373  -38.595  -65.496  9.388 0.1000000015
31396  -39.177  -65.893  8.640 0.1000000015
31371  -36.611  -65.375  9.313 0.1000000015
31394  -37.414  -65.230  8.705 0.1000000015
32476  -38.722  -64.929  7.858 0.1000000015
31393  -36.502  -65.056  8.730 0.1000000015
33500  -37.018  -63.694  8.582 0.1000000015
34585  -37.672  -62.910  8.305 0.1000000015
34586  -38.568  -63.224  8.109 0.1000000015
31392  -35.671  -64.900  8.574 0.1000000015
33498  -35.688  -63.412  8.225 0.1000000015
34593  -37.110  -62.035  7.823 0.1000000015
35648  -36.296  -61.824  7.342 0.1000000015
34591  -35.618  -62.811  7.702 0.1000000015
34604  -35.296  -62.549  7.029 0.1000000015
34618  -35.230  -62.163  6.441 0.1000000015
35673  -35.415  -61.413  5.749 0.1000000015
35672  -34.766  -62.018  5.447 0.1000000015
35683  -34.683  -61.674  4.729 0.1000000015
35703  -34.997  -61.380  3.095 0.1000000015
15411  -40.484  -80.956  21.631 0.3000000119
16445  -38.885  -79.508  19.703 0.3000000119
15460  -38.884  -80.164  18.650 0.3000000119
15473  -38.913  -80.149  18.010 0.2000000030
16471  -39.456  -80.195  16.842 0.2000000030
16479  -39.715  -79.849  16.188 0.2000000030
16462  -38.543  -79.341  18.608 0.3000000119
16470  -38.931  -79.648  17.181 0.3000000119
16493  -39.963  -79.434  15.662 0.2000000030
22777  -37.565  -74.340  18.274 0.3000000119
20669  -37.953  -75.619  18.864 0.3000000119
17490  -37.958  -77.822  18.512 0.3000000119
17499  -38.202  -78.548  17.664 0.3000000119
16478  -39.121  -79.382  16.505 0.2000000030
21763  -40.146  -73.727  17.956 0.2000000030
22778  -38.246  -74.072  18.312 0.3000000119
21748  -38.612  -74.736  18.702 0.3000000119
22792  -40.608  -73.137  17.357 0.2000000030
22808  -41.049  -72.652  16.811 0.2000000030
23881  -40.813  -71.609  16.078 0.2000000030
24954  -40.308  -71.195  16.049 0.2000000030
25996  -40.737  -70.692  15.451 0.3000000119
26010  -40.413  -69.952  15.153 0.2000000030
27073  -39.877  -69.074  14.763 0.2000000030
35674  -36.572  -60.965  5.980 0.1000000015
36742  -35.517  -60.581  4.686 0.1000000015
36741  -34.946  -60.992  4.416 0.1000000015
36760  -35.192  -60.788  3.611 0.1000000015
16394  -41.797  -79.608  23.115 0.1000000015
16393  -41.209  -79.779  22.574 0.2000000030
16411  -40.575  -79.761  21.952 0.3000000119
15410  -40.084  -80.188  21.314 0.3000000119
17437  -40.150  -79.222  21.345 0.3000000119
17457  -39.091  -78.909  20.229 0.3000000119
19599  -38.232  -76.486  19.138 0.3000000119
18525  -38.449  -77.365  19.417 0.3000000119
21749  -39.796  -74.418  18.495 0.3000000119
20670  -39.100  -75.539  19.139 0.3000000119
19582  -39.093  -76.521  19.621 0.3000000119
21764  -40.861  -73.908  17.955 0.2000000030
22809  -41.601  -72.966  16.827 0.1000000015
24955  -41.124  -71.253  15.665 0.2000000030
23870  -42.895  -73.113  16.258 0.1000000015
24956  -41.850  -71.518  15.518 0.2000000030
24968  -41.590  -71.006  15.326 0.2000000030
24969  -42.254  -71.004  15.116 0.2000000030
17438  -40.744  -78.556  21.676 0.3000000119
17458  -39.766  -78.490  20.773 0.3000000119
18511  -40.122  -77.463  20.408 0.3000000119
18510  -39.247  -77.343  20.006 0.3000000119
20672  -41.417  -75.311  19.124 0.3000000119
20657  -39.855  -76.026  19.436 0.3000000119
19583  -40.035  -76.708  19.858 0.3000000119
21750  -41.063  -74.630  18.524 0.2000000030
21751  -42.144  -74.743  18.511 0.2000000030
21766  -42.854  -74.328  17.793 0.1000000015
22811  -43.681  -73.566  16.503 0.1000000015
23884  -43.227  -72.602  15.732 0.1000000015
24957  -42.711  -71.730  15.301 0.1000000015
18496  -41.270  -77.638  21.292 0.3000000119
18497  -42.322  -77.140  21.514 0.2000000030
18512  -40.880  -77.398  20.672 0.3000000119
19584  -41.163  -76.833  20.189 0.3000000119
20659  -41.798  -75.935  19.738 0.3000000119
20674  -43.465  -75.244  19.320 0.2000000030
20673  -42.462  -75.289  19.197 0.2000000030
20676  -45.275  -74.800  19.536 0.1000000015
21753  -44.262  -74.759  18.560 0.1000000015
21767  -44.015  -74.293  17.517 0.1000000015
21782  -44.479  -73.982  16.839 0.1000000015
21768  -45.173  -74.475  17.844 0.1000000015
21783  -45.161  -74.190  17.012 0.1000000015
22812  -45.027  -73.796  16.348 0.1000000015
22826  -44.819  -73.225  15.728 0.1000000015
19569  -41.918  -76.979  20.819 0.2000000030
20660  -42.753  -75.762  19.910 0.2000000030
19585  -42.261  -76.347  20.359 0.2000000030
20661  -43.625  -75.666  20.313 0.1000000015
20663  -45.392  -74.811  20.082 0.1000000015
21754  -45.244  -74.683  18.747 0.1000000015
21769  -46.133  -74.483  18.085 0.1000000015
21784  -46.125  -74.308  17.226 0.1000000015
22813  -46.060  -74.046  16.409 0.1000000015
22827  -45.913  -73.531  15.705 0.1000000015
21738  -46.345  -74.434  19.688 0.1000000015
21770  -46.942  -74.303  18.306 0.1000000015
21785  -47.003  -74.236  17.491 0.1000000015
21720  -46.775  -73.800  20.161 0.1000000015
21740  -47.302  -73.644  19.564 0.1000000015
21771  -47.568  -73.933  18.454 0.1000000015
25045  -41.582  -72.116  8.883 0.4000000060
26071  -39.759  -72.315  9.108 0.5000000000
26070  -39.276  -72.134  9.431 0.5000000000
25028  -41.110  -72.173  9.237 0.4000000060
25043  -39.550  -72.289  8.803 0.5000000000
25044  -40.666  -72.267  8.856 0.6000000238
23955  -43.250  -72.424  9.326 0.5000000000
22883  -41.740  -72.740  10.651 0.4000000060
20803  -44.635  -75.482  7.635 0.5000000000
23944  -42.015  -72.406  10.082 0.4000000060
23968  -41.318  -72.299  8.499 0.5000000000
25046  -42.005  -72.100  8.805 0.6000000238
22903  -44.749  -73.917  7.596 0.5000000000
18690  -44.655  -77.681  5.932 0.5000000000
23971  -44.373  -73.160  8.649 0.5000000000
20813  -43.329  -76.068  7.680 0.5000000000
23984  -44.219  -73.103  8.052 0.5000000000
25041  -37.586  -71.889  8.627 0.4000000060
21880  -45.041  -75.379  6.482 0.4000000060
20851  -41.752  -75.069  3.247 0.4000000060
20864  -42.597  -74.977  2.592 0.4000000060
20850  -40.991  -74.926  3.460 0.4000000060
22939  -40.838  -73.126  2.711 0.3000000119
17599  -44.277  -77.694  11.061 0.2000000030
22872  -41.255  -73.187  11.125 0.5000000000
23954  -42.177  -72.195  9.422 0.4000000060
25040  -36.567  -71.714  8.577 0.3000000119
23965  -38.451  -72.299  7.935 0.4000000060
23981  -40.887  -72.707  7.892 0.6000000238
27138  -34.196  -70.394  10.718 0.3000000119
26092  -35.004  -71.160  9.293 0.4000000060
25052  -37.887  -72.167  8.002 0.5000000000
22899  -40.338  -73.258  7.312 0.6000000238
22901  -42.680  -73.208  7.287 0.6000000238
23970  -43.686  -72.679  8.678 0.6000000238
22902  -43.842  -73.366  7.295 0.5000000000
22916  -44.952  -74.622  6.786 0.5000000000
23977  -36.292  -72.291  7.088 0.4000000060
23978  -37.328  -72.549  7.255 0.4000000060
22910  -38.604  -73.679  6.565 0.5000000000
22912  -40.891  -73.872  6.743 0.6000000238
21878  -43.598  -74.790  6.020 0.5000000000
22914  -43.203  -73.867  6.595 0.5000000000
22915  -44.285  -74.139  6.658 0.5000000000
25050  -35.782  -71.774  7.692 0.4000000060
26091  -34.550  -71.000  8.728 0.4000000060
23991  -37.816  -73.135  6.755 0.5000000000
21874  -39.288  -74.437  5.881 0.5000000000
21888  -40.905  -75.120  5.553 0.4000000060
21875  -40.343  -74.554  6.112 0.5000000000
25059  -34.815  -71.648  6.973 0.4000000060
23998  -35.618  -72.455  5.226 0.5000000000
22909  -37.606  -73.700  5.870 0.5000000000
22920  -37.638  -74.029  4.832 0.5000000000
20839  -40.332  -75.125  4.519 0.4000000060
20830  -41.428  -75.467  4.907 0.5000000000
22908  -37.004  -73.569  5.211 0.5000000000
21885  -38.312  -74.299  4.724 0.4000000060
21897  -39.896  -74.779  4.044 0.4000000060
21901  -39.453  -73.935  3.495 0.4000000060
24007  -37.255  -72.581  3.926 0.4000000060
24006  -36.277  -72.275  4.419 0.4000000060
21895  -38.092  -74.051  4.365 0.4000000060
21827  -40.515  -74.557  12.172 0.5000000000
22890  -44.466  -73.540  9.254 0.5000000000
22856  -35.386  -72.981  13.111 0.5000000000
22885  -43.563  -72.991  10.438 0.5000000000
26045  -33.542  -70.254  12.831 0.3000000119
28137  -33.237  -68.719  12.543 0.2000000030
28167  -33.196  -68.872  10.114 0.3000000119
26100  -33.397  -70.230  7.273 0.3000000119
25067  -34.488  -71.429  5.793 0.3000000119
26116  -33.902  -70.263  5.363 0.3000000119
26108  -33.356  -69.942  6.223 0.2000000030
25075  -34.746  -70.931  4.812 0.3000000119
25076  -35.722  -71.424  4.483 0.3000000119
26124  -36.737  -70.400  4.223 0.3000000119
26133  -37.684  -70.527  3.950 0.3000000119
24014  -37.765  -71.884  3.684 0.4000000060
25084  -38.945  -71.317  3.388 0.4000000060
28211  -37.538  -68.958  4.008 0.2000000030
27193  -37.899  -69.521  3.892 0.3000000119
26134  -38.620  -70.320  3.394 0.2000000030
28224  -37.752  -68.766  3.581 0.2000000030
28237  -35.131  -67.930  2.417 0.1000000015
30391  -34.632  -66.429  2.285 0.1000000015
20753  -40.105  -75.197  12.664 0.4000000060
21830  -43.543  -74.638  11.969 0.4000000060
22874  -43.274  -73.391  11.055 0.5000000000
23880  -34.090  -72.450  15.055 0.4000000060
27067  -33.517  -69.139  14.320 0.3000000119
28094  -33.606  -68.121  14.172 0.2000000030
29183  -33.156  -67.703  13.049 0.2000000030
30242  -33.164  -67.044  12.575 0.1000000015
29135  -34.056  -67.528  14.348 0.1000000015
28177  -32.863  -68.424  7.620 0.2000000030
28207  -34.137  -68.435  4.958 0.2000000030
28196  -33.643  -68.059  5.439 0.1000000015
27182  -35.252  -69.227  4.515 0.2000000030
29253  -34.166  -67.194  5.243 0.1000000015
29254  -35.034  -67.316  4.743 0.1000000015
28208  -34.908  -68.302  4.658 0.2000000030
28209  -35.847  -68.386  4.457 0.2000000030
30347  -35.141  -66.774  4.717 0.1000000015
29267  -35.934  -67.434  4.219 0.1000000015
29282  -35.969  -67.335  3.584 0.1000000015
29296  -36.460  -67.872  3.240 0.1000000015
30383  -35.517  -66.958  3.274 0.1000000015
29295  -35.721  -67.604  2.992 0.1000000015
31488  -34.605  -65.626  2.877 0.1000000015
31502  -34.468  -65.510  2.001 0.1000000015
31503  -34.944  -65.411  1.320 0.1000000015
32584  -36.191  -64.197  1.050 0.1000000015
16542  -44.356  -79.049  12.374 0.3000000119
18594  -44.481  -77.618  12.505 0.3000000119
17556  -42.667  -78.626  13.744 0.3000000119
17557  -43.661  -78.438  13.200 0.3000000119
18591  -42.169  -77.703  13.527 0.3000000119
19675  -42.874  -77.028  13.053 0.3000000119
17558  -44.302  -78.234  12.692 0.3000000119
18601  -44.355  -77.225  12.594 0.3000000119
20756  -43.168  -75.471  12.387 0.3000000119
19684  -42.617  -76.196  12.761 0.3000000119
20744  -41.487  -75.863  12.784 0.3000000119
18590  -41.123  -77.404  13.730 0.3000000119
20743  -40.732  -75.917  12.973 0.3000000119
22823  -34.589  -73.069  15.456 0.4000000060
21812  -36.974  -74.440  13.530 0.4000000060
21813  -37.735  -74.802  13.302 0.4000000060
22806  -34.856  -73.053  16.239 0.4000000060
27047  -36.142  -69.410  15.670 0.3000000119
29136  -34.953  -67.524  14.660 0.2000000030
30243  -33.872  -66.298  12.883 0.1000000015
31347  -34.631  -65.575  10.201 0.1000000015
30311  -33.749  -65.941  7.481 0.1000000015
30329  -33.891  -66.103  5.856 0.1000000015
31435  -34.207  -65.330  5.995 0.1000000015
31458  -34.932  -65.550  4.738 0.1000000015
32562  -34.448  -64.849  2.476 0.1000000015
33587  -34.579  -63.744  2.489 0.1000000015
34689  -35.810  -62.546  1.875 0.1000000015
15516  -42.941  -80.041  13.891 0.2000000030
16512  -42.713  -79.584  13.980 0.2000000030
14549  -42.935  -81.018  13.416 0.2000000030
18577  -41.550  -78.038  13.971 0.3000000119
20729  -36.424  -75.011  15.383 0.3000000119
20740  -37.430  -75.244  13.934 0.4000000060
23848  -36.055  -72.947  17.394 0.3000000119
23863  -36.453  -72.227  17.277 0.3000000119
28097  -36.328  -68.275  14.998 0.1000000015
29158  -36.869  -66.980  14.646 0.1000000015
30246  -37.393  -65.415  13.205 0.1000000015
30245  -36.768  -65.482  13.350 0.1000000015
31286  -35.426  -65.552  13.275 0.1000000015
31304  -35.382  -65.135  12.390 0.1000000015
33522  -34.875  -63.295  6.750 0.1000000015
15515  -42.309  -80.667  14.517 0.2000000030
14513  -41.764  -81.494  15.682 0.2000000030
15497  -41.912  -81.242  15.287 0.2000000030
15514  -41.725  -80.346  14.848 0.3000000119
15496  -41.343  -80.873  15.496 0.2000000030
22788  -36.367  -73.621  17.559 0.3000000119
21781  -36.165  -74.683  16.631 0.3000000119
20717  -36.474  -75.222  15.921 0.3000000119
20718  -36.947  -75.898  16.017 0.3000000119
23865  -38.387  -72.057  17.319 0.3000000119
23850  -37.850  -72.787  17.723 0.3000000119
23851  -38.823  -72.747  17.566 0.3000000119
28099  -38.559  -68.493  15.016 0.2000000030
30223  -38.357  -66.429  13.680 0.1000000015
31289  -38.702  -65.780  13.236 0.1000000015
31308  -40.039  -65.220  12.626 0.1000000015
32400  -39.575  -64.599  12.006 0.1000000015
32436  -40.538  -64.796  10.336 0.1000000015
32416  -40.067  -64.497  11.141 0.1000000015
32414  -38.171  -64.541  11.048 0.1000000015
32415  -39.084  -64.433  11.156 0.1000000015
32434  -38.639  -64.711  10.544 0.1000000015
32451  -40.119  -65.219  9.751 0.1000000015
32452  -40.993  -65.219  9.595 0.1000000015
31377  -41.844  -65.769  8.833 0.1000000015
31349  -36.824  -65.146  10.216 0.1000000015
31327  -37.723  -64.648  10.906 0.1000000015
31351  -38.939  -65.127  9.961 0.1000000015
31374  -39.541  -65.566  9.413 0.1000000015
31397  -40.056  -66.040  8.580 0.1000000015
31399  -41.948  -66.225  8.258 0.1000000015
31370  -35.674  -65.445  9.035 0.1000000015
32472  -35.407  -64.049  8.370 0.1000000015
34603  -35.052  -62.617  6.558 0.1000000015
35702  -34.635  -61.716  3.666 0.1000000015
14461  -40.007  -81.712  19.605 0.2000000030
15474  -39.525  -80.644  17.452 0.2000000030
14492  -40.719  -81.662  17.280 0.2000000030
15443  -39.243  -80.593  19.307 0.3000000119
15482  -39.835  -80.569  16.705 0.2000000030
20686  -36.768  -75.339  17.552 0.3000000119
18547  -37.727  -77.414  16.747 0.3000000119
20687  -37.176  -75.728  18.113 0.3000000119
18534  -37.701  -77.552  17.487 0.3000000119
17509  -38.695  -78.779  16.540 0.3000000119
22791  -39.328  -73.512  17.957 0.3000000119
23867  -40.500  -72.103  16.664 0.2000000030
22779  -38.986  -74.166  18.393 0.3000000119
25995  -39.864  -70.407  15.665 0.3000000119
27072  -38.852  -69.360  15.220 0.2000000030
29160  -38.855  -67.234  13.993 0.1000000015
30224  -39.263  -66.549  13.545 0.1000000015
31395  -38.369  -65.575  8.526 0.1000000015
31417  -38.612  -65.669  8.134 0.1000000015
31419  -39.808  -65.906  7.780 0.1000000015
32474  -37.232  -64.570  8.515 0.1000000015
32475  -38.100  -64.928  8.064 0.1000000015
33501  -37.943  -63.948  8.317 0.1000000015
32473  -36.325  -64.324  8.625 0.1000000015
34584  -36.679  -62.869  8.332 0.1000000015
34592  -36.205  -62.382  7.885 0.1000000015
35647  -35.769  -62.226  7.399 0.1000000015
35657  -36.316  -61.422  6.630 0.1000000015
35684  -35.068  -61.107  4.926 0.1000000015
15427  -39.788  -80.827  20.613 0.3000000119
15428  -40.289  -81.363  21.005 0.3000000119
16427  -39.294  -79.307  20.391 0.3000000119
17491  -38.142  -78.135  18.727 0.3000000119
19598  -37.567  -76.605  18.382 0.3000000119
23882  -41.305  -71.870  15.987 0.2000000030
26011  -41.492  -70.375  15.025 0.2000000030
27074  -41.044  -69.410  14.699 0.2000000030
27092  -40.685  -68.663  14.339 0.2000000030
15390  -42.063  -80.544  23.359 0.1000000015
17420  -41.244  -79.093  22.444 0.2000000030
17475  -38.796  -78.366  19.810 0.3000000119
17476  -39.422  -77.887  20.310 0.3000000119
20671  -40.322  -75.308  19.075 0.3000000119
21765  -41.872  -74.150  17.902 0.2000000030
22793  -41.666  -73.566  17.319 0.2000000030
23869  -42.290  -72.785  16.268 0.1000000015
22810  -42.452  -73.329  16.714 0.1000000015
23883  -42.125  -72.193  15.811 0.2000000030
18480  -41.313  -78.028  21.898 0.3000000119
17459  -40.534  -78.077  21.188 0.3000000119
20658  -40.757  -76.022  19.574 0.3000000119
22794  -42.623  -73.869  17.210 0.1000000015
22795  -43.287  -74.043  17.235 0.1000000015
21752  -43.201  -74.786  18.477 0.1000000015
22825  -44.062  -72.959  15.766 0.1000000015
19568  -41.326  -77.246  20.705 0.3000000119
20675  -44.434  -75.061  19.459 0.1000000015
21755  -46.126  -74.560  19.010 0.1000000015
19570  -42.995  -76.389  21.057 0.2000000030
19586  -42.906  -76.037  20.441 0.2000000030
20662  -44.690  -75.222  20.179 0.1000000015
21756  -46.957  -74.239  19.082 0.1000000015
18689  -44.055  -78.126  6.338 0.3000000119
17639  -42.447  -79.024  6.190 0.3000000119
17640  -43.409  -78.706  5.938 0.3000000119
18717  -36.449  -77.827  5.030 0.2000000030
18716  -35.398  -77.450  5.046 0.2000000030
17638  -41.354  -79.198  6.327 0.4000000060
17651  -39.265  -79.263  5.566 0.3000000119
17655  -43.646  -78.626  5.201 0.4000000060
16621  -40.402  -79.479  5.424 0.3000000119
17663  -38.556  -78.821  5.256 0.3000000119
17656  -44.307  -78.171  5.151 0.4000000060
17666  -41.515  -79.172  4.948 0.4000000060
18719  -38.789  -78.420  4.723 0.3000000119
19796  -37.157  -77.424  4.477 0.2000000030
17668  -44.009  -78.290  4.494 0.4000000060
17667  -43.042  -78.545  4.496 0.4000000060
18720  -39.805  -78.514  4.495 0.4000000060
17669  -44.401  -77.978  4.562 0.4000000060
19800  -44.647  -77.153  4.737 0.4000000060
18721  -40.937  -78.524  4.393 0.4000000060
17674  -43.830  -78.136  4.078 0.4000000060
18722  -42.109  -78.390  4.234 0.4000000060
18736  -40.352  -77.774  4.021 0.3000000119
18734  -38.304  -77.818  4.454 0.4000000060
19818  -44.612  -77.076  3.912 0.4000000060
18738  -42.659  -77.830  3.634 0.4000000060
19812  -39.669  -77.059  3.519 0.3000000119
19816  -43.526  -76.278  3.948 0.4000000060
18751  -43.838  -77.527  2.997 0.4000000060
18739  -43.453  -77.953  3.728 0.4000000060
19813  -40.990  -77.094  3.342 0.4000000060
19831  -44.608  -76.962  3.285 0.4000000060
19814  -42.193  -77.345  3.149 0.4000000060
19826  -40.216  -76.450  2.591 0.3000000119
18750  -43.245  -77.617  3.166 0.4000000060
19827  -41.739  -76.815  2.453 0.4000000060
19830  -44.257  -76.655  2.724 0.4000000060
19829  -43.982  -77.059  2.279 0.4000000060
19828  -43.039  -77.266  2.441 0.4000000060
20853  -43.973  -76.091  2.950 0.4000000060
19844  -43.359  -76.720  1.511 0.4000000060
19843  -42.382  -76.824  1.533 0.4000000060
19841  -39.847  -76.336  1.560 0.2000000030
20865  -43.655  -75.593  2.202 0.3000000119
19845  -43.815  -76.303  1.748 0.4000000060
19842  -41.162  -76.590  1.593 0.2000000030
19859  -40.674  -76.807  0.811 0.2000000030
19857  -38.425  -76.580  0.587 0.3000000119
20880  -43.620  -75.553  1.255 0.3000000119
19860  -41.752  -76.865  0.777 0.3000000119
19858  -39.563  -76.746  0.768 0.2000000030
19856  -37.436  -76.512  0.233 0.2000000030
21906  -41.821  -74.189  2.390 0.3000000119
21907  -42.874  -74.628  1.697 0.3000000119
19862  -43.436  -76.093  0.710 0.4000000060
18782  -41.222  -77.375  0.216 0.1000000015
22948  -41.991  -73.632  1.555 0.3000000119
21918  -42.951  -74.485  1.030 0.3000000119
19874  -43.183  -75.614  0.118 0.2000000030
18802  -42.314  -76.953  -0.147 0.2000000030
18781  -40.189  -77.460  0.341 0.1000000015
19872  -38.066  -76.992  0.098 0.2000000030
21952  -42.596  -74.413  -0.024 0.2000000030
20913  -42.879  -75.163  -0.313 0.2000000030
18819  -42.221  -77.013  -0.665 0.1000000015
18799  -39.629  -78.186  -0.062 0.1000000015
18798  -38.465  -77.726  -0.275 0.1000000015
24018  -40.945  -72.702  2.335 0.2000000030
22965  -42.524  -73.963  0.977 0.3000000119
22984  -42.364  -73.822  0.592 0.3000000119
25094  -40.088  -71.294  2.305 0.2000000030
24027  -41.077  -72.487  1.770 0.1000000015
24028  -41.649  -73.062  1.310 0.3000000119
21951  -42.032  -74.064  -0.317 0.2000000030
20930  -42.729  -75.985  -0.778 0.1000000015
18801  -41.717  -77.777  -0.474 0.1000000015
25095  -40.517  -71.674  1.885 0.2000000030
24044  -41.557  -72.810  1.035 0.2000000030
23001  -41.612  -73.469  -0.023 0.2000000030
20912  -41.828  -75.023  -0.969 0.1000000015
19890  -42.320  -76.596  -1.027 0.1000000015
18818  -41.929  -77.616  -1.388 0.1000000015
17708  -40.128  -78.999  -0.443 0.1000000015
17707  -39.078  -79.042  -0.662 0.1000000015
18815  -37.443  -78.241  -1.318 0.1000000015
24057  -40.671  -72.618  0.655 0.1000000015
21950  -41.093  -74.323  -0.608 0.2000000030
19889  -41.847  -76.908  -1.859 0.1000000015
17731  -41.617  -78.471  -1.910 0.1000000015
16672  -40.469  -79.539  -0.941 0.1000000015
16671  -39.631  -79.657  -0.808 0.1000000015
17729  -37.955  -79.237  -1.422 0.1000000015
18831  -36.125  -78.250  -2.449 0.1000000015
20928  -41.378  -75.993  -1.442 0.1000000015
17755  -41.290  -78.541  -2.416 0.1000000015
16696  -41.268  -79.133  -1.765 0.1000000015
16718  -37.810  -79.975  -2.007 0.1000000015
15712  -40.182  -80.399  -1.753 0.1000000015
26012  -42.567  -70.377  14.653 0.2000000030
26150  -39.368  -70.628  2.689 0.2000000030
25110  -39.981  -71.173  1.658 0.1000000015
24043  -40.978  -72.328  1.122 0.1000000015
22981  -40.298  -73.323  0.151 0.1000000015
20911  -40.731  -75.210  -0.932 0.1000000015
19904  -41.401  -77.245  -2.272 0.1000000015
16692  -38.196  -79.787  -1.526 0.1000000015
16670  -39.190  -79.633  -0.859 0.1000000015
16695  -40.689  -79.813  -1.604 0.1000000015
18835  -41.110  -77.767  -2.505 0.1000000015
17653  -41.724  -79.364  5.745 0.3000000119
17654  -42.667  -79.037  5.417 0.4000000060
18718  -37.666  -78.258  4.981 0.3000000119
17664  -39.379  -79.054  4.953 0.3000000119
17665  -40.349  -79.190  4.859 0.3000000119
19797  -37.809  -77.621  4.457 0.3000000119
18723  -42.853  -78.212  4.031 0.4000000060
18735  -39.166  -77.768  4.185 0.3000000119
18725  -44.539  -77.595  4.165 0.4000000060
18737  -41.564  -77.798  3.860 0.4000000060
18753  -44.569  -77.101  3.058 0.4000000060
19861  -42.676  -76.710  0.588 0.2000000030
18779  -38.520  -77.143  0.174 0.2000000030
22949  -42.582  -74.196  1.291 0.3000000119
21919  -43.350  -74.946  1.098 0.3000000119
18783  -41.979  -77.101  0.140 0.2000000030
20894  -43.089  -74.956  0.161 0.2000000030
19873  -42.835  -76.282  -0.235 0.2000000030
18800  -40.725  -78.209  -0.075 0.1000000015
22983  -41.864  -73.366  0.401 0.3000000119
17709  -41.011  -78.807  -0.699 0.1000000015
17706  -38.161  -78.529  -0.896 0.1000000015
24042  -40.254  -72.046  1.197 0.1000000015
23000  -41.161  -73.615  -0.229 0.1000000015
20929  -42.290  -75.919  -1.177 0.1000000015
16673  -41.056  -79.241  -1.236 0.1000000015
17751  -37.486  -79.228  -1.853 0.1000000015
18836  -41.743  -77.808  -2.195 0.1000000015
17750  -36.904  -78.991  -2.286 0.1000000015
20927  -40.236  -76.072  -1.457 0.1000000015
21932  -40.118  -73.841  -0.209 0.1000000015
20799  -41.048  -75.774  8.808 0.3000000119
19743  -40.735  -76.211  8.029 0.2000000030
19742  -39.956  -76.256  8.486 0.3000000119
19758  -40.157  -76.900  7.649 0.2000000030
20772  -42.940  -75.840  9.941 0.4000000060
20786  -42.009  -75.621  9.469 0.2000000030
20787  -43.105  -75.272  9.264 0.4000000060
20811  -41.465  -75.933  8.103 0.3000000119
19757  -39.113  -76.978  7.794 0.2000000030
20801  -43.197  -75.385  8.398 0.4000000060
19759  -41.323  -76.719  7.539 0.2000000030
18664  -39.462  -77.758  7.295 0.2000000030
18663  -38.427  -77.766  7.352 0.1000000015
19760  -42.514  -76.814  7.336 0.3000000119
19756  -38.051  -77.052  7.865 0.1000000015
18685  -39.864  -78.520  6.864 0.2000000030
18662  -37.428  -77.716  7.281 0.1000000015
18683  -37.865  -78.328  6.836 0.1000000015
17634  -37.548  -78.434  6.312 0.1000000015
19773  -35.616  -77.455  6.842 0.1000000015
18661  -36.430  -77.557  7.087 0.1000000015
18682  -37.072  -78.193  6.502 0.1000000015
19772  -34.845  -77.169  6.845 0.1000000015
18665  -40.559  -77.708  7.186 0.2000000030
18684  -38.805  -78.459  6.895 0.2000000030
17635  -38.223  -78.697  6.349 0.2000000030
18680  -35.231  -77.629  6.256 0.1000000015
19771  -33.983  -76.822  6.686 0.1000000015
19761  -43.579  -76.894  7.276 0.2000000030
18667  -42.843  -77.678  6.972 0.3000000119
18686  -40.971  -78.526  6.805 0.2000000030
17649  -37.675  -78.597  5.907 0.2000000030
18681  -36.142  -77.901  6.351 0.1000000015
18678  -33.440  -77.080  6.066 0.1000000015
18679  -34.353  -77.341  6.179 0.1000000015
18687  -42.087  -78.470  6.676 0.3000000119
16610  -39.917  -79.474  5.913 0.3000000119
20815  -44.821  -76.097  7.188 0.2000000030
18702  -37.551  -78.458  5.558 0.2000000030
18701  -36.922  -78.248  5.758 0.1000000015
18698  -33.986  -77.230  5.506 0.1000000015
18699  -34.865  -77.505  5.618 0.1000000015
18697  -33.024  -77.015  5.289 0.1000000015
18668  -43.859  -77.646  6.902 0.2000000030
19794  -34.872  -76.717  4.509 0.1000000015
19795  -36.075  -77.105  4.491 0.1000000015
18714  -33.793  -76.897  4.792 0.1000000015
18669  -44.556  -77.433  6.628 0.2000000030
19810  -36.890  -76.689  3.956 0.1000000015
18732  -31.486  -77.928  2.990 0.1000000015
19793  -33.793  -76.305  4.103 0.1000000015
19809  -35.828  -76.338  3.889 0.1000000015
19811  -38.183  -76.931  3.807 0.3000000119
19807  -33.696  -75.760  3.289 0.1000000015
20814  -44.211  -76.138  7.484 0.3000000119
20800  -42.149  -75.544  8.634 0.3000000119
20812  -42.304  -75.973  7.849 0.2000000030
18700  -35.796  -77.843  5.666 0.1000000015
18715  -34.556  -77.221  5.089 0.1000000015
17636  -39.218  -79.055  6.307 0.2000000030
18666  -41.706  -77.676  7.068 0.3000000119
17648  -37.277  -78.428  6.051 0.1000000015
18713  -32.659  -76.710  4.196 0.1000000015
19808  -34.746  -75.922  3.714 0.1000000015
18712  -31.308  -77.633  4.087 0.1000000015
19792  -33.217  -76.245  3.693 0.1000000015
20849  -37.408  -76.389  3.525 0.2000000030
20857  -34.496  -75.214  1.866 0.1000000015
20874  -34.242  -75.355  0.898 0.1000000015
20875  -35.369  -75.215  1.066 0.2000000030
20872  -33.136  -76.422  0.921 0.1000000015
20859  -36.678  -75.582  2.471 0.2000000030
20858  -35.586  -75.256  2.157 0.2000000030
20876  -36.524  -75.480  1.387 0.1000000015
19839  -33.207  -76.768  0.583 0.1000000015
20889  -34.086  -75.565  0.126 0.1000000015
20890  -34.962  -75.455  0.133 0.1000000015
19824  -38.510  -76.310  3.162 0.2000000030
20860  -37.856  -75.972  2.900 0.2000000030
20891  -36.343  -75.901  0.127 0.1000000015
20877  -37.598  -75.690  1.768 0.1000000015
20892  -37.447  -75.940  0.844 0.1000000015
19825  -39.145  -76.452  3.106 0.2000000030
20861  -38.850  -76.071  2.694 0.2000000030
20878  -38.716  -75.898  1.917 0.2000000030
20893  -38.253  -75.971  1.207 0.1000000015
20862  -39.404  -76.244  2.666 0.2000000030
20907  -36.055  -76.194  -0.609 0.1000000015
20848  -36.729  -76.063  3.344 0.1000000015
20771  -42.038  -76.186  10.044 0.2000000030
20798  -40.409  -75.976  9.280 0.1000000015
16530  -43.959  -79.166  13.023 0.2000000030
14576  -43.525  -80.539  12.035 0.1000000015
14462  -40.746  -82.325  20.159 0.1000000015
13594  -42.315  -82.840  16.049 0.1000000015
13606  -42.418  -82.766  14.998 0.1000000015
14503  -41.012  -81.485  16.532 0.1000000015
13520  -41.338  -82.494  20.886 0.2000000030
13543  -41.481  -82.726  19.914 0.1000000015
11770  -42.199  -84.449  17.096 0.1000000015
14447  -40.736  -81.927  21.188 0.2000000030
14479  -41.045  -82.441  18.778 0.1000000015
14480  -41.699  -82.640  18.280 0.1000000015
13575  -41.979  -82.767  17.876 0.1000000015
13587  -42.247  -82.830  17.063 0.1000000015
12692  -42.377  -83.623  16.637 0.1000000015
19705  -42.876  -76.615  10.389 0.2000000030
14505  -42.109  -82.365  16.280 0.1000000015
13586  -41.862  -82.498  17.268 0.1000000015
15544  -43.899  -79.838  12.446 0.1000000015
12699  -42.310  -83.595  15.750 0.1000000015
11778  -42.226  -84.264  16.257 0.1000000015
14493  -41.513  -82.374  17.647 0.1000000015
13544  -41.979  -83.030  19.733 0.1000000015
19704  -41.942  -76.832  10.360 0.1000000015
20770  -41.459  -76.414  10.126 0.1000000015
18482  -42.688  -77.055  22.111 0.1000000015
18474  -42.594  -77.289  22.757 0.1000000015
18473  -42.230  -77.829  23.175 0.1000000015
17403  -42.495  -78.819  23.868 0.1000000015
18481  -41.967  -77.719  22.253 0.1000000015
17439  -41.426  -78.380  22.242 0.1000000015
19552  -42.307  -76.363  22.915 0.1000000015
19537  -42.547  -76.935  23.287 0.1000000015
19536  -41.784  -76.763  23.550 0.1000000015
18440  -41.325  -78.239  24.735 0.1000000015
19553  -42.933  -76.634  22.552 0.1000000015
19538  -42.776  -77.074  23.027 0.1000000015
18462  -42.258  -77.574  23.760 0.1000000015
18441  -42.093  -78.106  24.463 0.1000000015
16359  -41.670  -79.818  25.142 0.1000000015
19535  -40.449  -76.511  23.528 0.1000000015
20610  -42.058  -75.708  22.473 0.1000000015
19551  -41.411  -76.122  22.965 0.1000000015
18461  -41.395  -77.394  24.255 0.1000000015
18460  -40.085  -77.835  24.433 0.1000000015
19554  -43.408  -76.222  21.954 0.1000000015
19560  -43.531  -76.087  21.459 0.1000000015
20608  -40.203  -75.287  22.208 0.1000000015
19550  -40.626  -75.864  22.776 0.1000000015
20588  -39.951  -75.822  22.795 0.1000000015
20611  -42.869  -75.920  22.429 0.1000000015
20612  -43.383  -76.025  22.151 0.1000000015
20645  -43.597  -75.960  20.905 0.1000000015
27075  -42.059  -69.690  14.435 0.1000000015
27093  -41.658  -68.889  14.201 0.1000000015
29163  -41.783  -67.669  13.396 0.1000000015
20629  -43.403  -75.522  21.867 0.1000000015
19571  -43.577  -76.036  21.141 0.1000000015
24970  -43.269  -71.051  14.789 0.1000000015
27091  -40.052  -68.521  14.333 0.1000000015
28121  -40.324  -68.075  14.018 0.1000000015
27076  -42.951  -69.846  14.208 0.1000000015
29186  -42.213  -67.092  13.044 0.1000000015
29162  -40.847  -67.395  13.538 0.1000000015
29185  -41.503  -67.060  13.228 0.1000000015
20609  -41.159  -75.513  22.359 0.1000000015
20587  -39.237  -75.939  23.087 0.1000000015
16380  -42.407  -79.858  23.695 0.1000000015
17421  -41.854  -78.556  22.889 0.1000000015
18498  -42.794  -76.780  21.652 0.1000000015
28122  -41.254  -68.165  13.870 0.1000000015
18463  -42.544  -77.341  23.237 0.1000000015
17376  -42.604  -79.563  24.880 0.1000000015
17375  -42.248  -78.978  24.965 0.1000000015
20628  -42.682  -75.295  21.980 0.1000000015
28123  -42.209  -68.355  13.716 0.1000000015
30226  -41.018  -66.727  13.214 0.1000000015
26165  -39.281  -70.440  2.110 0.1000000015
26149  -38.773  -69.710  2.691 0.1000000015
17576  -39.718  -79.143  10.834 0.1000000015
17594  -39.222  -78.424  10.763 0.1000000015
18624  -39.601  -77.700  10.593 0.1000000015
15552  -39.000  -80.551  10.844 0.1000000015
17575  -38.912  -79.109  10.830 0.1000000015
17593  -38.334  -78.456  10.757 0.1000000015
17595  -40.218  -78.564  10.738 0.1000000015
14581  -38.757  -81.478  10.544 0.1000000015
16553  -40.329  -79.807  10.878 0.1000000015
17577  -40.277  -79.198  10.810 0.1000000015
15569  -37.676  -80.674  10.420 0.1000000015
13658  -38.366  -82.812  9.825 0.1000000015
14573  -39.488  -81.139  10.798 0.1000000015
13659  -39.488  -82.671  10.235 0.1000000015
20715  -32.382  -75.721  16.109 0.1000000015
19657  -33.936  -76.789  15.172 0.1000000015
16524  -33.536  -79.616  13.158 0.1000000015
14559  -33.524  -81.667  12.855 0.1000000015
13627  -33.997  -82.432  12.513 0.1000000015
12748  -34.372  -83.789  11.510 0.1000000015
18625  -40.595  -77.686  10.562 0.1000000015
12766  -33.800  -83.953  10.801 0.1000000015
11829  -35.077  -84.553  11.158 0.1000000015
13657  -37.625  -82.433  9.719 0.1000000015
13681  -37.352  -82.992  9.309 0.1000000015
19724  -39.780  -76.318  9.646 0.1000000015
10963  -34.557  -85.419  8.992 0.1000000015
11008  -35.165  -85.483  7.871 0.1000000015
11887  -36.282  -85.147  7.931 0.1000000015
12781  -36.868  -83.755  8.713 0.1000000015
12782  -37.804  -84.211  8.784 0.1000000015
12767  -39.289  -83.434  9.830 0.1000000015
19741  -38.805  -76.445  8.583 0.1000000015
11862  -34.104  -84.896  9.569 0.1000000015
12799  -35.207  -84.521  7.602 0.1000000015
11888  -37.488  -85.055  8.269 0.1000000015
11889  -38.080  -85.595  8.463 0.1000000015
18571  -33.808  -76.965  14.528 0.1000000015
18586  -33.626  -77.448  13.843 0.1000000015
16525  -34.203  -79.499  12.944 0.1000000015
16554  -41.137  -79.961  10.810 0.1000000015
17596  -41.294  -78.558  10.683 0.1000000015
15539  -33.875  -80.677  13.056 0.1000000015
13642  -34.357  -83.119  12.196 0.1000000015
14560  -34.441  -81.707  12.779 0.1000000015
19702  -39.966  -77.026  10.339 0.1000000015
10989  -35.895  -85.579  8.356 0.1000000015
10965  -36.645  -86.114  9.107 0.1000000015
10990  -36.908  -85.768  8.378 0.1000000015
12783  -38.764  -84.011  9.388 0.1000000015
10948  -36.503  -86.027  10.164 0.1000000015
10121  -37.228  -86.352  9.167 0.1000000015
10991  -37.729  -86.018  8.490 0.1000000015
11866  -38.543  -85.116  8.820 0.1000000015
19640  -34.139  -76.788  15.909 0.1000000015
18572  -34.343  -77.280  14.594 0.1000000015
18545  -34.564  -77.224  16.308 0.1000000015
18532  -34.539  -77.203  17.148 0.1000000015
16571  -41.914  -79.654  10.696 0.1000000015
18587  -34.753  -77.840  13.921 0.1000000015
14574  -40.262  -81.227  10.789 0.1000000015
17597  -42.428  -78.514  10.710 0.1000000015
17566  -35.042  -78.984  13.035 0.1000000015
14582  -39.918  -81.877  10.641 0.1000000015
18626  -41.655  -77.625  10.582 0.1000000015
16539  -34.535  -79.984  12.786 0.1000000015
13628  -34.913  -82.772  12.580 0.1000000015
12749  -35.239  -84.261  11.862 0.1000000015
10947  -36.006  -85.577  10.675 0.1000000015
11847  -35.355  -85.100  10.421 0.1000000015
11813  -35.925  -84.618  12.145 0.1000000015
10097  -37.569  -86.550  10.762 0.1000000015
10123  -38.359  -86.416  9.454 0.1000000015
11831  -36.275  -85.163  11.759 0.1000000015
10096  -36.949  -86.306  10.534 0.1000000015
18533  -35.061  -77.692  17.550 0.1000000015
15555  -41.505  -80.295  10.731 0.1000000015
18557  -34.552  -77.254  15.458 0.1000000015
18558  -35.133  -77.720  15.949 0.1000000015
17496  -35.564  -78.222  17.983 0.1000000015
17488  -35.448  -78.237  18.867 0.1000000015
13660  -40.478  -82.705  10.334 0.1000000015
14583  -40.936  -81.745  10.578 0.1000000015
15572  -41.884  -80.782  10.684 0.1000000015
17535  -35.778  -78.332  14.404 0.1000000015
17521  -35.894  -78.371  15.524 0.1000000015
12768  -40.036  -83.457  9.964 0.1000000015
19703  -40.859  -76.728  10.225 0.1000000015
16540  -35.577  -79.653  12.908 0.1000000015
17553  -35.418  -78.587  13.523 0.1000000015
10949  -38.783  -86.320  9.869 0.1000000015
12784  -39.679  -84.048  9.654 0.1000000015
15540  -34.948  -80.784  12.728 0.1000000015
10914  -37.312  -85.661  11.902 0.1000000015
12732  -35.503  -83.700  12.390 0.1000000015
12733  -36.347  -83.919  12.523 0.1000000015
17507  -35.554  -78.225  16.826 0.1000000015
12785  -40.224  -84.108  9.844 0.1000000015
18627  -42.742  -77.516  10.621 0.1000000015
10935  -37.659  -86.219  11.607 0.1000000015
10950  -39.321  -86.103  10.312 0.1000000015
13630  -36.918  -82.925  12.467 0.1000000015
15541  -35.940  -80.861  12.615 0.1000000015
14561  -35.423  -81.807  12.645 0.1000000015
13629  -35.908  -82.843  12.561 0.1000000015
11849  -40.239  -84.759  10.151 0.1000000015
13661  -41.487  -82.698  10.697 0.1000000015
10938  -39.833  -85.888  11.094 0.1000000015
17536  -36.422  -78.844  14.634 0.1000000015
10915  -37.988  -85.857  12.002 0.1000000015
10098  -38.442  -86.536  11.476 0.1000000015
10099  -39.019  -86.528  11.593 0.1000000015
17554  -36.132  -78.823  13.905 0.1000000015
12734  -37.286  -84.094  12.423 0.1000000015
11815  -37.667  -85.083  12.211 0.1000000015
16526  -36.012  -79.113  13.447 0.1000000015
13631  -37.900  -83.194  12.630 0.1000000015
14562  -36.441  -81.845  12.568 0.1000000015
11850  -40.711  -84.446  10.823 0.1000000015
12750  -41.425  -83.916  11.958 0.1000000015
11817  -39.178  -85.806  12.638 0.1000000015
10918  -40.131  -86.055  12.063 0.1000000015
17522  -36.618  -79.111  15.514 0.1000000015
13632  -38.775  -83.566  12.849 0.1000000015
12736  -39.190  -84.723  12.876 0.1000000015
12735  -38.233  -84.349  12.505 0.1000000015
15528  -37.019  -80.393  13.066 0.1000000015
11819  -41.155  -84.889  12.650 0.1000000015
11799  -39.696  -85.536  13.366 0.1000000015
10900  -39.813  -86.068  12.871 0.1000000015
17508  -36.322  -78.945  16.490 0.1000000015
14563  -37.673  -81.698  12.779 0.1000000015
16527  -36.779  -79.593  13.714 0.1000000015
16508  -36.905  -79.344  14.798 0.1000000015
18523  -35.073  -77.736  18.511 0.1000000015
16409  -35.512  -79.702  21.164 0.1000000015
16425  -35.360  -79.008  20.480 0.1000000015
16444  -36.110  -79.225  19.515 0.1000000015
16443  -35.607  -78.787  19.755 0.1000000015
17551  -33.089  -78.574  13.409 0.1000000015
12731  -34.862  -83.562  12.180 0.1000000015
11846  -34.491  -84.519  10.494 0.1000000015
11863  -34.958  -85.098  9.785 0.1000000015
10988  -34.944  -85.526  8.374 0.1000000015
10964  -35.613  -85.543  9.506 0.1000000015
12800  -36.411  -84.265  8.227 0.1000000015
13697  -36.286  -83.552  8.525 0.1000000015
14605  -36.626  -81.980  9.401 0.1000000015
17552  -34.303  -78.650  13.188 0.1000000015
10968  -39.230  -85.499  9.545 0.1000000015
18573  -35.170  -77.748  14.835 0.1000000015
11814  -36.753  -84.963  12.097 0.1000000015
12769  -40.752  -83.739  10.272 0.1000000015
11848  -39.707  -85.371  9.949 0.1000000015
11832  -40.376  -85.277  11.161 0.1000000015
10916  -38.611  -86.260  12.088 0.1000000015
14564  -38.502  -82.574  12.967 0.1000000015
11833  -40.909  -84.620  11.605 0.1000000015
7834  -31.959  -89.928  1.400 0.1000000015
7835  -32.497  -89.447  1.622 0.1000000015
9481  -30.238  -87.608  -2.067 0.1000000015
9496  -30.430  -88.007  -2.366 0.1000000015
9482  -30.737  -87.565  -1.458 0.1000000015
9483  -31.238  -88.049  -1.201 0.1000000015
7852  -31.594  -89.408  0.592 0.1000000015
9495  -29.876  -87.697  -2.674 0.1000000015
10274  -28.494  -87.201  -2.947 0.1000000015
10273  -27.483  -86.705  -3.048 0.1000000015
8672  -33.274  -88.458  1.393 0.1000000015
7836  -33.274  -88.750  1.980 0.1000000015
7819  -33.142  -88.695  2.302 0.1000000015
8689  -33.155  -88.208  0.700 0.1000000015
8703  -31.810  -88.317  -0.456 0.1000000015
8688  -32.429  -88.507  0.361 0.1000000015
7001  -32.227  -90.288  2.171 0.1000000015
7868  -30.919  -88.982  -0.724 0.1000000015
7879  -30.741  -88.800  -1.381 0.1000000015
10261  -29.785  -87.218  -1.678 0.1000000015
10260  -28.738  -86.983  -1.882 0.1000000015
10259  -27.835  -86.660  -2.105 0.1000000015
11127  -27.020  -86.177  -2.213 0.1000000015
12846  -30.276  -83.222  4.621 0.1000000015
11047  -30.884  -85.294  3.653 0.1000000015
12847  -30.989  -83.369  4.509 0.1000000015
8656  -33.791  -88.206  2.301 0.1000000015
8655  -33.041  -88.525  2.608 0.1000000015
9435  -32.629  -87.876  2.788 0.1000000015
10215  -32.050  -87.005  2.867 0.1000000015
10200  -31.448  -86.101  3.142 0.1000000015
11048  -31.984  -85.216  3.448 0.1000000015
8673  -34.095  -88.051  1.722 0.1000000015
9434  -31.573  -87.930  2.720 0.1000000015
8690  -33.971  -87.751  1.054 0.1000000015
8654  -32.153  -88.795  2.718 0.1000000015
8704  -32.863  -88.009  0.035 0.1000000015
13735  -30.941  -82.542  4.595 0.1000000015
11953  -31.389  -84.281  4.061 0.1000000015
14659  -30.481  -81.565  4.648 0.1000000015
10216  -33.114  -86.977  2.915 0.1000000015
10202  -33.483  -86.164  3.090 0.1000000015
10201  -32.536  -86.131  3.096 0.1000000015
9436  -33.614  -87.734  2.780 0.1000000015
9437  -34.489  -87.508  2.495 0.1000000015
9470  -32.417  -87.525  -0.298 0.1000000015
9469  -31.476  -87.532  -0.797 0.1000000015
10248  -30.954  -86.938  -0.733 0.1000000015
10247  -29.895  -86.637  -0.683 0.1000000015
10246  -29.022  -86.678  -1.002 0.1000000015
8705  -33.448  -87.714  0.518 0.1000000015
11952  -30.318  -84.608  4.120 0.1000000015
9471  -33.204  -87.402  0.202 0.1000000015
9438  -35.177  -87.281  2.054 0.1000000015
8691  -34.644  -87.534  1.426 0.1000000015
11951  -29.348  -84.658  4.033 0.1000000015
10239  -35.153  -86.043  0.865 0.1000000015
11093  -35.685  -85.208  1.198 0.1000000015
11995  -35.089  -84.520  0.839 0.1000000015
11954  -32.616  -84.362  3.775 0.1000000015
10217  -34.237  -86.773  2.976 0.1000000015
11064  -35.042  -86.146  2.932 0.1000000015
9439  -35.611  -86.933  1.886 0.1000000015
11052  -36.038  -85.276  2.620 0.1000000015
9459  -35.418  -86.559  1.231 0.1000000015
11079  -36.252  -85.342  1.787 0.1000000015
11051  -35.420  -85.381  3.016 0.1000000015
11049  -33.128  -85.311  3.345 0.1000000015
11050  -34.324  -85.545  3.170 0.1000000015
11957  -35.871  -84.565  2.901 0.1000000015
10219  -35.680  -86.463  2.100 0.1000000015
11092  -34.812  -85.450  0.760 0.1000000015
11066  -36.194  -85.584  2.175 0.1000000015
7818  -32.503  -89.378  2.343 0.1000000015
7853  -32.578  -88.734  0.992 0.1000000015
8657  -34.533  -87.796  2.075 0.1000000015
8674  -34.767  -87.589  1.759 0.1000000015
8716  -31.089  -88.483  -1.132 0.1000000015
9450  -35.190  -87.199  1.545 0.1000000015
9451  -35.516  -86.685  1.442 0.1000000015
9468  -31.071  -87.373  -1.002 0.1000000015
10080  -38.645  -86.459  11.816 0.1000000015
10081  -38.864  -86.475  11.840 0.1000000015
10107  -37.220  -86.394  9.816 0.1000000015
10108  -37.880  -86.571  9.901 0.1000000015
10109  -38.500  -86.572  10.395 0.1000000015
10110  -38.993  -86.599  11.029 0.1000000015
10122  -37.741  -86.456  9.111 0.1000000015
10138  -38.025  -86.302  8.752 0.1000000015
10139  -38.159  -86.381  8.971 0.1000000015
10218  -35.150  -86.773  2.575 0.1000000015
10228  -35.812  -86.170  1.766 0.1000000015
10238  -34.318  -86.423  0.570 0.1000000015
10240  -35.673  -86.095  1.474 0.1000000015
10262  -30.360  -87.111  -1.138 0.1000000015
10917  -39.300  -86.338  12.104 0.1000000015
10933  -36.164  -85.530  11.139 0.1000000015
10934  -36.629  -85.848  11.291 0.1000000015
10936  -38.176  -86.272  11.817 0.1000000015
10937  -39.466  -86.355  11.377 0.1000000015
10951  -39.911  -85.499  10.518 0.1000000015
10966  -37.255  -86.244  8.762 0.1000000015
10967  -38.841  -85.980  9.389 0.1000000015
10992  -38.339  -86.040  8.790 0.1000000015
11065  -35.657  -85.953  2.542 0.1000000015
11816  -38.491  -85.390  12.373 0.1000000015
11818  -40.655  -85.355  12.039 0.1000000015
11830  -35.828  -85.109  11.350 0.1000000015
11864  -35.323  -85.284  9.906 0.1000000015
11865  -38.004  -84.792  8.489 0.1000000015
11867  -39.492  -84.765  9.543 0.1000000015
11868  -39.960  -84.443  9.743 0.1000000015
11886  -35.507  -85.265  7.759 0.1000000015
11941  -30.648  -83.883  4.382 0.1000000015
11942  -31.115  -83.794  4.351 0.1000000015
12770  -41.214  -83.798  11.075 0.1000000015
12801  -37.139  -84.369  8.481 0.1000000015
13563  -41.694  -82.790  19.306 0.1000000015
13682  -38.076  -83.531  9.324 0.1000000015
13824  -31.095  -81.867  -3.526 0.1000000015
13842  -31.133  -81.919  -3.953 0.1000000015
13848  -36.361  -82.549  -4.868 0.1000000015
13862  -34.187  -82.670  -5.798 0.1000000015
13877  -29.792  -82.099  -8.089 0.1000000015
13879  -31.493  -82.456  -7.401 0.1000000015
13898  -29.907  -81.909  -8.362 0.1000000015
13918  -30.899  -82.011  -8.912 0.1000000015
13920  -32.012  -82.269  -9.060 0.1000000015
13922  -33.596  -82.291  -8.621 0.1000000015
14400  -42.298  -81.003  23.544 0.1000000015
14446  -40.268  -81.685  20.522 0.3000000119
14504  -41.588  -81.923  16.472 0.1000000015
14544  -33.065  -81.142  13.217 0.1000000015
14548  -42.660  -81.521  13.767 0.2000000030
14572  -39.072  -81.067  10.776 0.1000000015
14740  -38.393  -81.389  -2.518 0.2000000030
14755  -31.072  -81.770  -3.081 0.1000000015
14773  -29.039  -81.528  -5.604 0.1000000015
14775  -30.815  -81.768  -4.680 0.1000000015
14793  -28.100  -81.420  -6.484 0.1000000015
14797  -31.227  -81.975  -5.140 0.1000000015
14813  -28.428  -81.537  -6.988 0.1000000015
14815  -30.096  -82.183  -6.786 0.1000000015
14835  -30.850  -81.671  -8.651 0.1000000015
14836  -34.389  -82.016  -8.645 0.1000000015
14852  -30.722  -81.908  -8.759 0.1000000015
14854  -31.844  -81.871  -9.265 0.1000000015
14873  -34.322  -81.132  -10.058 0.1000000015
15442  -38.796  -79.935  19.066 0.3000000119
15475  -40.092  -81.077  16.981 0.2000000030
15495  -40.736  -80.461  15.772 0.3000000119
15542  -36.821  -80.948  12.700 0.1000000015
15553  -39.911  -80.548  10.900 0.1000000015
15554  -40.955  -80.722  10.808 0.1000000015
15574  -43.513  -79.937  11.086 0.1000000015
15707  -29.551  -80.640  -1.564 0.1000000015
15713  -40.484  -80.182  -2.156 0.2000000030
15728  -32.896  -80.367  -2.899 0.1000000015
15752  -37.745  -81.546  -2.777 0.2000000030
15818  -34.709  -79.767  -8.534 0.1000000015
15865  -31.706  -81.703  -9.125 0.1000000015
15869  -35.083  -80.180  -10.076 0.1000000015
15885  -34.494  -80.615  -10.166 0.1000000015
15886  -34.757  -80.449  -10.206 0.1000000015
16361  -42.782  -79.996  24.694 0.1000000015
16381  -42.791  -79.849  24.162 0.1000000015
16410  -40.117  -79.704  21.368 0.3000000119
16428  -39.730  -79.671  20.881 0.3000000119
16446  -39.313  -79.995  20.205 0.3000000119
16529  -43.341  -79.107  13.532 0.3000000119
16531  -44.429  -78.588  12.436 0.3000000119
16538  -33.994  -79.962  12.929 0.1000000015
16541  -36.446  -80.230  12.886 0.1000000015
16551  -38.609  -79.714  10.821 0.1000000015
16552  -39.407  -79.803  10.888 0.1000000015
16556  -44.641  -78.346  11.793 0.3000000119
16570  -40.867  -79.293  10.766 0.1000000015
16611  -40.697  -79.546  5.983 0.4000000060
16612  -41.207  -79.500  5.932 0.4000000060
16620  -39.824  -79.446  5.537 0.3000000119
16622  -41.066  -79.475  5.554 0.3000000119
16631  -40.769  -79.363  5.093 0.3000000119
16632  -40.921  -79.417  5.249 0.3000000119
16715  -33.914  -79.158  -2.911 0.1000000015
16721  -41.315  -78.909  -2.144 0.1000000015
16736  -27.068  -79.634  -3.866 0.1000000015
16764  -39.463  -79.927  -3.720 0.1000000015
16786  -34.517  -79.772  -7.012 0.1000000015
16811  -34.895  -79.719  -7.749 0.1000000015
16812  -35.451  -79.241  -8.161 0.1000000015
16836  -35.520  -79.061  -9.054 0.1000000015
16838  -37.803  -79.192  -8.171 0.1000000015
17404  -42.597  -79.445  24.554 0.1000000015
17473  -35.173  -78.280  19.709 0.1000000015
17474  -35.670  -78.654  19.285 0.1000000015
17498  -37.900  -77.919  18.205 0.3000000119
17510  -39.223  -79.219  16.198 0.2000000030
17525  -40.098  -79.220  15.431 0.2000000030
17540  -42.274  -79.177  14.174 0.3000000119
17565  -34.738  -79.331  12.921 0.1000000015
17567  -44.696  -77.901  12.129 0.3000000119
17633  -37.292  -78.329  6.277 0.1000000015
17637  -40.318  -79.156  6.430 0.3000000119
17641  -44.093  -78.352  5.733 0.4000000060
17650  -38.443  -78.934  5.811 0.3000000119
17652  -39.814  -79.362  5.248 0.3000000119
17662  -37.959  -78.652  5.511 0.2000000030
17675  -44.126  -78.051  4.074 0.4000000060
17710  -41.566  -78.596  -1.243 0.1000000015
17728  -37.303  -78.699  -1.747 0.1000000015
17730  -38.506  -79.241  -1.024 0.1000000015
17752  -38.979  -78.277  -3.323 0.1000000015
17753  -39.520  -78.429  -3.176 0.1000000015
17771  -38.208  -78.257  -4.005 0.1000000015
17774  -40.176  -79.284  -3.171 0.1000000015
17796  -38.132  -78.266  -4.377 0.1000000015
17892  -38.285  -78.116  -8.555 0.1000000015
18495  -40.488  -77.776  20.887 0.3000000119
18524  -37.888  -77.422  18.601 0.3000000119
18535  -38.144  -78.201  17.004 0.3000000119
18546  -34.965  -77.623  16.749 0.1000000015
18548  -38.132  -77.857  16.379 0.3000000119
18560  -39.331  -78.233  15.197 0.2000000030
18574  -38.826  -77.380  14.906 0.3000000119
18588  -35.316  -78.065  14.137 0.1000000015
18593  -44.005  -77.603  12.848 0.3000000119
18670  -44.820  -77.213  6.449 0.2000000030
18688  -43.165  -78.361  6.556 0.2000000030
18703  -44.579  -77.631  5.011 0.4000000060
18724  -44.315  -77.954  4.168 0.4000000060
18740  -44.207  -77.747  3.668 0.4000000060
18741  -44.581  -77.316  3.441 0.4000000060
18752  -44.391  -77.283  2.968 0.4000000060
18780  -39.133  -77.317  0.280 0.2000000030
18797  -37.540  -77.632  -0.795 0.1000000015
19559  -43.102  -76.551  21.831 0.1000000015
19626  -37.770  -77.226  16.354 0.3000000119
19671  -38.422  -76.234  14.196 0.4000000060
19683  -41.956  -76.030  12.804 0.3000000119
19685  -43.877  -76.581  12.617 0.3000000119
19762  -44.442  -76.892  7.133 0.2000000030
19763  -44.912  -76.805  6.790 0.3000000119
19774  -44.940  -76.866  6.295 0.5000000000
19783  -44.561  -76.572  5.318 0.5000000000
19799  -44.356  -76.718  4.527 0.5000000000
19815  -42.844  -77.526  3.076 0.4000000060
19817  -44.135  -76.502  3.619 0.4000000060
19871  -37.515  -77.030  -0.273 0.2000000030
19902  -38.721  -77.247  -2.575 0.1000000015
19905  -41.595  -77.438  -2.247 0.1000000015
19959  -38.750  -76.779  -6.241 0.1000000015
20002  -37.428  -76.506  -8.339 0.1000000015
20030  -37.541  -76.744  -8.701 0.1000000015
20031  -37.825  -76.574  -8.768 0.1000000015
20677  -45.809  -74.646  19.679 0.1000000015
20742  -39.685  -75.872  13.248 0.4000000060
20774  -44.539  -75.203  10.356 0.4000000060
20784  -40.433  -76.142  9.633 0.1000000015
20788  -43.689  -75.049  9.449 0.5000000000
20821  -44.490  -75.261  5.782 0.5000000000
20829  -40.674  -75.267  4.845 0.4000000060
20833  -44.420  -75.769  5.684 0.5000000000
20873  -33.433  -75.946  0.601 0.1000000015
20879  -39.421  -76.118  2.274 0.2000000030
20888  -33.757  -75.936  -0.303 0.1000000015
20895  -43.276  -75.220  0.447 0.2000000030
20914  -43.159  -75.342  0.084 0.2000000030
21023  -37.296  -75.503  -7.213 0.1000000015
21077  -37.983  -76.137  -8.564 0.1000000015
21739  -46.976  -74.018  19.782 0.1000000015
21747  -37.698  -74.830  18.536 0.3000000119
21757  -47.423  -73.792  19.165 0.1000000015
21760  -36.016  -74.115  17.142 0.3000000119
21780  -35.759  -74.067  16.539 0.3000000119
21793  -35.551  -73.966  15.966 0.3000000119
21811  -36.132  -74.289  13.977 0.3000000119
21828  -41.499  -74.627  12.118 0.4000000060
21842  -41.917  -73.939  11.638 0.4000000060
21865  -43.566  -74.984  8.936 0.5000000000
21890  -42.752  -75.242  5.704 0.5000000000
21891  -44.700  -75.332  5.868 0.5000000000
21892  -44.850  -75.483  5.995 0.4000000060
21896  -38.694  -74.180  4.054 0.4000000060
21898  -40.610  -74.864  3.622 0.4000000060
21900  -38.843  -73.775  3.688 0.4000000060
21903  -41.600  -74.541  2.852 0.4000000060
21908  -43.438  -75.204  1.528 0.3000000119
21933  -42.391  -74.004  0.200 0.3000000119
21934  -42.842  -74.531  0.416 0.2000000030
21935  -43.164  -74.793  0.735 0.3000000119
22019  -32.251  -74.238  -5.296 0.1000000015
22765  -47.167  -73.421  19.890 0.1000000015
22836  -34.558  -73.113  14.547 0.4000000060
22845  -34.603  -72.994  13.980 0.4000000060
22848  -36.956  -73.930  13.106 0.5000000000
22873  -42.320  -73.308  11.147 0.4000000060
22884  -42.683  -72.843  10.579 0.5000000000
22897  -38.683  -73.167  7.118 0.5000000000
22927  -37.390  -73.203  4.036 0.5000000000
22928  -37.910  -73.472  3.956 0.3000000119
22947  -41.357  -73.242  2.237 0.4000000060
22964  -42.046  -73.379  0.977 0.3000000119
22982  -41.196  -73.103  0.217 0.2000000030
22999  -40.558  -73.864  -0.320 0.1000000015
23034  -32.706  -72.821  -3.077 0.1000000015
23079  -32.182  -74.074  -5.128 0.1000000015
23082  -36.581  -72.832  -4.710 0.1000000015
23147  -39.338  -74.194  -7.557 0.1000000015
23148  -39.958  -74.219  -7.528 0.1000000015
23847  -35.702  -72.991  17.217 0.3000000119
23868  -41.476  -72.433  16.380 0.2000000030
23908  -35.112  -72.862  13.239 0.5000000000
23918  -34.599  -72.057  12.922 0.5000000000
23931  -36.717  -71.969  11.771 0.5000000000
23942  -39.963  -72.150  10.290 0.5000000000
23943  -40.971  -72.254  10.200 0.4000000060
23945  -42.962  -72.518  9.955 0.5000000000
23956  -44.072  -72.893  9.310 0.6000000238
23969  -42.402  -72.185  8.723 0.6000000238
23979  -38.522  -72.660  7.580 0.5000000000
23985  -44.557  -73.426  8.199 0.5000000000
24008  -37.880  -72.833  3.721 0.3000000119
24058  -41.299  -72.779  0.671 0.2000000030
24107  -33.378  -72.361  -2.633 0.1000000015
24160  -36.956  -72.225  -4.657 0.1000000015
24161  -37.486  -72.069  -4.922 0.1000000015
24181  -37.356  -72.401  -5.066 0.1000000015
24931  -36.029  -71.502  16.972 0.3000000119
24949  -33.643  -70.662  14.879 0.4000000060
24951  -37.644  -71.000  16.608 0.2000000030
24994  -36.416  -71.856  11.820 0.5000000000
25005  -39.282  -72.030  10.470 0.5000000000
25010  -37.901  -71.673  10.391 0.5000000000
25014  -41.077  -72.187  9.803 0.4000000060
25026  -39.775  -72.346  9.065 0.5000000000
25027  -40.146  -72.316  9.039 0.5000000000
25029  -41.862  -72.038  8.995 0.6000000238
25038  -34.973  -71.287  8.593 0.4000000060
25053  -38.125  -72.211  8.002 0.5000000000
25060  -35.455  -71.921  7.046 0.4000000060
25082  -37.448  -71.454  3.860 0.3000000119
25111  -40.584  -71.902  1.541 0.2000000030
25191  -37.723  -70.993  -4.533 0.1000000015
25972  -34.729  -70.748  16.241 0.4000000060
25974  -36.681  -70.803  16.617 0.3000000119
25975  -37.241  -70.882  16.608 0.3000000119
25989  -33.797  -70.312  15.190 0.3000000119
25997  -41.232  -70.848  15.346 0.2000000030
26007  -33.915  -69.616  15.084 0.3000000119
26027  -33.702  -70.738  13.112 0.4000000060
26069  -38.539  -71.822  9.726 0.5000000000
26082  -38.738  -72.074  9.198 0.5000000000
26083  -39.424  -72.312  8.997 0.5000000000
26084  -40.021  -72.083  9.071 0.5000000000
26090  -33.656  -70.407  8.293 0.4000000060
26093  -38.108  -71.883  8.945 0.4000000060
26095  -39.152  -72.330  8.931 0.5000000000
26115  -33.507  -69.680  5.667 0.2000000030
26122  -34.671  -69.992  4.667 0.2000000030
26132  -37.152  -70.971  4.023 0.3000000119
26214  -33.002  -69.894  -1.870 0.1000000015
26241  -36.033  -69.984  -2.960 0.1000000015
27077  -43.440  -69.949  14.124 0.1000000015
27110  -34.079  -70.562  11.752 0.4000000060
27172  -33.280  -69.057  5.823 0.2000000030
27293  -32.854  -68.973  -2.008 0.1000000015
28069  -34.789  -68.778  15.216 0.3000000119
28096  -35.362  -68.299  14.998 0.3000000119
28118  -37.670  -67.394  14.700 0.1000000015
29134  -33.641  -67.612  14.009 0.1000000015
29155  -33.687  -67.099  13.686 0.1000000015
29184  -33.344  -66.976  13.103 0.1000000015
29266  -35.470  -67.837  4.526 0.2000000030
29340  -33.470  -67.252  -1.910 0.1000000015
29374  -32.831  -67.667  -3.186 0.1000000015
30244  -34.755  -65.642  12.956 0.1000000015
30272  -34.850  -65.593  9.659 0.1000000015
30310  -33.580  -66.174  6.840 0.1000000015
30345  -34.000  -66.649  5.500 0.1000000015
30358  -35.337  -66.516  4.467 0.1000000015
30373  -35.235  -66.202  3.652 0.1000000015
30467  -32.945  -66.792  -2.816 0.1000000015
31288  -37.965  -65.794  13.318 0.1000000015
31323  -33.665  -65.878  11.100 0.1000000015
31376  -41.364  -65.787  8.960 0.1000000015
31415  -33.768  -65.710  6.819 0.1000000015
31459  -35.200  -65.990  4.384 0.1000000015
31574  -35.382  -65.247  -1.837 0.1000000015
31595  -32.950  -66.194  -3.003 0.1000000015
31612  -32.927  -66.418  -3.196 0.1000000015
32413  -37.666  -64.575  11.209 0.1000000015
32433  -38.241  -64.706  10.627 0.1000000015
32450  -39.647  -65.203  9.816 0.1000000015
32471  -34.900  -64.249  8.012 0.1000000015
32493  -35.009  -63.865  7.870 0.1000000015
32494  -38.636  -65.395  7.945 0.1000000015
33499  -36.155  -63.537  8.489 0.1000000015
33512  -35.356  -63.414  7.873 0.1000000015
33523  -35.215  -63.117  7.371 0.1000000015
33608  -36.679  -63.610  1.061 0.1000000015
34582  -35.655  -63.148  8.012 0.1000000015
34583  -35.959  -62.976  8.196 0.1000000015
35656  -35.670  -61.866  6.800 0.1000000015
35727  -34.805  -61.949  2.946 0.1000000015
35728  -35.275  -61.663  2.652 0.1000000015
35748  -37.276  -61.579  1.465 0.1000000015
36759  -34.759  -61.231  4.088 0.1000000015
