#!ascii label  , from subject sub-1633992 vox2ras=TkReg
525
17656  -44.307  -78.171  5.151 0.0000000000
19902  -38.721  -77.247  -2.575 0.0000000000
22921  -38.345  -74.244  5.506 0.0000000000
19874  -43.183  -75.614  0.118 0.0000000000
25109  -38.904  -70.966  1.563 0.0000000000
22886  -44.282  -73.373  10.126 0.0000000000
26068  -37.613  -71.557  10.154 0.0000000000
22824  -35.121  -73.585  15.727 0.0000000000
23998  -35.618  -72.455  5.226 0.0000000000
24016  -39.372  -72.189  3.235 0.0000000000
28211  -37.538  -68.958  4.008 0.0000000000
25013  -40.146  -72.165  9.591 0.0000000000
21826  -39.461  -74.373  12.277 0.0000000000
25991  -35.423  -69.971  16.084 0.0000000000
26026  -33.470  -70.225  13.685 0.0000000000
19813  -40.990  -77.094  3.342 0.0000000000
20928  -41.378  -75.993  -1.442 0.0000000000
17709  -41.011  -78.807  -0.699 0.0000000000
16744  -40.398  -79.561  -2.988 0.0000000000
20831  -42.389  -75.709  5.083 0.0000000000
19830  -44.257  -76.655  2.724 0.0000000000
24044  -41.557  -72.810  1.035 0.0000000000
21930  -38.703  -73.938  0.168 0.0000000000
23982  -42.033  -72.580  7.906 0.0000000000
25052  -37.887  -72.167  8.002 0.0000000000
25049  -34.931  -71.396  8.116 0.0000000000
20731  -37.881  -75.897  14.293 0.0000000000
22857  -35.916  -73.141  12.855 0.0000000000
27138  -34.196  -70.394  10.718 0.0000000000
28177  -32.863  -68.424  7.620 0.0000000000
19860  -41.752  -76.865  0.777 0.0000000000
24136  -39.859  -72.635  -3.827 0.0000000000
20979  -38.062  -75.727  -4.616 0.0000000000
18919  -38.710  -77.631  -7.405 0.0000000000
25075  -34.746  -70.931  4.812 0.0000000000
26124  -36.737  -70.400  4.223 0.0000000000
18723  -42.853  -78.212  4.031 0.0000000000
20927  -40.236  -76.072  -1.457 0.0000000000
18835  -41.110  -77.767  -2.505 0.0000000000
18834  -40.019  -77.779  -2.737 0.0000000000
16742  -39.339  -79.445  -3.716 0.0000000000
18846  -38.621  -78.018  -3.425 0.0000000000
21888  -40.905  -75.120  5.553 0.0000000000
21897  -39.896  -74.779  4.044 0.0000000000
26150  -39.368  -70.628  2.689 0.0000000000
24026  -40.558  -71.852  2.130 0.0000000000
24042  -40.254  -72.046  1.197 0.0000000000
22981  -40.298  -73.323  0.151 0.0000000000
24055  -38.788  -72.539  0.830 0.0000000000
22902  -43.842  -73.366  7.295 0.0000000000
23970  -43.686  -72.679  8.678 0.0000000000
25012  -39.250  -71.909  10.095 0.0000000000
25043  -39.550  -72.289  8.803 0.0000000000
25025  -37.754  -71.801  9.006 0.0000000000
25051  -36.909  -72.068  7.902 0.0000000000
25023  -36.356  -71.541  9.218 0.0000000000
21800  -36.195  -74.663  14.872 0.0000000000
21812  -36.974  -74.440  13.530 0.0000000000
22846  -35.270  -73.417  13.738 0.0000000000
28137  -33.237  -68.719  12.543 0.0000000000
27109  -33.590  -69.912  12.033 0.0000000000
28156  -33.375  -69.044  10.871 0.0000000000
27145  -33.517  -69.936  9.667 0.0000000000
19845  -43.815  -76.303  1.748 0.0000000000
19844  -43.359  -76.720  1.511 0.0000000000
19861  -42.676  -76.710  0.588 0.0000000000
18799  -39.629  -78.186  -0.062 0.0000000000
24137  -40.684  -72.230  -4.338 0.0000000000
21996  -38.563  -74.398  -4.164 0.0000000000
19981  -39.384  -76.306  -6.761 0.0000000000
22908  -37.004  -73.569  5.211 0.0000000000
22929  -38.529  -73.685  3.776 0.0000000000
24007  -37.255  -72.581  3.926 0.0000000000
25083  -38.152  -71.267  3.665 0.0000000000
26149  -38.773  -69.710  2.691 0.0000000000
23944  -42.015  -72.406  10.082 0.0000000000
22871  -40.243  -73.246  11.284 0.0000000000
23933  -38.299  -72.636  11.389 0.0000000000
23861  -34.424  -72.226  16.147 0.0000000000
23880  -34.090  -72.450  15.055 0.0000000000
25990  -34.396  -69.996  15.705 0.0000000000
28094  -33.606  -68.121  14.172 0.0000000000
30242  -33.164  -67.044  12.575 0.0000000000
20930  -42.729  -75.985  -0.778 0.0000000000
18819  -42.221  -77.013  -0.665 0.0000000000
18818  -41.929  -77.616  -1.388 0.0000000000
16696  -41.268  -79.133  -1.765 0.0000000000
15711  -39.589  -80.592  -1.677 0.0000000000
15753  -39.252  -81.241  -3.071 0.0000000000
15772  -39.070  -80.734  -3.948 0.0000000000
16787  -38.328  -79.569  -5.892 0.0000000000
19782  -44.106  -76.322  5.132 0.0000000000
18725  -44.539  -77.595  4.165 0.0000000000
20865  -43.655  -75.593  2.202 0.0000000000
21907  -42.874  -74.628  1.697 0.0000000000
22939  -40.838  -73.126  2.711 0.0000000000
22948  -41.991  -73.632  1.555 0.0000000000
22984  -42.364  -73.822  0.592 0.0000000000
21950  -41.093  -74.323  -0.608 0.0000000000
21949  -40.092  -74.430  -0.452 0.0000000000
20909  -38.413  -75.131  -0.864 0.0000000000
21879  -44.634  -74.920  6.072 0.0000000000
22913  -42.033  -73.828  6.692 0.0000000000
22911  -39.769  -73.866  6.686 0.0000000000
25045  -41.582  -72.116  8.883 0.0000000000
23980  -39.727  -72.736  7.815 0.0000000000
22910  -38.604  -73.679  6.565 0.0000000000
23990  -36.583  -73.051  6.143 0.0000000000
23988  -34.890  -71.900  6.242 0.0000000000
26109  -33.888  -70.847  6.540 0.0000000000
20741  -38.488  -75.562  13.559 0.0000000000
22859  -37.913  -73.610  12.289 0.0000000000
25002  -36.629  -71.593  11.391 0.0000000000
24982  -34.010  -71.483  13.256 0.0000000000
26047  -34.823  -71.213  11.852 0.0000000000
26066  -35.463  -71.173  10.582 0.0000000000
26078  -34.479  -70.740  9.632 0.0000000000
27157  -33.056  -69.554  7.984 0.0000000000
18750  -43.245  -77.617  3.166 0.0000000000
19827  -41.739  -76.815  2.453 0.0000000000
18782  -41.222  -77.375  0.216 0.0000000000
18781  -40.189  -77.460  0.341 0.0000000000
22978  -37.451  -73.073  0.449 0.0000000000
21947  -37.726  -74.195  -0.295 0.0000000000
20925  -37.772  -75.476  -1.702 0.0000000000
21995  -37.776  -74.589  -3.476 0.0000000000
19901  -37.868  -76.653  -3.060 0.0000000000
18864  -37.958  -77.634  -4.928 0.0000000000
17827  -38.299  -78.646  -5.590 0.0000000000
27181  -34.240  -69.214  4.819 0.0000000000
26123  -35.550  -70.221  4.445 0.0000000000
17667  -43.042  -78.545  4.496 0.0000000000
17668  -44.009  -78.290  4.494 0.0000000000
19887  -39.671  -76.926  -2.159 0.0000000000
19903  -39.376  -77.487  -2.584 0.0000000000
18833  -39.078  -77.876  -2.951 0.0000000000
18832  -38.401  -77.535  -3.151 0.0000000000
21887  -39.986  -75.001  5.156 0.0000000000
20839  -40.332  -75.125  4.519 0.0000000000
21886  -39.020  -74.616  4.892 0.0000000000
26165  -39.281  -70.440  2.110 0.0000000000
25110  -39.981  -71.173  1.658 0.0000000000
24041  -39.373  -71.807  1.219 0.0000000000
21855  -44.477  -74.352  9.976 0.0000000000
22890  -44.466  -73.540  9.254 0.0000000000
23971  -44.373  -73.160  8.649 0.0000000000
23946  -43.703  -72.770  9.835 0.0000000000
25011  -38.322  -71.756  10.280 0.0000000000
26081  -37.954  -71.786  9.336 0.0000000000
25024  -37.212  -71.709  9.093 0.0000000000
26080  -36.875  -71.533  9.676 0.0000000000
22807  -35.323  -73.499  16.483 0.0000000000
21781  -36.165  -74.683  16.631 0.0000000000
21794  -35.998  -74.553  15.795 0.0000000000
20729  -36.424  -75.011  15.383 0.0000000000
21799  -35.581  -74.091  15.289 0.0000000000
21810  -35.612  -74.065  14.533 0.0000000000
22837  -35.026  -73.658  14.868 0.0000000000
29198  -33.208  -67.829  12.056 0.0000000000
28146  -33.351  -68.866  11.596 0.0000000000
28167  -33.196  -68.872  10.114 0.0000000000
29215  -33.041  -67.646  9.635 0.0000000000
19862  -43.436  -76.093  0.710 0.0000000000
22027  -39.901  -74.641  -5.701 0.0000000000
21000  -39.550  -75.778  -6.425 0.0000000000
22053  -40.105  -74.978  -6.473 0.0000000000
23999  -36.458  -73.091  4.777 0.0000000000
22919  -37.195  -73.407  4.402 0.0000000000
24006  -36.277  -72.275  4.419 0.0000000000
26125  -37.446  -69.920  4.150 0.0000000000
26133  -37.684  -70.527  3.950 0.0000000000
27193  -37.899  -69.521  3.892 0.0000000000
26134  -38.620  -70.320  3.394 0.0000000000
27194  -38.323  -69.264  3.330 0.0000000000
23934  -39.487  -72.460  10.849 0.0000000000
22869  -38.433  -73.312  11.871 0.0000000000
23862  -35.390  -72.598  17.012 0.0000000000
24930  -35.026  -71.500  16.692 0.0000000000
24929  -34.422  -71.407  16.218 0.0000000000
29154  -33.404  -67.792  13.703 0.0000000000
19826  -40.216  -76.450  2.591 0.0000000000
20929  -42.290  -75.919  -1.177 0.0000000000
19890  -42.320  -76.596  -1.027 0.0000000000
19889  -41.847  -76.908  -1.859 0.0000000000
17754  -40.479  -78.737  -2.937 0.0000000000
17755  -41.290  -78.541  -2.416 0.0000000000
16720  -40.850  -79.409  -2.368 0.0000000000
15733  -40.285  -80.066  -2.702 0.0000000000
15732  -39.881  -80.714  -2.370 0.0000000000
15773  -39.327  -80.232  -3.852 0.0000000000
16763  -38.803  -79.690  -4.453 0.0000000000
15793  -38.406  -80.820  -5.136 0.0000000000
20832  -43.496  -75.801  5.381 0.0000000000
19798  -43.784  -76.348  4.506 0.0000000000
20864  -42.597  -74.977  2.592 0.0000000000
22937  -38.810  -73.174  3.542 0.0000000000
21901  -39.453  -73.935  3.495 0.0000000000
22938  -39.973  -73.106  3.157 0.0000000000
24018  -40.945  -72.702  2.335 0.0000000000
24028  -41.649  -73.062  1.310 0.0000000000
22965  -42.524  -73.963  0.977 0.0000000000
22983  -41.864  -73.366  0.401 0.0000000000
21951  -42.032  -74.064  -0.317 0.0000000000
21931  -39.562  -73.897  -0.028 0.0000000000
21932  -40.118  -73.841  -0.209 0.0000000000
21948  -38.989  -74.559  -0.283 0.0000000000
20910  -39.569  -75.315  -0.801 0.0000000000
22901  -42.680  -73.208  7.287 0.0000000000
22914  -43.203  -73.867  6.595 0.0000000000
22912  -40.891  -73.872  6.743 0.0000000000
22900  -41.488  -73.214  7.324 0.0000000000
23953  -41.433  -72.199  9.699 0.0000000000
23954  -42.177  -72.195  9.422 0.0000000000
25028  -41.110  -72.173  9.237 0.0000000000
25042  -38.481  -72.111  8.581 0.0000000000
23966  -39.033  -72.444  8.217 0.0000000000
23965  -38.451  -72.299  7.935 0.0000000000
22898  -39.263  -73.234  7.224 0.0000000000
23992  -38.395  -73.136  7.010 0.0000000000
23991  -37.816  -73.135  6.755 0.0000000000
23978  -37.328  -72.549  7.255 0.0000000000
25050  -35.782  -71.774  7.692 0.0000000000
23976  -35.746  -72.043  7.065 0.0000000000
25059  -34.815  -71.648  6.973 0.0000000000
25067  -34.488  -71.429  5.793 0.0000000000
22847  -36.370  -73.777  13.300 0.0000000000
21824  -37.486  -74.122  12.926 0.0000000000
22858  -36.920  -73.453  12.598 0.0000000000
23921  -37.478  -72.890  11.980 0.0000000000
23920  -36.465  -72.436  12.128 0.0000000000
24966  -33.599  -70.958  14.242 0.0000000000
24967  -33.815  -71.974  14.266 0.0000000000
24981  -33.641  -70.860  13.565 0.0000000000
27125  -34.318  -70.567  11.262 0.0000000000
26056  -34.491  -70.851  11.635 0.0000000000
27126  -34.746  -70.861  11.075 0.0000000000
26057  -35.148  -71.112  11.226 0.0000000000
27139  -34.771  -70.850  10.830 0.0000000000
27147  -34.753  -70.852  10.319 0.0000000000
27146  -34.075  -70.400  10.210 0.0000000000
28170  -32.916  -68.857  8.928 0.0000000000
27151  -33.347  -69.867  8.819 0.0000000000
27165  -32.991  -69.259  6.871 0.0000000000
18753  -44.569  -77.101  3.058 0.0000000000
18751  -43.838  -77.527  2.997 0.0000000000
19843  -42.382  -76.824  1.533 0.0000000000
19842  -41.162  -76.590  1.593 0.0000000000
19859  -40.674  -76.807  0.811 0.0000000000
18801  -41.717  -77.777  -0.474 0.0000000000
18802  -42.314  -76.953  -0.147 0.0000000000
18798  -38.465  -77.726  -0.275 0.0000000000
24039  -37.515  -71.829  1.192 0.0000000000
24053  -36.936  -72.394  0.695 0.0000000000
21963  -37.349  -74.499  -1.261 0.0000000000
20908  -37.763  -74.861  -1.005 0.0000000000
21976  -37.297  -74.446  -2.303 0.0000000000
22025  -38.113  -75.012  -4.247 0.0000000000
20956  -37.676  -75.677  -3.733 0.0000000000
19917  -37.715  -76.505  -4.067 0.0000000000
18845  -37.986  -77.656  -3.918 0.0000000000
19936  -37.933  -76.687  -4.948 0.0000000000
18893  -38.524  -77.685  -6.508 0.0000000000
18892  -38.241  -77.687  -5.682 0.0000000000
25068  -35.005  -71.750  5.128 0.0000000000
25076  -35.722  -71.424  4.483 0.0000000000
27183  -36.298  -69.312  4.396 0.0000000000
27184  -37.207  -69.377  4.201 0.0000000000
27046  -35.188  -69.229  15.599 0.0000000000
27069  -35.844  -68.864  15.213 0.0000000000
18738  -42.659  -77.830  3.634 0.0000000000
19904  -41.401  -77.245  -2.272 0.0000000000
18816  -40.620  -77.317  -2.401 0.0000000000
16743  -39.912  -79.689  -3.347 0.0000000000
17773  -39.735  -79.059  -3.378 0.0000000000
17772  -38.735  -78.642  -3.811 0.0000000000
21889  -41.866  -75.171  5.656 0.0000000000
20830  -41.428  -75.467  4.907 0.0000000000
20840  -40.908  -75.301  4.052 0.0000000000
20850  -40.991  -74.926  3.460 0.0000000000
25085  -39.601  -71.354  2.912 0.0000000000
24017  -40.343  -72.210  2.570 0.0000000000
25094  -40.088  -71.294  2.305 0.0000000000
25095  -40.517  -71.674  1.885 0.0000000000
24043  -40.978  -72.328  1.122 0.0000000000
24057  -40.671  -72.618  0.655 0.0000000000
24056  -39.785  -72.555  0.729 0.0000000000
22980  -39.213  -73.279  0.419 0.0000000000
23983  -43.236  -72.727  7.966 0.0000000000
26071  -39.759  -72.315  9.108 0.0000000000
26070  -39.276  -72.134  9.431 0.0000000000
26094  -38.614  -72.036  8.963 0.0000000000
25041  -37.586  -71.889  8.627 0.0000000000
25040  -36.567  -71.714  8.577 0.0000000000
25039  -35.480  -71.375  8.781 0.0000000000
20730  -37.036  -75.569  14.985 0.0000000000
20740  -37.430  -75.244  13.934 0.0000000000
21801  -36.711  -74.893  14.223 0.0000000000
22856  -35.386  -72.981  13.111 0.0000000000
27090  -33.281  -69.468  13.143 0.0000000000
26045  -33.542  -70.254  12.831 0.0000000000
27124  -33.693  -69.784  11.160 0.0000000000
27137  -33.613  -69.780  10.492 0.0000000000
29219  -32.990  -67.475  8.374 0.0000000000
19829  -43.982  -77.059  2.279 0.0000000000
17708  -40.128  -78.999  -0.443 0.0000000000
24162  -40.408  -72.961  -4.533 0.0000000000
23061  -39.758  -73.418  -4.293 0.0000000000
23060  -38.762  -73.554  -3.657 0.0000000000
23083  -39.283  -74.013  -4.431 0.0000000000
22026  -38.994  -74.818  -4.981 0.0000000000
20980  -38.613  -75.827  -5.390 0.0000000000
19937  -38.497  -76.476  -5.644 0.0000000000
19960  -39.219  -76.228  -6.373 0.0000000000
19980  -39.082  -76.947  -7.062 0.0000000000
22920  -37.638  -74.029  4.832 0.0000000000
21885  -38.312  -74.299  4.724 0.0000000000
21895  -38.092  -74.051  4.365 0.0000000000
22936  -38.199  -72.949  3.646 0.0000000000
24015  -38.290  -72.260  3.563 0.0000000000
25077  -36.737  -71.534  4.120 0.0000000000
24014  -37.765  -71.884  3.684 0.0000000000
25084  -38.945  -71.317  3.388 0.0000000000
26135  -39.220  -70.840  3.150 0.0000000000
22885  -43.563  -72.991  10.438 0.0000000000
23936  -41.118  -72.660  10.686 0.0000000000
22872  -41.255  -73.187  11.125 0.0000000000
23935  -40.498  -72.619  10.730 0.0000000000
23941  -39.509  -72.055  10.399 0.0000000000
25004  -38.761  -72.032  10.638 0.0000000000
25003  -37.743  -71.768  10.835 0.0000000000
22806  -34.856  -73.053  16.239 0.0000000000
22823  -34.589  -73.069  15.456 0.0000000000
24950  -33.876  -71.204  15.439 0.0000000000
26006  -33.570  -70.147  14.585 0.0000000000
27045  -34.468  -69.288  15.373 0.0000000000
27068  -34.168  -68.995  14.992 0.0000000000
27067  -33.517  -69.139  14.320 0.0000000000
28117  -33.270  -68.490  13.500 0.0000000000
29183  -33.156  -67.703  13.049 0.0000000000
30261  -33.236  -66.673  11.693 0.0000000000
20913  -42.879  -75.163  -0.313 0.0000000000
19873  -42.835  -76.282  -0.235 0.0000000000
16673  -41.056  -79.241  -1.236 0.0000000000
16694  -39.965  -80.179  -1.202 0.0000000000
15754  -39.761  -80.393  -3.286 0.0000000000
14779  -38.451  -81.612  -3.895 0.0000000000
14800  -38.030  -81.654  -4.762 0.0000000000
15792  -37.935  -80.804  -5.999 0.0000000000
19784  -44.821  -77.047  5.573 0.0000000000
17669  -44.401  -77.978  4.562 0.0000000000
19800  -44.647  -77.153  4.737 0.0000000000
19818  -44.612  -77.076  3.912 0.0000000000
19831  -44.608  -76.962  3.285 0.0000000000
20852  -43.161  -75.770  3.381 0.0000000000
20853  -43.973  -76.091  2.950 0.0000000000
20880  -43.620  -75.553  1.255 0.0000000000
21919  -43.350  -74.946  1.098 0.0000000000
21902  -40.787  -74.248  3.081 0.0000000000
21905  -41.219  -73.664  2.588 0.0000000000
22949  -42.582  -74.196  1.291 0.0000000000
21918  -42.951  -74.485  1.030 0.0000000000
20894  -43.089  -74.956  0.161 0.0000000000
21952  -42.596  -74.413  -0.024 0.0000000000
20912  -41.828  -75.023  -0.969 0.0000000000
23000  -41.161  -73.615  -0.229 0.0000000000
20911  -40.731  -75.210  -0.932 0.0000000000
20926  -38.973  -75.967  -1.461 0.0000000000
20834  -44.872  -76.178  6.043 0.0000000000
20820  -44.159  -75.249  5.717 0.0000000000
21878  -43.598  -74.790  6.020 0.0000000000
22915  -44.285  -74.139  6.658 0.0000000000
21877  -42.478  -74.580  6.178 0.0000000000
21876  -41.406  -74.566  6.219 0.0000000000
21875  -40.343  -74.554  6.112 0.0000000000
21874  -39.288  -74.437  5.881 0.0000000000
23955  -43.250  -72.424  9.326 0.0000000000
25046  -42.005  -72.100  8.805 0.0000000000
23968  -41.318  -72.299  8.499 0.0000000000
25044  -40.666  -72.267  8.856 0.0000000000
23967  -40.217  -72.422  8.447 0.0000000000
23981  -40.887  -72.707  7.892 0.0000000000
22899  -40.338  -73.258  7.312 0.0000000000
22909  -37.606  -73.700  5.870 0.0000000000
23977  -36.292  -72.291  7.088 0.0000000000
23989  -35.484  -72.257  6.459 0.0000000000
23997  -35.028  -72.028  5.750 0.0000000000
26116  -33.902  -70.263  5.363 0.0000000000
21813  -37.735  -74.802  13.302 0.0000000000
21825  -38.413  -74.512  12.737 0.0000000000
22860  -38.691  -73.840  12.160 0.0000000000
23922  -38.022  -73.116  11.869 0.0000000000
23932  -37.243  -72.163  11.613 0.0000000000
26059  -36.935  -71.403  10.742 0.0000000000
23896  -34.229  -72.683  14.249 0.0000000000
23907  -34.557  -72.540  13.498 0.0000000000
23919  -35.284  -72.441  12.698 0.0000000000
26046  -34.065  -70.855  12.310 0.0000000000
24992  -34.731  -71.618  12.441 0.0000000000
24993  -35.719  -71.613  11.892 0.0000000000
25001  -35.928  -71.324  11.359 0.0000000000
26058  -36.118  -71.225  10.943 0.0000000000
26067  -36.434  -71.377  10.333 0.0000000000
26079  -35.594  -71.288  9.781 0.0000000000
26092  -35.004  -71.160  9.293 0.0000000000
26091  -34.550  -71.000  8.728 0.0000000000
26077  -33.861  -70.445  9.074 0.0000000000
26101  -34.154  -70.976  7.684 0.0000000000
26100  -33.397  -70.230  7.273 0.0000000000
26108  -33.356  -69.942  6.223 0.0000000000
17674  -43.830  -78.136  4.078 0.0000000000
18739  -43.453  -77.953  3.728 0.0000000000
19814  -42.193  -77.345  3.149 0.0000000000
19828  -43.039  -77.266  2.441 0.0000000000
18783  -41.979  -77.101  0.140 0.0000000000
18800  -40.725  -78.209  -0.075 0.0000000000
28210  -36.933  -68.419  4.170 0.0000000000
27209  -38.228  -68.884  2.931 0.0000000000
26148  -37.930  -69.450  2.458 0.0000000000
26164  -38.341  -70.184  2.026 0.0000000000
25108  -37.824  -71.022  1.623 0.0000000000
24040  -38.377  -71.761  1.214 0.0000000000
24054  -37.842  -72.515  0.839 0.0000000000
22979  -38.148  -73.351  0.448 0.0000000000
22997  -36.994  -73.383  -0.064 0.0000000000
22998  -37.540  -73.539  0.165 0.0000000000
19886  -38.398  -76.450  -2.174 0.0000000000
23059  -37.791  -73.750  -2.931 0.0000000000
20941  -37.517  -75.524  -2.773 0.0000000000
19885  -37.818  -76.049  -2.409 0.0000000000
17797  -38.355  -78.770  -4.646 0.0000000000
17826  -38.091  -78.258  -5.057 0.0000000000
15713  -40.484  -80.182  -2.156 0.0000000000
16721  -41.315  -78.909  -2.144 0.0000000000
16764  -39.463  -79.927  -3.720 0.0000000000
17675  -44.126  -78.051  4.074 0.0000000000
17710  -41.566  -78.596  -1.243 0.0000000000
17752  -38.979  -78.277  -3.323 0.0000000000
17753  -39.520  -78.429  -3.176 0.0000000000
17771  -38.208  -78.257  -4.005 0.0000000000
17774  -40.176  -79.284  -3.171 0.0000000000
17796  -38.132  -78.266  -4.377 0.0000000000
18703  -44.579  -77.631  5.011 0.0000000000
18724  -44.315  -77.954  4.168 0.0000000000
18740  -44.207  -77.747  3.668 0.0000000000
18741  -44.581  -77.316  3.441 0.0000000000
18752  -44.391  -77.283  2.968 0.0000000000
18817  -41.095  -77.281  -2.373 0.0000000000
19671  -38.422  -76.234  14.196 0.0000000000
19783  -44.561  -76.572  5.318 0.0000000000
19799  -44.356  -76.718  4.527 0.0000000000
19815  -42.844  -77.526  3.076 0.0000000000
19888  -40.957  -76.794  -2.089 0.0000000000
20821  -44.490  -75.261  5.782 0.0000000000
20829  -40.674  -75.267  4.845 0.0000000000
20833  -44.420  -75.769  5.684 0.0000000000
20895  -43.276  -75.220  0.447 0.0000000000
20914  -43.159  -75.342  0.084 0.0000000000
21780  -35.759  -74.067  16.539 0.0000000000
21793  -35.551  -73.966  15.966 0.0000000000
21811  -36.132  -74.289  13.977 0.0000000000
21890  -42.752  -75.242  5.704 0.0000000000
21891  -44.700  -75.332  5.868 0.0000000000
21896  -38.694  -74.180  4.054 0.0000000000
21898  -40.610  -74.864  3.622 0.0000000000
21900  -38.843  -73.775  3.688 0.0000000000
21908  -43.438  -75.204  1.528 0.0000000000
21933  -42.391  -74.004  0.200 0.0000000000
21934  -42.842  -74.531  0.416 0.0000000000
21935  -43.164  -74.793  0.735 0.0000000000
22052  -39.431  -75.368  -5.824 0.0000000000
22836  -34.558  -73.113  14.547 0.0000000000
22845  -34.603  -72.994  13.980 0.0000000000
22848  -36.956  -73.930  13.106 0.0000000000
22897  -38.683  -73.167  7.118 0.0000000000
22927  -37.390  -73.203  4.036 0.0000000000
22928  -37.910  -73.472  3.956 0.0000000000
22947  -41.357  -73.242  2.237 0.0000000000
22964  -42.046  -73.379  0.977 0.0000000000
22999  -40.558  -73.864  -0.320 0.0000000000
23908  -35.112  -72.862  13.239 0.0000000000
23918  -34.599  -72.057  12.922 0.0000000000
23931  -36.717  -71.969  11.771 0.0000000000
23942  -39.963  -72.150  10.290 0.0000000000
23943  -40.971  -72.254  10.200 0.0000000000
23945  -42.962  -72.518  9.955 0.0000000000
23956  -44.072  -72.893  9.310 0.0000000000
23969  -42.402  -72.185  8.723 0.0000000000
23979  -38.522  -72.660  7.580 0.0000000000
24008  -37.880  -72.833  3.721 0.0000000000
24058  -41.299  -72.779  0.671 0.0000000000
24949  -33.643  -70.662  14.879 0.0000000000
24994  -36.416  -71.856  11.820 0.0000000000
25005  -39.282  -72.030  10.470 0.0000000000
25010  -37.901  -71.673  10.391 0.0000000000
25014  -41.077  -72.187  9.803 0.0000000000
25026  -39.775  -72.346  9.065 0.0000000000
25027  -40.146  -72.316  9.039 0.0000000000
25029  -41.862  -72.038  8.995 0.0000000000
25038  -34.973  -71.287  8.593 0.0000000000
25053  -38.125  -72.211  8.002 0.0000000000
25060  -35.455  -71.921  7.046 0.0000000000
25082  -37.448  -71.454  3.860 0.0000000000
25111  -40.584  -71.902  1.541 0.0000000000
25972  -34.729  -70.748  16.241 0.0000000000
25989  -33.797  -70.312  15.190 0.0000000000
26007  -33.915  -69.616  15.084 0.0000000000
26027  -33.702  -70.738  13.112 0.0000000000
26069  -38.539  -71.822  9.726 0.0000000000
26082  -38.738  -72.074  9.198 0.0000000000
26083  -39.424  -72.312  8.997 0.0000000000
26084  -40.021  -72.083  9.071 0.0000000000
26090  -33.656  -70.407  8.293 0.0000000000
26093  -38.108  -71.883  8.945 0.0000000000
26095  -39.152  -72.330  8.931 0.0000000000
26122  -34.671  -69.992  4.667 0.0000000000
26132  -37.152  -70.971  4.023 0.0000000000
26166  -39.759  -70.779  2.200 0.0000000000
27110  -34.079  -70.562  11.752 0.0000000000
27172  -33.280  -69.057  5.823 0.0000000000
28069  -34.789  -68.778  15.216 0.0000000000
28225  -38.129  -68.861  3.287 0.0000000000
28241  -37.997  -68.726  3.246 0.0000000000
29134  -33.641  -67.612  14.009 0.0000000000
29155  -33.687  -67.099  13.686 0.0000000000
29184  -33.344  -66.976  13.103 0.0000000000
