#!ascii label  , from subject sub-1633992 vox2ras=TkReg
393
80890  -29.809  -17.630  0.363 0.0000000000
84685  -29.303  -13.535  -1.826 0.0000000000
94665  -29.038  -2.244  1.684 0.0000000000
91183  -31.752  -6.224  0.303 0.0000000000
87403  -35.187  -10.364  -1.726 0.0000000000
82852  -35.656  -15.662  -1.950 0.0000000000
97084  -27.544  0.526  1.461 0.0000000000
89308  -33.863  -8.459  -0.990 0.0000000000
88329  -30.433  -9.913  -1.171 0.0000000000
82833  -29.872  -15.594  -1.187 0.0000000000
84651  -32.863  -14.152  0.107 0.0000000000
81841  -33.095  -16.632  0.661 0.0000000000
75962  -24.603  -21.994  -0.584 0.0000000000
80905  -28.006  -18.014  -1.362 0.0000000000
101917  -27.815  6.576  2.157 0.0000000000
100413  -29.075  4.584  2.112 0.0000000000
98843  -30.735  2.622  1.424 0.0000000000
97103  -31.911  0.475  0.037 0.0000000000
94706  -32.309  -2.500  -1.683 0.0000000000
93010  -30.098  -4.647  1.627 0.0000000000
93055  -32.932  -5.033  -3.344 0.0000000000
91231  -33.944  -7.209  -4.808 0.0000000000
88402  -35.132  -9.993  -5.989 0.0000000000
86537  -37.473  -11.746  -5.176 0.0000000000
86476  -31.855  -12.062  -0.853 0.0000000000
84687  -35.515  -13.598  -1.790 0.0000000000
89304  -29.774  -8.808  -0.446 0.0000000000
88352  -28.535  -10.151  -1.322 0.0000000000
81838  -30.333  -16.547  -0.157 0.0000000000
82818  -31.732  -15.826  0.186 0.0000000000
81839  -31.235  -16.532  0.456 0.0000000000
71814  -23.964  -25.959  1.851 0.0000000000
72897  -24.148  -25.055  1.251 0.0000000000
74938  -24.890  -23.846  0.672 0.0000000000
80918  -26.629  -17.381  -2.134 0.0000000000
79951  -26.041  -18.291  -1.871 0.0000000000
99677  -30.304  3.534  1.687 0.0000000000
95451  -28.505  -0.477  1.730 0.0000000000
96245  -30.028  0.029  2.010 0.0000000000
95471  -30.309  -1.043  1.850 0.0000000000
96275  -32.171  -0.845  -0.515 0.0000000000
94667  -30.798  -1.883  1.653 0.0000000000
92137  -31.164  -5.920  0.958 0.0000000000
93012  -32.264  -4.429  0.185 0.0000000000
93024  -33.100  -5.129  -1.216 0.0000000000
92177  -33.265  -5.869  -3.850 0.0000000000
91207  -34.132  -6.599  -2.239 0.0000000000
88355  -34.953  -9.386  -1.578 0.0000000000
89335  -35.291  -9.037  -3.436 0.0000000000
88373  -35.495  -9.986  -3.148 0.0000000000
87440  -35.768  -10.903  -5.556 0.0000000000
87419  -35.648  -11.705  -4.187 0.0000000000
85574  -28.861  -12.721  -1.930 0.0000000000
86496  -29.260  -11.929  -1.683 0.0000000000
85576  -30.121  -12.794  -1.523 0.0000000000
83727  -34.975  -14.647  -0.352 0.0000000000
84669  -34.126  -13.667  -0.088 0.0000000000
83756  -35.704  -14.692  -2.340 0.0000000000
83765  -36.658  -14.613  -3.716 0.0000000000
82863  -36.948  -15.662  -3.470 0.0000000000
75948  -25.874  -22.190  -0.034 0.0000000000
76912  -25.140  -21.406  -0.965 0.0000000000
76897  -26.674  -21.297  -0.165 0.0000000000
77991  -27.446  -20.041  -0.895 0.0000000000
90240  -30.260  -7.474  0.363 0.0000000000
90254  -33.370  -7.502  -0.862 0.0000000000
89291  -30.513  -7.942  0.039 0.0000000000
88331  -32.793  -9.506  -0.662 0.0000000000
87383  -33.640  -10.349  -0.592 0.0000000000
83742  -29.188  -14.589  -1.877 0.0000000000
84665  -30.649  -13.905  -1.240 0.0000000000
83724  -31.031  -14.644  -0.970 0.0000000000
83710  -33.160  -14.828  0.409 0.0000000000
82822  -35.087  -15.728  -0.074 0.0000000000
74939  -25.492  -23.211  0.695 0.0000000000
83741  -28.180  -14.525  -1.956 0.0000000000
82850  -28.624  -15.535  -2.165 0.0000000000
80920  -28.260  -16.906  -1.691 0.0000000000
79940  -28.584  -18.068  -0.441 0.0000000000
103320  -28.420  8.576  1.518 0.0000000000
101195  -27.473  5.739  2.039 0.0000000000
101196  -28.465  5.593  2.235 0.0000000000
101211  -30.847  4.871  0.547 0.0000000000
99700  -30.932  3.507  -0.162 0.0000000000
98863  -31.141  2.568  -0.197 0.0000000000
97933  -29.831  1.795  1.779 0.0000000000
97944  -31.148  1.719  1.131 0.0000000000
97966  -31.155  1.555  -1.330 0.0000000000
96298  -31.465  -0.147  -2.280 0.0000000000
95516  -31.856  -1.699  -2.893 0.0000000000
94719  -31.803  -2.872  -3.411 0.0000000000
93850  -29.525  -2.741  1.611 0.0000000000
93867  -31.899  -3.419  0.692 0.0000000000
93895  -32.358  -3.396  -2.331 0.0000000000
93907  -31.748  -4.089  -4.081 0.0000000000
92182  -32.388  -5.470  -5.443 0.0000000000
91238  -34.449  -7.303  -6.756 0.0000000000
91208  -34.578  -7.273  -2.545 0.0000000000
90299  -34.405  -7.961  -5.010 0.0000000000
87400  -28.894  -11.072  -1.617 0.0000000000
87381  -31.563  -11.004  -1.002 0.0000000000
86478  -33.516  -11.456  -0.371 0.0000000000
85556  -32.440  -12.735  -0.509 0.0000000000
85558  -34.379  -12.437  -0.424 0.0000000000
86480  -35.123  -11.465  -1.215 0.0000000000
85592  -35.863  -12.979  -4.155 0.0000000000
84715  -37.997  -13.100  -4.491 0.0000000000
78999  -27.004  -19.339  -1.506 0.0000000000
79939  -28.099  -18.508  -0.857 0.0000000000
79926  -28.878  -18.337  0.328 0.0000000000
81837  -29.698  -17.028  -0.270 0.0000000000
80891  -30.730  -17.341  0.651 0.0000000000
80892  -31.577  -17.320  0.992 0.0000000000
72870  -24.090  -25.359  1.440 0.0000000000
95469  -28.353  -1.171  1.538 0.0000000000
95453  -29.597  -0.568  1.963 0.0000000000
95470  -29.384  -1.316  1.871 0.0000000000
95472  -31.188  -1.156  1.368 0.0000000000
91182  -30.847  -6.812  0.604 0.0000000000
92136  -29.924  -5.982  1.494 0.0000000000
91184  -32.198  -5.833  0.006 0.0000000000
92149  -32.493  -5.356  -0.229 0.0000000000
92150  -33.070  -5.566  -0.840 0.0000000000
92161  -33.407  -5.571  -1.716 0.0000000000
91199  -33.535  -6.445  -1.141 0.0000000000
88356  -35.352  -9.730  -2.322 0.0000000000
87404  -35.579  -10.721  -2.587 0.0000000000
87418  -35.701  -11.100  -3.748 0.0000000000
84684  -28.540  -13.605  -2.038 0.0000000000
85575  -29.612  -12.738  -1.694 0.0000000000
84686  -30.018  -13.513  -1.536 0.0000000000
83744  -35.403  -14.635  -1.371 0.0000000000
82862  -36.118  -15.688  -2.758 0.0000000000
81883  -36.019  -16.434  -2.366 0.0000000000
76896  -26.198  -21.587  -0.382 0.0000000000
90239  -29.514  -7.429  0.257 0.0000000000
90251  -30.879  -7.663  0.142 0.0000000000
89290  -30.050  -8.074  0.002 0.0000000000
88328  -29.188  -9.561  -0.883 0.0000000000
89305  -30.868  -8.569  -0.336 0.0000000000
88330  -31.728  -9.677  -0.797 0.0000000000
83722  -29.610  -15.119  -1.539 0.0000000000
83723  -30.079  -14.620  -1.365 0.0000000000
82834  -30.586  -15.539  -0.757 0.0000000000
82836  -32.018  -15.211  -0.119 0.0000000000
82819  -32.595  -15.615  0.387 0.0000000000
82821  -34.452  -15.754  0.490 0.0000000000
82820  -33.576  -15.702  0.608 0.0000000000
81843  -34.883  -16.672  0.223 0.0000000000
81842  -34.072  -16.652  0.676 0.0000000000
71813  -23.148  -26.509  1.607 0.0000000000
70752  -22.502  -26.605  1.295 0.0000000000
80919  -27.656  -17.440  -1.769 0.0000000000
80906  -28.538  -17.444  -1.184 0.0000000000
102599  -28.157  7.350  2.092 0.0000000000
103308  -27.664  8.128  1.913 0.0000000000
103309  -28.348  7.901  1.928 0.0000000000
102611  -29.289  8.087  1.426 0.0000000000
102600  -29.087  7.458  1.853 0.0000000000
100412  -28.138  4.695  2.060 0.0000000000
101197  -29.460  5.501  2.076 0.0000000000
101928  -30.102  6.452  1.451 0.0000000000
101209  -29.992  5.787  1.706 0.0000000000
101220  -30.684  5.590  0.297 0.0000000000
101198  -30.138  5.111  1.762 0.0000000000
99678  -30.780  3.476  1.172 0.0000000000
99687  -31.016  3.441  0.495 0.0000000000
98862  -30.855  3.076  -0.584 0.0000000000
98855  -31.151  2.588  0.797 0.0000000000
97067  -28.638  0.945  1.952 0.0000000000
96260  -30.891  -0.108  1.753 0.0000000000
97086  -31.069  0.829  1.398 0.0000000000
97087  -31.480  0.896  0.822 0.0000000000
97960  -31.462  1.504  -0.473 0.0000000000
97112  -31.688  0.681  -0.973 0.0000000000
97120  -31.323  0.653  -1.796 0.0000000000
97113  -31.918  -0.163  -0.718 0.0000000000
95498  -32.279  -1.622  -1.035 0.0000000000
96289  -32.041  -0.822  -1.284 0.0000000000
95509  -32.026  -1.549  -2.047 0.0000000000
94711  -31.736  -2.071  -3.292 0.0000000000
94712  -32.014  -2.514  -2.897 0.0000000000
93009  -29.145  -5.062  1.453 0.0000000000
92991  -28.680  -4.117  1.439 0.0000000000
92993  -30.065  -3.461  1.599 0.0000000000
93865  -30.231  -3.212  1.634 0.0000000000
93866  -31.055  -3.230  1.109 0.0000000000
93036  -32.718  -4.237  -1.853 0.0000000000
93889  -32.652  -3.412  -1.243 0.0000000000
93046  -32.587  -4.222  -2.871 0.0000000000
93054  -32.246  -4.464  -3.792 0.0000000000
93063  -31.836  -4.636  -4.739 0.0000000000
92176  -32.574  -5.290  -4.317 0.0000000000
91223  -33.637  -6.632  -4.389 0.0000000000
92183  -32.975  -6.138  -4.886 0.0000000000
91230  -33.534  -6.921  -5.369 0.0000000000
91237  -34.001  -6.844  -6.514 0.0000000000
90308  -33.987  -7.412  -5.676 0.0000000000
90267  -34.026  -7.183  -1.419 0.0000000000
90255  -34.063  -7.862  -1.338 0.0000000000
89344  -35.094  -9.239  -4.496 0.0000000000
90289  -34.985  -8.457  -4.177 0.0000000000
89354  -34.810  -9.116  -5.387 0.0000000000
89353  -34.505  -8.540  -5.970 0.0000000000
89364  -34.902  -9.153  -6.405 0.0000000000
86541  -36.908  -11.297  -5.492 0.0000000000
87399  -27.961  -10.867  -1.669 0.0000000000
86475  -31.095  -11.998  -1.205 0.0000000000
87380  -30.590  -11.134  -1.407 0.0000000000
86477  -32.532  -11.725  -0.551 0.0000000000
84666  -31.347  -13.783  -0.910 0.0000000000
85555  -31.632  -12.882  -0.910 0.0000000000
84668  -33.070  -13.476  -0.067 0.0000000000
84670  -34.964  -13.546  -0.857 0.0000000000
85559  -35.238  -12.328  -1.207 0.0000000000
85577  -35.670  -12.637  -2.289 0.0000000000
85591  -35.776  -12.869  -3.299 0.0000000000
83766  -37.397  -14.513  -3.863 0.0000000000
84707  -36.698  -13.703  -4.144 0.0000000000
84709  -38.651  -13.754  -4.196 0.0000000000
77976  -27.763  -20.086  -0.569 0.0000000000
79000  -27.583  -19.437  -0.976 0.0000000000
78986  -28.126  -19.364  -0.400 0.0000000000
79925  -28.368  -18.669  -0.210 0.0000000000
78972  -28.793  -19.292  0.635 0.0000000000
89303  -28.726  -8.494  -0.403 0.0000000000
81856  -30.102  -16.064  -0.789 0.0000000000
82817  -30.992  -15.852  -0.027 0.0000000000
81840  -32.123  -16.526  0.772 0.0000000000
80893  -32.543  -17.627  1.072 0.0000000000
73948  -24.042  -24.113  0.240 0.0000000000
73926  -24.324  -24.525  0.824 0.0000000000
73899  -24.849  -24.540  1.296 0.0000000000
81870  -27.184  -16.355  -2.231 0.0000000000
79952  -26.861  -18.385  -1.749 0.0000000000
101916  -26.795  6.787  2.037 0.0000000000
99667  -28.764  3.697  2.006 0.0000000000
100414  -29.883  4.451  1.924 0.0000000000
99668  -29.610  3.607  1.981 0.0000000000
98831  -29.325  2.727  1.995 0.0000000000
98842  -30.114  2.668  1.818 0.0000000000
96244  -29.236  0.126  1.954 0.0000000000
95452  -28.946  -0.574  1.870 0.0000000000
96261  -31.589  -0.152  0.961 0.0000000000
97104  -32.100  -0.284  -0.231 0.0000000000
96274  -32.130  -0.616  0.202 0.0000000000
95483  -31.946  -1.379  0.755 0.0000000000
95484  -32.265  -1.565  -0.117 0.0000000000
93011  -31.514  -4.498  0.989 0.0000000000
93023  -32.800  -4.541  -0.831 0.0000000000
93047  -33.084  -4.903  -2.356 0.0000000000
92171  -33.562  -5.665  -2.825 0.0000000000
91217  -33.980  -6.431  -3.437 0.0000000000
88333  -34.373  -9.125  -1.075 0.0000000000
89309  -34.556  -8.499  -1.479 0.0000000000
89323  -35.377  -9.342  -2.790 0.0000000000
88392  -35.118  -10.120  -5.041 0.0000000000
87430  -35.614  -10.954  -4.669 0.0000000000
86535  -35.768  -11.478  -4.990 0.0000000000
86526  -35.746  -12.042  -4.609 0.0000000000
86495  -28.406  -11.858  -1.783 0.0000000000
86497  -30.150  -11.991  -1.529 0.0000000000
84652  -33.552  -14.193  0.205 0.0000000000
84699  -35.704  -13.751  -2.801 0.0000000000
83757  -36.059  -14.756  -3.213 0.0000000000
82871  -37.195  -15.057  -3.704 0.0000000000
82873  -38.913  -15.254  -3.852 0.0000000000
82864  -37.692  -15.972  -3.550 0.0000000000
75963  -25.291  -21.935  -0.515 0.0000000000
76913  -25.906  -21.490  -0.717 0.0000000000
77974  -26.573  -20.826  -0.863 0.0000000000
77990  -27.087  -20.082  -1.149 0.0000000000
77956  -26.942  -20.779  -0.471 0.0000000000
77957  -27.389  -20.654  -0.178 0.0000000000
91181  -29.716  -6.779  0.850 0.0000000000
91198  -32.600  -6.448  -0.345 0.0000000000
91196  -31.245  -7.328  0.178 0.0000000000
90253  -32.389  -7.650  -0.381 0.0000000000
89307  -33.029  -8.504  -0.676 0.0000000000
89306  -32.057  -8.623  -0.448 0.0000000000
88332  -33.724  -9.321  -0.751 0.0000000000
87384  -34.546  -10.079  -1.014 0.0000000000
83743  -29.628  -14.061  -1.644 0.0000000000
83725  -31.751  -14.556  -0.482 0.0000000000
82835  -31.371  -15.276  -0.384 0.0000000000
83709  -32.440  -14.679  -0.012 0.0000000000
83711  -34.023  -14.837  0.520 0.0000000000
83712  -34.685  -15.048  0.264 0.0000000000
82837  -35.417  -15.680  -0.981 0.0000000000
81873  -35.764  -16.750  -1.614 0.0000000000
81857  -35.386  -16.693  -0.590 0.0000000000
70732  -22.543  -27.357  1.922 0.0000000000
75946  -24.166  -22.746  -0.376 0.0000000000
74957  -24.625  -23.488  0.162 0.0000000000
75947  -24.986  -22.601  -0.301 0.0000000000
74958  -25.272  -22.930  0.068 0.0000000000
75928  -26.255  -22.528  0.715 0.0000000000
82851  -29.368  -15.685  -1.723 0.0000000000
81871  -28.089  -16.397  -2.126 0.0000000000
81872  -28.811  -16.480  -1.774 0.0000000000
81855  -29.579  -16.604  -1.024 0.0000000000
80889  -29.174  -17.497  -0.363 0.0000000000
101194  -26.464  5.984  1.685 0.0000000000
101918  -28.786  6.501  2.189 0.0000000000
101919  -29.566  6.455  1.879 0.0000000000
100425  -30.798  4.294  0.890 0.0000000000
100435  -30.890  4.188  0.260 0.0000000000
100448  -30.422  4.348  -0.730 0.0000000000
99710  -30.204  3.718  -1.234 0.0000000000
98869  -30.592  2.689  -1.304 0.0000000000
98879  -30.255  2.276  -2.064 0.0000000000
97932  -29.003  1.856  1.839 0.0000000000
97068  -29.535  0.931  1.923 0.0000000000
97943  -30.576  1.745  1.585 0.0000000000
97957  -31.429  1.624  0.383 0.0000000000
98870  -31.088  2.065  -0.805 0.0000000000
97965  -30.621  1.883  -1.851 0.0000000000
97976  -30.857  1.274  -2.045 0.0000000000
96305  -31.222  -0.377  -3.166 0.0000000000
95508  -31.759  -0.953  -2.669 0.0000000000
94664  -28.105  -2.459  1.320 0.0000000000
94680  -30.725  -2.603  1.538 0.0000000000
94681  -31.427  -2.328  1.116 0.0000000000
94695  -32.461  -2.488  -0.628 0.0000000000
93878  -32.479  -3.448  -0.194 0.0000000000
93902  -31.901  -3.456  -3.511 0.0000000000
92189  -33.052  -6.211  -6.144 0.0000000000
91244  -34.315  -6.386  -7.000 0.0000000000
91245  -34.815  -6.784  -7.212 0.0000000000
91218  -34.593  -7.069  -3.167 0.0000000000
90279  -34.909  -7.841  -2.882 0.0000000000
90288  -34.785  -7.741  -3.810 0.0000000000
90309  -34.323  -7.786  -6.251 0.0000000000
87447  -35.926  -10.262  -6.299 0.0000000000
88353  -29.475  -10.429  -1.423 0.0000000000
87401  -29.671  -11.222  -1.619 0.0000000000
88354  -30.073  -10.763  -1.534 0.0000000000
87382  -32.621  -10.612  -0.663 0.0000000000
86498  -34.988  -10.911  -1.284 0.0000000000
85554  -30.724  -12.975  -1.299 0.0000000000
85557  -33.334  -12.555  -0.221 0.0000000000
86479  -34.563  -11.259  -0.751 0.0000000000
86499  -35.447  -11.447  -1.847 0.0000000000
86513  -35.857  -11.805  -2.921 0.0000000000
86514  -35.695  -12.108  -3.846 0.0000000000
85601  -36.453  -12.758  -4.652 0.0000000000
84700  -35.965  -13.846  -3.663 0.0000000000
84714  -37.191  -13.203  -4.503 0.0000000000
85610  -37.266  -12.513  -4.828 0.0000000000
79953  -27.569  -18.552  -1.426 0.0000000000
79927  -29.541  -18.317  0.697 0.0000000000
76914  -26.346  -21.321  -0.556 0.0000000000
77975  -27.208  -20.424  -0.704 0.0000000000
78971  -28.443  -19.160  0.151 0.0000000000
82872  -37.925  -15.388  -3.719 0.0000000000
83726  -34.412  -14.465  0.170 0.0000000000
84653  -34.038  -14.282  0.212 0.0000000000
84667  -32.225  -13.747  -0.408 0.0000000000
84708  -37.703  -13.809  -4.197 0.0000000000
86525  -35.701  -11.511  -4.689 0.0000000000
86536  -36.399  -11.808  -5.218 0.0000000000
87402  -30.122  -11.258  -1.564 0.0000000000
87431  -35.668  -11.483  -4.416 0.0000000000
87441  -36.420  -11.179  -5.562 0.0000000000
88382  -35.391  -10.072  -4.097 0.0000000000
88408  -35.616  -9.610  -6.609 0.0000000000
89322  -35.176  -8.686  -2.362 0.0000000000
89334  -35.175  -8.430  -3.012 0.0000000000
90252  -31.527  -7.810  -0.120 0.0000000000
90268  -34.530  -7.684  -1.999 0.0000000000
90280  -35.083  -8.271  -3.456 0.0000000000
90298  -33.963  -7.369  -5.214 0.0000000000
90300  -34.834  -8.686  -4.773 0.0000000000
90317  -34.820  -7.701  -6.923 0.0000000000
91197  -31.737  -7.042  0.060 0.0000000000
91224  -34.297  -7.112  -4.124 0.0000000000
92138  -31.952  -5.365  0.424 0.0000000000
92992  -29.098  -3.999  1.509 0.0000000000
93037  -33.035  -4.867  -1.577 0.0000000000
93901  -31.532  -3.254  -3.920 0.0000000000
94666  -30.037  -2.210  1.877 0.0000000000
94682  -32.184  -2.439  0.339 0.0000000000
96243  -28.592  0.046  1.857 0.0000000000
96288  -31.699  -0.096  -1.479 0.0000000000
96299  -31.838  -0.706  -1.948 0.0000000000
97069  -30.348  0.866  1.760 0.0000000000
97085  -28.112  0.502  1.821 0.0000000000
99699  -30.632  3.576  -0.702 0.0000000000
100424  -30.433  4.375  1.468 0.0000000000
100449  -30.730  4.183  -0.283 0.0000000000
101210  -30.506  5.386  1.162 0.0000000000
101221  -30.804  4.823  -0.044 0.0000000000
102601  -29.746  6.992  1.675 0.0000000000
