#!ascii label  , from subject sub-1633992 vox2ras=TkReg
964
70732  -22.543  -27.357  1.922 0.4285714328
71836  -23.423  -25.948  1.331 0.2857142985
71813  -23.148  -26.509  1.607 0.4285714328
71814  -23.964  -25.959  1.851 0.4285714328
72870  -24.090  -25.359  1.440 0.4285714328
72896  -23.630  -25.286  1.034 0.2857142985
72897  -24.148  -25.055  1.251 0.4285714328
73899  -24.849  -24.540  1.296 0.4285714328
74957  -24.625  -23.488  0.162 0.4285714328
74938  -24.890  -23.846  0.672 0.4285714328
75947  -24.986  -22.601  -0.301 0.4285714328
75948  -25.874  -22.190  -0.034 0.4285714328
76912  -25.140  -21.406  -0.965 0.5714285970
76913  -25.906  -21.490  -0.717 0.5714285970
76896  -26.198  -21.587  -0.382 0.4285714328
77957  -27.389  -20.654  -0.178 0.2857142985
77974  -26.573  -20.826  -0.863 0.7142857313
77956  -26.942  -20.779  -0.471 0.7142857313
78986  -28.126  -19.364  -0.400 0.7142857313
78972  -28.793  -19.292  0.635 0.4285714328
77991  -27.446  -20.041  -0.895 0.7142857313
77976  -27.763  -20.086  -0.569 0.5714285970
79927  -29.541  -18.317  0.697 0.5714285970
79939  -28.099  -18.508  -0.857 0.5714285970
79940  -28.584  -18.068  -0.441 0.5714285970
80889  -29.174  -17.497  -0.363 0.5714285970
80890  -29.809  -17.630  0.363 0.5714285970
80891  -30.730  -17.341  0.651 0.4285714328
81838  -30.333  -16.547  -0.157 0.5714285970
81840  -32.123  -16.526  0.772 0.5714285970
81855  -29.579  -16.604  -1.024 0.7142857313
81839  -31.235  -16.532  0.456 0.7142857313
82818  -31.732  -15.826  0.186 0.7142857313
81841  -33.095  -16.632  0.661 0.5714285970
80920  -28.260  -16.906  -1.691 0.5714285970
82834  -30.586  -15.539  -0.757 0.8571428657
82819  -32.595  -15.615  0.387 0.7142857313
82820  -33.576  -15.702  0.608 0.5714285970
82833  -29.872  -15.594  -1.187 0.7142857313
82851  -29.368  -15.685  -1.723 0.5714285970
83711  -34.023  -14.837  0.520 0.7142857313
82822  -35.087  -15.728  -0.074 0.5714285970
82835  -31.371  -15.276  -0.384 0.7142857313
83710  -33.160  -14.828  0.409 0.7142857313
83727  -34.975  -14.647  -0.352 0.5714285970
83709  -32.440  -14.679  -0.012 0.7142857313
83724  -31.031  -14.644  -0.970 0.5714285970
83725  -31.751  -14.556  -0.482 0.7142857313
84652  -33.552  -14.193  0.205 0.7142857313
84670  -34.964  -13.546  -0.857 0.7142857313
83744  -35.403  -14.635  -1.371 0.7142857313
84668  -33.070  -13.476  -0.067 0.7142857313
84669  -34.126  -13.667  -0.088 0.7142857313
84687  -35.515  -13.598  -1.790 0.7142857313
84665  -30.649  -13.905  -1.240 0.5714285970
85591  -35.776  -12.869  -3.299 0.5714285970
85592  -35.863  -12.979  -4.155 0.5714285970
85557  -33.334  -12.555  -0.221 0.8571428657
85556  -32.440  -12.735  -0.509 0.8571428657
86480  -35.123  -11.465  -1.215 0.7142857313
85558  -34.379  -12.437  -0.424 0.8571428657
85559  -35.238  -12.328  -1.207 0.7142857313
87404  -35.579  -10.721  -2.587 0.8571428657
87419  -35.648  -11.705  -4.187 0.5714285970
86499  -35.447  -11.447  -1.847 0.8571428657
86498  -34.988  -10.911  -1.284 0.8571428657
86478  -33.516  -11.456  -0.371 0.8571428657
86479  -34.563  -11.259  -0.751 0.8571428657
89323  -35.377  -9.342  -2.790 0.8571428657
89335  -35.291  -9.037  -3.436 0.8571428657
91208  -34.578  -7.273  -2.545 0.8571428657
87403  -35.187  -10.364  -1.726 0.8571428657
89309  -34.556  -8.499  -1.479 0.8571428657
90254  -33.370  -7.502  -0.862 1.0000000000
90255  -34.063  -7.862  -1.338 1.0000000000
88355  -34.953  -9.386  -1.578 0.8571428657
90267  -34.026  -7.183  -1.419 1.0000000000
89308  -33.863  -8.459  -0.990 1.0000000000
91199  -33.535  -6.445  -1.141 1.0000000000
92137  -31.164  -5.920  0.958 0.7142857313
91198  -32.600  -6.448  -0.345 1.0000000000
92150  -33.070  -5.566  -0.840 1.0000000000
94681  -31.427  -2.328  1.116 1.0000000000
94680  -30.725  -2.603  1.538 0.8571428657
95471  -30.309  -1.043  1.850 0.8571428657
95472  -31.188  -1.156  1.368 1.0000000000
97944  -31.148  1.719  1.131 0.8571428657
97086  -31.069  0.829  1.398 0.8571428657
96260  -30.891  -0.108  1.753 1.0000000000
99678  -30.780  3.476  1.172 0.8571428657
99687  -31.016  3.441  0.495 0.8571428657
100425  -30.798  4.294  0.890 0.7142857313
99668  -29.610  3.607  1.981 0.5714285970
101209  -29.992  5.787  1.706 0.7142857313
101220  -30.684  5.590  0.297 0.5714285970
101195  -27.473  5.739  2.039 0.5714285970
100413  -29.075  4.584  2.112 0.5714285970
103309  -28.348  7.901  1.928 0.4285714328
102611  -29.289  8.087  1.426 0.4285714328
102597  -26.167  7.820  2.156 0.2857142985
102584  -25.289  8.170  2.717 0.2857142985
72895  -23.139  -25.452  0.775 0.2857142985
81837  -29.698  -17.028  -0.270 0.5714285970
82821  -34.452  -15.754  0.490 0.5714285970
86514  -35.695  -12.108  -3.846 0.5714285970
85577  -35.670  -12.637  -2.289 0.7142857313
88373  -35.495  -9.986  -3.148 0.8571428657
90279  -34.909  -7.841  -2.882 0.8571428657
93012  -32.264  -4.429  0.185 0.8571428657
103283  -25.311  9.100  4.147 0.1428571492
72913  -22.759  -25.309  0.603 0.2857142985
73947  -23.420  -24.584  0.452 0.2857142985
73925  -23.780  -24.808  0.766 0.2857142985
74939  -25.492  -23.211  0.695 0.4285714328
74956  -23.723  -23.564  -0.062 0.2857142985
75963  -25.291  -21.935  -0.515 0.4285714328
73948  -24.042  -24.113  0.240 0.4285714328
75928  -26.255  -22.528  0.715 0.4285714328
75962  -24.603  -21.994  -0.584 0.5714285970
77989  -26.427  -20.101  -1.467 0.2857142985
77990  -27.087  -20.082  -1.149 0.7142857313
79000  -27.583  -19.437  -0.976 0.7142857313
79925  -28.368  -18.669  -0.210 0.4285714328
79953  -27.569  -18.552  -1.426 0.5714285970
80893  -32.543  -17.627  1.072 0.4285714328
80905  -28.006  -18.014  -1.362 0.7142857313
80906  -28.538  -17.444  -1.184 0.7142857313
82836  -32.018  -15.211  -0.119 0.7142857313
81872  -28.811  -16.480  -1.774 0.5714285970
83722  -29.610  -15.119  -1.539 0.5714285970
82837  -35.417  -15.680  -0.981 0.5714285970
84651  -32.863  -14.152  0.107 0.7142857313
83756  -35.704  -14.692  -2.340 0.5714285970
87418  -35.701  -11.100  -3.748 0.5714285970
87383  -33.640  -10.349  -0.592 1.0000000000
91207  -34.132  -6.599  -2.239 1.0000000000
89307  -33.029  -8.504  -0.676 1.0000000000
91184  -32.198  -5.833  0.006 0.8571428657
93010  -30.098  -4.647  1.627 0.7142857313
93011  -31.514  -4.498  0.989 1.0000000000
93865  -30.231  -3.212  1.634 0.7142857313
93878  -32.479  -3.448  -0.194 1.0000000000
92993  -30.065  -3.461  1.599 0.7142857313
94667  -30.798  -1.883  1.653 0.8571428657
97943  -30.576  1.745  1.585 0.8571428657
96261  -31.589  -0.152  0.961 1.0000000000
96274  -32.130  -0.616  0.202 1.0000000000
99677  -30.304  3.534  1.687 0.7142857313
101917  -27.815  6.576  2.157 0.7142857313
99667  -28.764  3.697  2.006 0.5714285970
101197  -29.460  5.501  2.076 0.7142857313
101928  -30.102  6.452  1.451 0.7142857313
103307  -26.657  8.402  1.859 0.2857142985
103308  -27.664  8.128  1.913 0.4285714328
103320  -28.420  8.576  1.518 0.4285714328
103306  -25.616  8.973  2.111 0.2857142985
78999  -27.004  -19.339  -1.506 0.4285714328
102599  -28.157  7.350  2.092 0.4285714328
101918  -28.786  6.501  2.189 0.7142857313
102598  -27.206  7.507  2.057 0.2857142985
70752  -22.502  -26.605  1.295 0.4285714328
71853  -22.525  -25.741  0.721 0.2857142985
72914  -23.237  -25.181  0.684 0.2857142985
73926  -24.324  -24.525  0.824 0.4285714328
75946  -24.166  -22.746  -0.376 0.2857142985
74958  -25.272  -22.930  0.068 0.4285714328
77973  -25.804  -20.830  -1.319 0.2857142985
76897  -26.674  -21.297  -0.165 0.4285714328
80892  -31.577  -17.320  0.992 0.4285714328
82817  -30.992  -15.852  -0.027 0.7142857313
81856  -30.102  -16.064  -0.789 0.7142857313
80919  -27.656  -17.440  -1.769 0.7142857313
83712  -34.685  -15.048  0.264 0.5714285970
83723  -30.079  -14.620  -1.365 0.7142857313
84666  -31.347  -13.783  -0.910 0.8571428657
85555  -31.632  -12.882  -0.910 0.8571428657
86513  -35.857  -11.805  -2.921 0.8571428657
88356  -35.352  -9.730  -2.322 0.8571428657
88333  -34.373  -9.125  -1.075 1.0000000000
91183  -31.752  -6.224  0.303 1.0000000000
98843  -30.735  2.622  1.424 0.8571428657
100414  -29.883  4.451  1.924 0.7142857313
101198  -30.138  5.111  1.762 0.7142857313
101196  -28.465  5.593  2.235 0.5714285970
100412  -28.138  4.695  2.060 0.5714285970
101194  -26.464  5.984  1.685 0.4285714328
101916  -26.795  6.787  2.037 0.4285714328
102600  -29.087  7.458  1.853 0.4285714328
101903  -24.695  7.637  2.926 0.2857142985
103295  -25.024  9.060  3.109 0.2857142985
93866  -31.055  -3.230  1.109 1.0000000000
101919  -29.566  6.455  1.879 0.5714285970
104719  -29.258  11.230  -0.080 0.2857142985
105362  -28.507  11.784  0.223 0.1428571492
104009  -29.528  9.830  0.621 0.2857142985
104720  -29.869  10.755  -0.843 0.2857142985
105361  -27.599  11.527  0.495 0.1428571492
106051  -27.607  12.157  0.643 0.1428571492
103994  -26.620  9.581  1.195 0.1428571492
103996  -28.652  9.699  1.124 0.2857142985
104696  -27.242  10.292  0.765 0.1428571492
104016  -29.991  9.403  -1.379 0.2857142985
104010  -30.010  9.740  -0.162 0.2857142985
100471  -27.317  5.485  -3.136 0.2857142985
102640  -28.766  7.446  -2.430 0.2857142985
106050  -26.771  11.905  0.448 0.1428571492
103321  -29.521  8.690  0.875 0.2857142985
101246  -29.663  5.689  -1.433 0.2857142985
103333  -30.113  8.535  -0.103 0.2857142985
103332  -29.872  9.194  0.345 0.2857142985
98877  -28.552  3.441  -2.910 0.1428571492
101245  -28.834  5.911  -2.030 0.2857142985
102632  -29.884  7.444  -1.327 0.2857142985
104712  -27.457  10.849  0.606 0.1428571492
102624  -30.221  7.451  -0.556 0.2857142985
97146  -28.216  0.817  -5.093 0.1428571492
97987  -28.785  1.628  -3.708 0.1428571492
100460  -29.193  4.866  -1.872 0.4285714328
101939  -30.512  6.503  -0.138 0.2857142985
97129  -30.851  0.604  -2.675 0.2857142985
98869  -30.592  2.689  -1.304 0.4285714328
101234  -30.593  4.672  -0.395 0.2857142985
102612  -29.960  7.519  1.221 0.2857142985
95523  -30.803  -1.723  -4.381 0.1428571492
97975  -30.187  1.646  -2.582 0.2857142985
100448  -30.422  4.348  -0.730 0.4285714328
98870  -31.088  2.065  -0.805 0.5714285970
99700  -30.932  3.507  -0.162 0.7142857313
94718  -31.467  -2.626  -3.834 0.1428571492
95515  -31.457  -1.439  -3.507 0.1428571492
98862  -30.855  3.076  -0.584 0.7142857313
101211  -30.847  4.871  0.547 0.4285714328
97120  -31.323  0.653  -1.796 0.4285714328
93062  -31.410  -4.209  -5.422 0.2857142985
94719  -31.803  -2.872  -3.411 0.7142857313
97957  -31.429  1.624  0.383 0.7142857313
95483  -31.946  -1.379  0.755 0.8571428657
96289  -32.041  -0.822  -1.284 0.8571428657
97112  -31.688  0.681  -0.973 0.5714285970
93071  -32.068  -4.655  -5.958 0.2857142985
97113  -31.918  -0.163  -0.718 0.7142857313
97933  -29.831  1.795  1.779 0.5714285970
97103  -31.911  0.475  0.037 0.8571428657
92188  -32.842  -5.212  -6.590 0.1428571492
93902  -31.901  -3.456  -3.511 0.7142857313
92189  -33.052  -6.211  -6.144 0.1428571492
89303  -28.726  -8.494  -0.403 0.5714285970
91196  -31.245  -7.328  0.178 0.8571428657
91182  -30.847  -6.812  0.604 0.8571428657
90240  -30.260  -7.474  0.363 0.4285714328
93867  -31.899  -3.419  0.692 0.8571428657
93047  -33.084  -4.903  -2.356 0.8571428657
94695  -32.461  -2.488  -0.628 0.8571428657
93046  -32.587  -4.222  -2.871 0.8571428657
94706  -32.309  -2.500  -1.683 0.8571428657
97104  -32.100  -0.284  -0.231 0.8571428657
91245  -34.815  -6.784  -7.212 0.4285714328
92176  -32.574  -5.290  -4.317 0.7142857313
93895  -32.358  -3.396  -2.331 0.7142857313
88327  -28.203  -9.255  -0.914 0.2857142985
89291  -30.513  -7.942  0.039 0.5714285970
89290  -30.050  -8.074  0.002 0.5714285970
93024  -33.100  -5.129  -1.216 0.8571428657
93023  -32.800  -4.541  -0.831 0.8571428657
93036  -32.718  -4.237  -1.853 0.8571428657
93889  -32.652  -3.412  -1.243 0.8571428657
91230  -33.534  -6.921  -5.369 0.4285714328
92177  -33.265  -5.869  -3.850 0.8571428657
93055  -32.932  -5.033  -3.344 0.8571428657
91238  -34.449  -7.303  -6.756 0.4285714328
85575  -29.612  -12.738  -1.694 0.7142857313
86495  -28.406  -11.858  -1.783 0.4285714328
85576  -30.121  -12.794  -1.523 0.7142857313
87381  -31.563  -11.004  -1.002 0.8571428657
88354  -30.073  -10.763  -1.534 0.5714285970
88328  -29.188  -9.561  -0.883 0.5714285970
88352  -28.535  -10.151  -1.322 0.4285714328
87382  -32.621  -10.612  -0.663 0.8571428657
88329  -30.433  -9.913  -1.171 0.5714285970
89304  -29.774  -8.808  -0.446 0.5714285970
87384  -34.546  -10.079  -1.014 0.8571428657
88331  -32.793  -9.506  -0.662 0.7142857313
89305  -30.868  -8.569  -0.336 0.5714285970
90289  -34.985  -8.457  -4.177 0.7142857313
90288  -34.785  -7.741  -3.810 0.7142857313
91217  -33.980  -6.431  -3.437 0.7142857313
92171  -33.562  -5.665  -2.825 0.8571428657
88409  -36.325  -9.420  -6.779 0.2857142985
89353  -34.505  -8.540  -5.970 0.4285714328
90309  -34.323  -7.786  -6.251 0.5714285970
83742  -29.188  -14.589  -1.877 0.4285714328
84685  -29.303  -13.535  -1.826 0.4285714328
85574  -28.861  -12.721  -1.930 0.4285714328
86477  -32.532  -11.725  -0.551 0.7142857313
86476  -31.855  -12.062  -0.853 0.7142857313
88392  -35.118  -10.120  -5.041 0.7142857313
87451  -36.080  -9.866  -6.628 0.2857142985
88402  -35.132  -9.993  -5.989 0.5714285970
89344  -35.094  -9.239  -4.496 0.5714285970
82850  -28.624  -15.535  -2.165 0.4285714328
83741  -28.180  -14.525  -1.956 0.5714285970
84686  -30.018  -13.513  -1.536 0.5714285970
86526  -35.746  -12.042  -4.609 0.4285714328
87440  -35.768  -10.903  -5.556 0.4285714328
87447  -35.926  -10.262  -6.299 0.4285714328
81857  -35.386  -16.693  -0.590 0.4285714328
82852  -35.656  -15.662  -1.950 0.4285714328
84707  -36.698  -13.703  -4.144 0.4285714328
84699  -35.704  -13.751  -2.801 0.4285714328
84715  -37.997  -13.100  -4.491 0.4285714328
85601  -36.453  -12.758  -4.652 0.4285714328
75950  -27.199  -21.818  0.903 0.1428571492
83765  -36.658  -14.613  -3.716 0.4285714328
83766  -37.397  -14.513  -3.863 0.4285714328
76898  -27.501  -21.210  0.590 0.1428571492
77942  -28.617  -20.471  0.944 0.1428571492
80877  -31.087  -18.055  1.130 0.2857142985
80921  -35.711  -17.712  -1.030 0.2857142985
80930  -37.522  -17.835  -3.173 0.2857142985
81874  -36.271  -17.151  -2.289 0.2857142985
81842  -34.072  -16.652  0.676 0.4285714328
81885  -37.782  -16.667  -3.374 0.2857142985
81883  -36.019  -16.434  -2.366 0.2857142985
81894  -38.174  -16.117  -3.592 0.2857142985
82863  -36.948  -15.662  -3.470 0.4285714328
76880  -27.988  -21.263  1.037 0.1428571492
76899  -28.174  -20.837  0.853 0.1428571492
78956  -29.330  -19.421  1.077 0.2857142985
78957  -30.031  -19.537  1.417 0.2857142985
79928  -33.213  -18.625  1.149 0.2857142985
79930  -34.996  -18.601  0.221 0.2857142985
80895  -34.546  -17.627  0.489 0.2857142985
80907  -35.251  -17.648  -0.155 0.2857142985
76881  -28.603  -21.179  1.239 0.1428571492
78959  -31.819  -19.660  1.381 0.2857142985
77943  -29.324  -20.333  1.248 0.2857142985
78958  -30.911  -19.627  1.533 0.2857142985
77959  -28.858  -19.941  0.856 0.2857142985
79914  -32.272  -18.732  1.294 0.2857142985
72871  -24.645  -25.091  1.623 0.2857142985
74940  -26.352  -23.013  1.273 0.1428571492
75929  -26.889  -22.313  1.109 0.1428571492
69692  -22.904  -27.884  2.591 0.2857142985
70731  -21.805  -27.763  1.872 0.2857142985
73928  -25.802  -23.721  1.476 0.2857142985
70733  -23.511  -27.111  2.437 0.1428571492
69691  -22.121  -28.429  2.445 0.2857142985
68655  -21.453  -28.808  2.443 0.1428571492
77944  -30.267  -20.471  1.516 0.2857142985
78960  -32.758  -19.629  1.197 0.2857142985
79941  -35.531  -18.622  -0.569 0.2857142985
79929  -34.161  -18.607  0.755 0.2857142985
80922  -36.153  -17.858  -1.897 0.2857142985
81843  -34.883  -16.672  0.223 0.4285714328
81873  -35.764  -16.750  -1.614 0.4285714328
81884  -36.773  -16.767  -2.849 0.2857142985
81895  -38.762  -15.910  -3.748 0.2857142985
86496  -29.260  -11.929  -1.683 0.7142857313
82871  -37.195  -15.057  -3.704 0.4285714328
88330  -31.728  -9.677  -0.797 0.5714285970
84700  -35.965  -13.846  -3.663 0.4285714328
86535  -35.768  -11.478  -4.990 0.4285714328
87448  -36.783  -10.677  -5.919 0.2857142985
88410  -37.133  -9.491  -6.601 0.2857142985
89364  -34.902  -9.153  -6.405 0.5714285970
91231  -33.944  -7.209  -4.808 0.7142857313
95484  -32.265  -1.565  -0.117 0.8571428657
98831  -29.325  2.727  1.995 0.4285714328
98842  -30.114  2.668  1.818 0.5714285970
89371  -35.233  -8.105  -6.976 0.2857142985
97087  -31.480  0.896  0.822 0.8571428657
93907  -31.748  -4.089  -4.081 0.5714285970
96305  -31.222  -0.377  -3.166 0.4285714328
97976  -30.857  1.274  -2.045 0.4285714328
106035  -26.005  12.108  0.303 0.1428571492
99719  -28.857  4.046  -2.456 0.2857142985
98893  -28.867  2.244  -3.135 0.1428571492
127884  -29.446  8.181  -2.068 0.2857142985
70751  -21.790  -27.036  1.366 0.2857142985
71815  -24.950  -25.785  2.403 0.1428571492
73927  -25.120  -24.071  1.085 0.2857142985
75930  -27.760  -21.898  1.309 0.1428571492
76882  -29.549  -21.291  1.539 0.1428571492
79911  -29.825  -18.677  1.140 0.2857142985
79913  -31.429  -18.808  1.390 0.2857142985
79954  -36.002  -18.725  -1.409 0.2857142985
80894  -33.624  -17.618  0.846 0.2857142985
84683  -27.680  -13.577  -1.994 0.2857142985
81886  -38.686  -16.566  -3.467 0.2857142985
82874  -39.626  -15.382  -3.933 0.2857142985
86497  -30.150  -11.991  -1.529 0.7142857313
86475  -31.095  -11.998  -1.205 0.5714285970
87399  -27.961  -10.867  -1.669 0.4285714328
87401  -29.671  -11.222  -1.619 0.5714285970
82873  -38.913  -15.254  -3.852 0.4285714328
89302  -27.753  -8.417  -0.712 0.2857142985
83767  -38.332  -14.532  -3.920 0.2857142985
83757  -36.059  -14.756  -3.213 0.4285714328
89289  -29.376  -8.077  -0.098 0.2857142985
84716  -38.887  -13.023  -4.512 0.1428571492
86537  -37.473  -11.746  -5.176 0.4285714328
86538  -38.428  -11.369  -5.066 0.1428571492
92161  -33.407  -5.571  -1.716 0.8571428657
87450  -38.376  -10.579  -5.447 0.1428571492
89354  -34.810  -9.116  -5.387 0.5714285970
89372  -35.731  -8.653  -6.977 0.2857142985
90308  -33.987  -7.412  -5.676 0.5714285970
92183  -32.975  -6.138  -4.886 0.7142857313
95498  -32.279  -1.622  -1.035 0.8571428657
92196  -35.350  -5.873  -7.753 0.2857142985
92195  -34.020  -5.597  -7.401 0.1428571492
103319  -27.184  8.918  1.548 0.2857142985
92182  -32.388  -5.470  -5.443 0.4285714328
91244  -34.315  -6.386  -7.000 0.4285714328
92194  -33.229  -4.939  -7.201 0.1428571492
95516  -31.856  -1.699  -2.893 0.5714285970
93077  -32.740  -4.105  -7.176 0.1428571492
93906  -31.284  -3.630  -4.467 0.1428571492
94726  -30.482  -2.634  -5.041 0.1428571492
104711  -26.648  10.686  0.536 0.1428571492
96298  -31.465  -0.147  -2.280 0.5714285970
96313  -30.725  -0.763  -3.992 0.1428571492
99709  -29.592  3.870  -1.794 0.2857142985
98878  -29.407  2.791  -2.414 0.2857142985
97128  -30.223  0.957  -3.263 0.2857142985
96312  -29.859  -0.258  -4.298 0.1428571492
97147  -29.008  0.208  -4.666 0.1428571492
97136  -28.762  0.940  -4.368 0.1428571492
100472  -28.270  5.096  -2.420 0.2857142985
100484  -26.987  4.535  -3.545 0.2857142985
99730  -27.220  3.704  -3.647 0.1428571492
98907  -26.956  2.689  -4.606 0.1428571492
70735  -25.340  -26.416  2.865 0.1428571492
74942  -28.043  -22.591  1.812 0.1428571492
80929  -36.677  -17.926  -2.659 0.2857142985
89374  -37.489  -8.889  -6.526 0.2857142985
97145  -27.767  1.290  -5.707 0.1428571492
100483  -26.464  5.459  -3.916 0.2857142985
72872  -25.617  -25.085  2.148 0.1428571492
73900  -25.363  -24.465  1.618 0.1428571492
75949  -26.725  -21.898  0.520 0.1428571492
77958  -28.292  -20.183  0.238 0.2857142985
79926  -28.878  -18.337  0.328 0.4285714328
80875  -29.897  -18.178  0.783 0.2857142985
85554  -30.724  -12.975  -1.299 0.5714285970
84714  -37.191  -13.203  -4.503 0.4285714328
91218  -34.593  -7.069  -3.167 0.7142857313
90253  -32.389  -7.650  -0.381 0.8571428657
88332  -33.724  -9.321  -0.751 0.8571428657
92149  -32.493  -5.356  -0.229 0.8571428657
98855  -31.151  2.588  0.797 0.7142857313
100435  -30.890  4.188  0.260 0.5714285970
101929  -30.461  6.507  0.770 0.2857142985
101233  -30.408  5.353  -0.610 0.2857142985
103322  -30.012  8.052  0.601 0.2857142985
87430  -35.614  -10.954  -4.669 0.4285714328
80878  -31.792  -18.098  1.215 0.2857142985
82862  -36.118  -15.688  -2.758 0.4285714328
89306  -32.057  -8.623  -0.448 0.5714285970
96275  -32.171  -0.845  -0.515 0.8571428657
102613  -30.293  7.444  0.330 0.2857142985
104714  -29.604  10.547  0.115 0.2857142985
104713  -28.621  10.802  0.620 0.2857142985
104697  -27.905  10.295  0.921 0.2857142985
103995  -27.527  9.650  1.173 0.1428571492
101257  -28.016  6.217  -2.591 0.2857142985
101960  -29.369  6.848  -1.834 0.2857142985
106049  -26.331  11.712  0.267 0.1428571492
101949  -30.093  6.547  -1.018 0.2857142985
100461  -29.933  4.633  -1.267 0.2857142985
103340  -30.053  8.206  -1.106 0.2857142985
98868  -29.962  3.255  -1.677 0.2857142985
98892  -28.007  2.788  -3.597 0.1428571492
97998  -28.236  1.402  -4.465 0.1428571492
97988  -29.661  1.391  -3.307 0.1428571492
98908  -27.548  2.252  -4.314 0.1428571492
99718  -27.888  4.160  -3.123 0.1428571492
97138  -30.466  0.173  -3.586 0.1428571492
98863  -31.141  2.568  -0.197 0.5714285970
98879  -30.255  2.276  -2.064 0.4285714328
99710  -30.204  3.718  -1.234 0.5714285970
96322  -30.092  -1.130  -4.678 0.1428571492
97137  -29.572  0.732  -3.911 0.2857142985
97965  -30.621  1.883  -1.851 0.4285714328
97966  -31.155  1.555  -1.330 0.5714285970
97960  -31.462  1.504  -0.473 0.7142857313
94711  -31.736  -2.071  -3.292 0.4285714328
95508  -31.759  -0.953  -2.669 0.5714285970
94712  -32.014  -2.514  -2.897 0.7142857313
95509  -32.026  -1.549  -2.047 0.7142857313
93063  -31.836  -4.636  -4.739 0.5714285970
90251  -30.879  -7.663  0.142 0.5714285970
91181  -29.716  -6.779  0.850 0.4285714328
90239  -29.514  -7.429  0.257 0.4285714328
91237  -34.001  -6.844  -6.514 0.5714285970
93054  -32.246  -4.464  -3.792 0.8571428657
91223  -33.637  -6.632  -4.389 0.7142857313
84684  -28.540  -13.605  -2.038 0.5714285970
87380  -30.590  -11.134  -1.407 0.7142857313
87400  -28.894  -11.072  -1.617 0.4285714328
88353  -29.475  -10.429  -1.423 0.5714285970
90299  -34.405  -7.961  -5.010 0.5714285970
83743  -29.628  -14.061  -1.644 0.5714285970
86541  -36.908  -11.297  -5.492 0.4285714328
87453  -37.318  -10.102  -6.295 0.2857142985
84709  -38.651  -13.754  -4.196 0.4285714328
85610  -37.266  -12.513  -4.828 0.4285714328
79912  -30.605  -18.768  1.360 0.2857142985
82864  -37.692  -15.972  -3.550 0.4285714328
70707  -23.495  -27.945  2.923 0.1428571492
69665  -22.938  -28.603  3.118 0.1428571492
70708  -24.256  -27.632  3.092 0.1428571492
86542  -37.606  -11.064  -5.517 0.2857142985
105358  -25.337  10.944  0.724 0.1428571492
70734  -24.520  -26.671  2.721 0.1428571492
71816  -25.868  -25.793  2.690 0.1428571492
104007  -25.601  10.131  1.154 0.1428571492
96244  -29.236  0.126  1.954 0.5714285970
95469  -28.353  -1.171  1.538 0.4285714328
95451  -28.505  -0.477  1.730 0.4285714328
95452  -28.946  -0.574  1.870 0.5714285970
94665  -29.038  -2.244  1.684 0.4285714328
95453  -29.597  -0.568  1.963 0.5714285970
96245  -30.028  0.029  2.010 0.4285714328
92991  -28.680  -4.117  1.439 0.4285714328
93850  -29.525  -2.741  1.611 0.4285714328
94664  -28.105  -2.459  1.320 0.4285714328
95470  -29.384  -1.316  1.871 0.5714285970
92136  -29.924  -5.982  1.494 0.5714285970
80923  -39.522  -17.675  -2.688 0.1428571492
80931  -38.711  -17.601  -3.298 0.1428571492
81876  -39.815  -16.546  -3.012 0.1428571492
79003  -39.099  -19.640  -1.564 0.1428571492
79964  -39.007  -18.860  -2.768 0.1428571492
79942  -38.442  -18.533  -0.582 0.1428571492
79956  -39.365  -18.809  -2.073 0.1428571492
80896  -38.134  -17.598  -0.219 0.1428571492
79001  -36.305  -19.740  -1.714 0.1428571492
79007  -37.780  -19.935  -2.859 0.1428571492
79955  -36.497  -18.865  -2.263 0.1428571492
79008  -38.588  -19.918  -2.739 0.1428571492
78988  -38.037  -19.288  -0.235 0.1428571492
79009  -39.195  -19.950  -2.259 0.1428571492
79898  -36.533  -18.361  2.112 0.1428571492
78962  -37.122  -18.702  1.074 0.1428571492
80862  -36.729  -17.422  1.887 0.1428571492
75961  -23.830  -22.027  -0.585 0.2857142985
75960  -23.451  -22.024  -0.533 0.2857142985
77960  -34.049  -20.553  0.441 0.1428571492
77961  -34.914  -20.554  -0.304 0.1428571492
78975  -35.253  -19.505  -0.254 0.1428571492
78973  -33.715  -19.606  0.929 0.1428571492
78987  -35.750  -19.553  -0.931 0.1428571492
77993  -37.510  -20.792  -2.387 0.1428571492
77992  -36.617  -20.765  -2.091 0.1428571492
76929  -38.685  -20.793  -1.488 0.1428571492
76904  -37.947  -20.437  -0.344 0.1428571492
77949  -36.686  -20.141  1.359 0.1428571492
78943  -36.310  -19.404  2.217 0.1428571492
78961  -36.842  -19.096  1.398 0.1428571492
75945  -23.287  -22.563  -0.387 0.2857142985
74955  -22.860  -23.627  0.058 0.2857142985
77946  -32.244  -20.609  1.206 0.1428571492
77978  -35.722  -20.638  -1.153 0.1428571492
76918  -37.862  -21.590  -1.069 0.1428571492
79869  -36.149  -18.308  3.863 0.1428571492
79888  -36.197  -18.545  2.849 0.1428571492
77945  -31.241  -20.573  1.514 0.1428571492
77947  -33.193  -20.531  0.858 0.1428571492
76902  -34.819  -21.232  -0.582 0.1428571492
76886  -33.525  -21.113  0.459 0.1428571492
75976  -36.593  -22.708  -2.194 0.1428571492
76926  -37.108  -21.751  -2.266 0.1428571492
76917  -36.221  -21.662  -1.766 0.1428571492
76927  -38.088  -21.665  -2.150 0.1428571492
77933  -36.110  -20.436  2.077 0.1428571492
75954  -36.766  -22.204  -0.203 0.1428571492
78929  -35.940  -19.228  3.145 0.1428571492
78928  -35.957  -19.896  2.637 0.1428571492
76884  -31.557  -21.607  1.343 0.1428571492
75952  -33.746  -22.293  -0.646 0.1428571492
76900  -33.171  -22.146  0.065 0.1428571492
76885  -32.777  -21.623  0.662 0.1428571492
76915  -34.556  -22.118  -0.949 0.1428571492
76901  -33.991  -21.674  -0.318 0.1428571492
75977  -37.285  -22.686  -2.009 0.1428571492
75968  -37.389  -22.487  -1.413 0.1428571492
76888  -36.541  -21.082  1.109 0.1428571492
75964  -33.386  -22.890  -1.091 0.1428571492
75974  -34.852  -23.092  -1.772 0.1428571492
74968  -33.530  -23.170  -1.433 0.1428571492
74980  -36.362  -23.582  -2.660 0.1428571492
75975  -35.696  -23.014  -2.025 0.1428571492
74970  -37.379  -23.617  -1.640 0.1428571492
75965  -34.032  -22.627  -1.126 0.1428571492
75967  -35.790  -22.329  -1.677 0.1428571492
78974  -34.576  -19.586  0.382 0.1428571492
78908  -35.755  -19.882  3.292 0.1428571492
77934  -36.309  -19.986  1.979 0.1428571492
77979  -38.347  -20.064  -0.530 0.1428571492
78976  -37.061  -19.611  1.024 0.1428571492
80909  -39.426  -17.753  -1.753 0.1428571492
75937  -36.660  -21.557  0.577 0.1428571492
76872  -35.773  -21.215  2.317 0.1428571492
78909  -35.826  -19.431  4.026 0.1428571492
79870  -36.476  -17.725  4.384 0.1428571492
93009  -29.145  -5.062  1.453 0.4285714328
80848  -36.407  -17.469  2.926 0.1428571492
79916  -37.321  -18.272  0.827 0.1428571492
81875  -39.641  -16.723  -2.262 0.1428571492
82865  -40.159  -15.686  -3.501 0.1428571492
97067  -28.638  0.945  1.952 0.4285714328
97932  -29.003  1.856  1.839 0.4285714328
100508  -26.362  4.691  -5.454 0.1428571492
97068  -29.535  0.931  1.923 0.4285714328
101255  -26.745  6.420  -3.808 0.1428571492
83759  -39.990  -14.625  -3.757 0.1428571492
84710  -39.490  -13.569  -4.073 0.1428571492
79962  -37.169  -18.955  -3.004 0.1428571492
79963  -38.158  -18.899  -3.097 0.1428571492
79943  -39.017  -18.671  -1.313 0.1428571492
78989  -38.654  -19.429  -0.903 0.1428571492
77980  -38.778  -20.213  -1.148 0.1428571492
79931  -37.802  -18.416  0.141 0.1428571492
79002  -36.975  -19.870  -2.455 0.1428571492
78977  -37.397  -19.182  0.621 0.1428571492
77963  -37.287  -19.983  0.672 0.1428571492
78000  -38.731  -20.705  -2.236 0.1428571492
79915  -36.930  -18.229  1.412 0.1428571492
77962  -35.446  -20.072  -0.627 0.1428571492
76934  -38.402  -21.057  -2.206 0.1428571492
76919  -38.374  -20.771  -0.924 0.1428571492
76903  -37.313  -20.871  0.110 0.1428571492
77977  -35.185  -21.035  -0.733 0.1428571492
76916  -35.186  -21.662  -1.045 0.1428571492
75966  -35.030  -22.491  -1.399 0.1428571492
74981  -37.218  -23.807  -2.519 0.1428571492
74961  -36.942  -23.129  -0.916 0.1428571492
69689  -20.345  -28.379  1.902 0.1428571492
69690  -21.258  -28.300  2.020 0.1428571492
69707  -20.869  -27.828  1.721 0.1428571492
69708  -21.331  -27.626  1.675 0.1428571492
71834  -22.110  -26.080  0.772 0.1428571492
72894  -21.465  -25.515  0.785 0.1428571492
73945  -21.574  -24.625  0.577 0.1428571492
71852  -22.344  -25.600  0.645 0.1428571492
73946  -22.436  -24.530  0.397 0.1428571492
72893  -20.795  -25.646  1.094 0.1428571492
75943  -21.552  -22.759  0.298 0.1428571492
76895  -22.769  -22.114  -0.372 0.1428571492
76910  -23.286  -21.475  -0.619 0.2857142985
76911  -24.294  -21.317  -0.943 0.1428571492
77972  -24.961  -20.622  -1.350 0.1428571492
77988  -25.643  -19.981  -1.628 0.2857142985
81870  -27.184  -16.355  -2.231 0.4285714328
93008  -28.320  -4.752  1.009 0.2857142985
96273  -26.360  -0.890  0.618 0.2857142985
96258  -27.441  -0.443  1.267 0.2857142985
96259  -28.073  -0.188  1.680 0.2857142985
97084  -27.544  0.526  1.461 0.4285714328
76909  -22.722  -20.983  -0.496 0.1428571492
77971  -24.056  -20.220  -1.212 0.2857142985
71833  -21.267  -26.315  1.123 0.1428571492
73924  -21.031  -25.055  0.805 0.1428571492
74953  -21.165  -23.773  0.616 0.1428571492
76894  -22.190  -21.625  -0.194 0.1428571492
78985  -23.438  -19.365  -1.101 0.2857142985
77987  -24.901  -19.769  -1.546 0.2857142985
77986  -24.480  -19.554  -1.470 0.2857142985
78998  -26.251  -19.223  -1.701 0.2857142985
79952  -26.861  -18.385  -1.749 0.4285714328
80918  -26.629  -17.381  -2.134 0.4285714328
81869  -26.215  -16.254  -2.114 0.2857142985
92134  -28.370  -5.594  0.410 0.2857142985
92135  -29.056  -5.793  0.978 0.2857142985
93007  -27.823  -4.709  0.277 0.2857142985
93864  -27.876  -4.136  0.579 0.2857142985
93849  -28.762  -3.236  1.557 0.2857142985
95482  -26.859  -1.879  0.560 0.2857142985
95480  -25.355  -1.691  -0.149 0.2857142985
96257  -26.804  -0.626  0.806 0.2857142985
78997  -25.485  -19.106  -1.726 0.2857142985
91180  -28.851  -6.612  0.375 0.2857142985
91179  -28.228  -6.223  0.021 0.2857142985
94678  -26.103  -2.746  -0.160 0.2857142985
93848  -27.968  -3.566  0.988 0.2857142985
94663  -27.516  -2.814  0.711 0.2857142985
94679  -26.883  -2.382  0.434 0.2857142985
93877  -26.739  -4.193  -0.308 0.2857142985
93876  -26.158  -3.648  -0.517 0.2857142985
93863  -27.101  -3.610  0.238 0.2857142985
81871  -28.089  -16.397  -2.126 0.4285714328
70750  -20.940  -27.143  1.466 0.1428571492
95468  -27.230  -1.627  0.878 0.2857142985
75944  -22.414  -22.742  -0.100 0.1428571492
74954  -21.986  -23.680  0.289 0.1428571492
72912  -22.101  -25.293  0.576 0.1428571492
77970  -23.066  -20.347  -0.794 0.2857142985
95467  -26.712  -1.194  0.681 0.2857142985
79951  -26.041  -18.291  -1.871 0.4285714328
94694  -25.809  -3.122  -0.453 0.2857142985
83740  -27.311  -14.402  -1.899 0.2857142985
82849  -27.700  -15.402  -2.118 0.2857142985
127898  -30.214  9.454  -3.977 0.1428571492
127881  -29.490  7.948  -4.235 0.1428571492
127887  -28.915  9.919  -4.317 0.1428571492
101982  -27.443  7.319  -4.190 0.1428571492
101270  -26.878  6.932  -3.912 0.1428571492
101969  -28.491  8.186  -3.280 0.1428571492
105369  -29.719  12.070  -1.527 0.1428571492
84682  -26.977  -13.600  -1.872 0.2857142985
101280  -26.858  6.296  -4.996 0.1428571492
101256  -27.398  6.780  -3.373 0.1428571492
101959  -28.621  6.721  -2.328 0.1428571492
104723  -29.129  9.710  -2.778 0.1428571492
101970  -28.199  7.107  -2.790 0.1428571492
127899  -29.276  10.693  -3.405 0.1428571492
105370  -29.919  11.531  -2.504 0.1428571492
127895  -29.330  10.473  -2.925 0.1428571492
105365  -29.266  11.852  -0.703 0.1428571492
104724  -29.786  10.604  -2.228 0.1428571492
105374  -29.476  10.402  -4.316 0.1428571492
101983  -28.888  8.673  -4.330 0.1428571492
127890  -28.833  9.959  -3.818 0.1428571492
105371  -31.028  10.926  -3.041 0.1428571492
101993  -28.415  7.080  -4.646 0.1428571492
93035  -25.955  -5.144  -1.329 0.1428571492
92133  -27.789  -5.548  -0.139 0.1428571492
93022  -27.184  -4.745  -0.208 0.1428571492
94677  -25.420  -2.414  -0.344 0.1428571492
95495  -23.425  -1.456  -1.125 0.1428571492
96286  -23.740  -0.789  -0.718 0.1428571492
91195  -28.342  -6.878  -0.070 0.1428571492
95497  -25.070  -2.242  -0.425 0.1428571492
97111  -23.153  -0.027  -0.336 0.1428571492
96270  -24.037  -0.197  -0.220 0.1428571492
97099  -23.536  0.590  0.213 0.2857142985
89301  -27.070  -8.198  -0.888 0.1428571492
90249  -27.315  -7.478  -0.581 0.1428571492
91193  -26.909  -6.581  -0.781 0.1428571492
90318  -35.569  -7.662  -7.257 0.1428571492
93020  -25.858  -4.400  -0.989 0.1428571492
96272  -25.722  -0.828  0.396 0.1428571492
97101  -25.327  0.111  0.459 0.1428571492
97100  -24.452  0.368  0.281 0.1428571492
97956  -24.911  1.041  0.678 0.2857142985
97941  -26.230  1.587  1.054 0.2857142985
99663  -24.612  4.284  1.494 0.2857142985
100410  -26.124  4.958  1.543 0.2857142985
103318  -26.262  9.182  1.573 0.1428571492
101896  -24.669  7.542  4.039 0.1428571492
97066  -27.816  1.254  1.716 0.2857142985
98841  -26.444  2.145  1.256 0.2857142985
98830  -28.451  2.799  2.001 0.2857142985
98827  -26.097  3.069  1.279 0.2857142985
99675  -25.141  3.367  1.327 0.2857142985
99666  -27.856  3.783  1.813 0.2857142985
99664  -25.775  3.720  1.386 0.2857142985
100411  -27.152  4.824  1.840 0.2857142985
101915  -25.657  7.056  2.298 0.1428571492
100408  -23.936  5.375  1.742 0.2857142985
103984  -25.245  9.779  2.609 0.1428571492
99673  -23.321  3.526  1.555 0.1428571492
99672  -22.584  3.500  1.812 0.1428571492
97098  -22.592  0.762  0.066 0.2857142985
99662  -23.611  4.437  1.666 0.2857142985
101193  -25.381  6.122  1.824 0.1428571492
101914  -24.870  6.834  2.496 0.1428571492
101192  -24.325  6.312  2.197 0.1428571492
97097  -21.413  0.617  0.144 0.2857142985
100407  -22.991  5.317  2.290 0.1428571492
101895  -24.274  6.806  4.192 0.1428571492
101180  -23.208  5.929  3.291 0.1428571492
96254  -19.191  -0.892  1.566 0.1428571492
91246  -36.052  -6.757  -7.667 0.1428571492
89365  -38.022  -8.804  -5.922 0.1428571492
89321  -27.369  -8.726  -1.198 0.1428571492
91206  -26.336  -6.649  -1.296 0.1428571492
92160  -26.029  -5.938  -1.550 0.1428571492
93034  -25.390  -4.519  -1.493 0.1428571492
93888  -24.877  -3.644  -1.404 0.1428571492
94705  -24.781  -3.201  -1.104 0.1428571492
95505  -23.080  -2.070  -1.553 0.1428571492
95479  -24.763  -1.256  -0.331 0.1428571492
97109  -21.716  0.007  -0.379 0.1428571492
96271  -24.869  -0.618  -0.012 0.1428571492
97940  -25.344  1.756  1.077 0.1428571492
97939  -24.436  1.880  1.017 0.1428571492
98840  -25.801  2.708  1.226 0.2857142985
98838  -23.886  2.691  1.248 0.1428571492
99676  -25.582  3.272  1.296 0.1428571492
100397  -22.738  5.236  3.325 0.1428571492
101191  -23.471  6.122  2.387 0.1428571492
101181  -23.764  6.547  3.232 0.1428571492
90320  -37.141  -8.412  -6.757 0.1428571492
90319  -36.740  -7.808  -7.100 0.1428571492
101902  -24.295  7.057  3.138 0.1428571492
88351  -27.509  -9.607  -1.473 0.1428571492
90238  -28.830  -7.496  -0.066 0.1428571492
88393  -38.327  -9.529  -5.345 0.1428571492
97931  -28.166  1.956  1.855 0.2857142985
97102  -26.143  -0.149  0.671 0.1428571492
97083  -26.787  0.493  0.908 0.1428571492
92147  -26.524  -5.755  -1.115 0.1428571492
93875  -25.473  -3.850  -1.012 0.1428571492
94693  -25.146  -2.970  -0.682 0.1428571492
95507  -24.282  -2.399  -1.006 0.1428571492
95496  -24.443  -1.848  -0.691 0.1428571492
96287  -24.397  -0.907  -0.457 0.1428571492
97110  -22.239  0.080  -0.452 0.1428571492
90248  -26.631  -7.519  -0.978 0.1428571492
97082  -25.824  0.831  0.724 0.2857142985
97955  -24.008  1.238  0.624 0.2857142985
97942  -27.064  1.572  1.216 0.2857142985
100409  -25.015  5.162  1.612 0.2857142985
98828  -26.652  2.747  1.410 0.2857142985
97930  -27.480  2.077  1.577 0.2857142985
98829  -27.582  2.855  1.759 0.2857142985
99665  -26.861  3.812  1.648 0.2857142985
99674  -24.227  3.513  1.397 0.1428571492
97938  -23.650  1.987  0.950 0.1428571492
78983  -21.956  -19.570  -0.108 0.1428571492
78995  -24.163  -19.150  -1.420 0.1428571492
79937  -22.305  -18.576  -0.417 0.1428571492
80904  -22.652  -17.623  -0.684 0.1428571492
81854  -22.938  -16.883  -0.957 0.1428571492
79948  -23.745  -18.386  -1.321 0.1428571492
81866  -23.550  -16.454  -1.309 0.1428571492
80915  -24.067  -17.398  -1.528 0.1428571492
79950  -25.265  -18.224  -1.686 0.1428571492
81867  -24.468  -16.353  -1.646 0.1428571492
80916  -24.897  -17.311  -1.747 0.1428571492
80917  -25.726  -17.304  -1.981 0.1428571492
81868  -25.327  -16.263  -1.913 0.1428571492
82846  -24.847  -15.308  -1.889 0.1428571492
82861  -26.149  -14.503  -2.242 0.1428571492
85573  -27.995  -12.700  -2.069 0.1428571492
97953  -22.182  1.555  0.497 0.1428571492
79949  -24.501  -18.260  -1.543 0.1428571492
77969  -22.357  -20.450  -0.369 0.1428571492
79936  -21.533  -18.612  0.058 0.1428571492
79938  -23.041  -18.507  -0.878 0.1428571492
99661  -22.825  4.298  2.053 0.1428571492
78984  -22.681  -19.482  -0.645 0.1428571492
78996  -24.792  -19.027  -1.632 0.1428571492
82848  -26.690  -15.153  -2.156 0.1428571492
80903  -21.859  -17.619  -0.299 0.1428571492
80914  -23.334  -17.552  -1.135 0.1428571492
82845  -24.012  -15.364  -1.526 0.1428571492
81865  -22.865  -16.173  -0.985 0.1428571492
78970  -21.088  -19.624  0.376 0.1428571492
71835  -22.927  -25.926  0.932 0.2857142985
76914  -26.346  -21.321  -0.556 0.4285714328
76920  -38.727  -20.594  -1.344 0.1428571492
76928  -38.559  -21.029  -1.734 0.1428571492
76935  -38.541  -21.188  -2.055 0.1428571492
77948  -36.368  -20.701  1.565 0.1428571492
77964  -37.790  -20.004  0.099 0.1428571492
77975  -27.208  -20.424  -0.704 0.7142857313
77994  -38.893  -20.762  -1.965 0.1428571492
77995  -38.957  -20.497  -1.707 0.1428571492
77999  -38.217  -20.706  -2.447 0.1428571492
78001  -39.038  -20.547  -2.075 0.1428571492
78942  -36.173  -19.939  2.239 0.1428571492
78971  -28.443  -19.160  0.151 0.4285714328
79910  -29.253  -18.790  0.823 0.2857142985
80876  -30.339  -18.096  0.924 0.2857142985
80924  -39.349  -16.985  -3.172 0.1428571492
80932  -39.079  -16.847  -3.348 0.2857142985
81887  -39.421  -16.236  -3.571 0.2857142985
81896  -39.248  -15.725  -3.856 0.2857142985
82872  -37.925  -15.388  -3.719 0.4285714328
83726  -34.412  -14.465  0.170 0.5714285970
83768  -39.233  -14.525  -3.967 0.2857142985
84653  -34.038  -14.282  0.212 0.7142857313
84667  -32.225  -13.747  -0.408 0.8571428657
84708  -37.703  -13.809  -4.197 0.4285714328
84717  -39.355  -12.941  -4.370 0.1428571492
86525  -35.701  -11.511  -4.689 0.4285714328
86536  -36.399  -11.808  -5.218 0.4285714328
86543  -38.105  -10.853  -5.489 0.1428571492
87402  -30.122  -11.258  -1.564 0.7142857313
87431  -35.668  -11.483  -4.416 0.4285714328
87441  -36.420  -11.179  -5.562 0.4285714328
87442  -38.878  -10.679  -5.053 0.1428571492
87449  -37.832  -10.460  -5.844 0.1428571492
87452  -36.595  -10.016  -6.515 0.2857142985
88326  -27.719  -8.992  -1.112 0.1428571492
88382  -35.391  -10.072  -4.097 0.7142857313
88403  -38.049  -9.706  -6.163 0.2857142985
88404  -38.276  -10.212  -5.787 0.1428571492
88408  -35.616  -9.610  -6.609 0.5714285970
89322  -35.176  -8.686  -2.362 0.8571428657
89334  -35.175  -8.430  -3.012 0.8571428657
89363  -34.839  -8.367  -6.658 0.2857142985
89373  -36.802  -8.784  -6.886 0.2857142985
90250  -28.098  -7.555  -0.323 0.1428571492
90252  -31.527  -7.810  -0.120 0.8571428657
90268  -34.530  -7.684  -1.999 1.0000000000
90280  -35.083  -8.271  -3.456 0.8571428657
90298  -33.963  -7.369  -5.214 0.5714285970
90300  -34.834  -8.686  -4.773 0.5714285970
90317  -34.820  -7.701  -6.923 0.4285714328
91194  -27.700  -6.542  -0.367 0.1428571492
91197  -31.737  -7.042  0.060 0.8571428657
91224  -34.297  -7.112  -4.124 0.7142857313
92138  -31.952  -5.365  0.424 0.8571428657
92148  -27.145  -5.629  -0.618 0.1428571492
92992  -29.098  -3.999  1.509 0.4285714328
93021  -26.503  -4.780  -0.731 0.1428571492
93037  -33.035  -4.867  -1.577 0.8571428657
93078  -33.433  -4.724  -7.559 0.1428571492
93847  -27.573  -3.316  0.605 0.2857142985
93862  -26.445  -3.342  -0.134 0.2857142985
93901  -31.532  -3.254  -3.920 0.5714285970
94666  -30.037  -2.210  1.877 0.5714285970
94682  -32.184  -2.439  0.339 0.8571428657
94692  -24.529  -2.559  -0.872 0.1428571492
94704  -24.392  -2.926  -1.261 0.1428571492
95481  -26.417  -1.647  0.396 0.2857142985
95494  -22.530  -1.402  -1.203 0.1428571492
95506  -23.853  -2.246  -1.237 0.1428571492
96243  -28.592  0.046  1.857 0.5714285970
96269  -21.448  -0.135  -0.313 0.1428571492
96285  -22.816  -0.654  -0.849 0.1428571492
96288  -31.699  -0.096  -1.479 0.5714285970
96299  -31.838  -0.706  -1.948 0.5714285970
97069  -30.348  0.866  1.760 0.8571428657
97078  -19.450  -0.490  1.413 0.1428571492
97085  -28.112  0.502  1.821 0.4285714328
97974  -29.361  1.899  -2.978 0.1428571492
97986  -27.967  1.922  -4.176 0.1428571492
97997  -27.462  1.771  -4.924 0.1428571492
98839  -24.812  2.655  1.230 0.2857142985
98891  -27.059  3.221  -3.945 0.1428571492
99699  -30.632  3.576  -0.702 0.5714285970
99728  -25.996  4.740  -4.744 0.2857142985
99741  -26.221  4.419  -5.364 0.1428571492
99757  -26.443  4.416  -5.529 0.1428571492
100424  -30.433  4.375  1.468 0.7142857313
100449  -30.730  4.183  -0.283 0.5714285970
100470  -26.857  6.083  -3.490 0.1428571492
100509  -26.676  4.696  -5.523 0.1428571492
101210  -30.506  5.386  1.162 0.7142857313
101221  -30.804  4.823  -0.044 0.4285714328
101269  -26.618  6.588  -4.405 0.1428571492
101981  -26.885  7.089  -4.423 0.1428571492
101991  -26.959  7.052  -4.667 0.1428571492
101992  -27.658  7.188  -4.741 0.1428571492
102601  -29.746  6.992  1.675 0.5714285970
104008  -25.783  10.072  0.992 0.1428571492
104695  -26.677  10.038  0.814 0.1428571492
104709  -25.284  10.484  1.171 0.1428571492
104710  -25.868  10.321  0.753 0.1428571492
105348  -25.363  11.665  0.817 0.1428571492
105359  -25.967  11.257  0.338 0.1428571492
105360  -26.764  11.367  0.408 0.1428571492
105373  -29.324  10.682  -3.807 0.1428571492
127888  -28.864  10.324  -4.236 0.1428571492
127891  -28.888  10.075  -3.304 0.1428571492
127893  -29.072  10.384  -3.332 0.1428571492
127894  -28.925  10.462  -3.922 0.1428571492
127896  -29.358  10.683  -3.038 0.1428571492
127897  -28.896  10.372  -4.197 0.1428571492
