#!ascii label  , from subject sub-1633992 vox2ras=TkReg
1216
55468  22.565  -34.631  66.269 0.0000000000
57586  35.706  -33.142  73.476 0.0000000000
73346  41.930  -19.301  48.763 0.0000000000
68141  34.181  -24.923  58.866 0.0000000000
62947  40.243  -29.384  65.162 0.0000000000
87206  49.225  -5.497  42.916 0.0000000000
71254  43.662  -20.383  52.410 0.0000000000
72319  38.472  -20.171  51.584 0.0000000000
52694  18.398  -38.105  65.147 0.0000000000
58831  29.276  -32.581  70.461 0.0000000000
60050  33.774  -30.625  67.283 0.0000000000
58924  25.926  -32.564  62.858 0.0000000000
79193  45.847  -12.161  45.251 0.0000000000
55415  25.112  -34.229  71.655 0.0000000000
54491  20.768  -35.549  71.174 0.0000000000
77325  46.370  -15.057  49.577 0.0000000000
51744  15.628  -39.724  70.617 0.0000000000
46762  13.727  -45.103  69.197 0.0000000000
72237  38.111  -20.041  57.640 0.0000000000
66017  36.672  -27.532  62.064 0.0000000000
58983  38.195  -32.153  59.738 0.0000000000
56512  36.419  -32.493  63.225 0.0000000000
74341  43.127  -18.320  53.681 0.0000000000
72316  40.992  -20.567  51.714 0.0000000000
73290  40.330  -18.178  54.178 0.0000000000
72263  46.165  -18.678  54.219 0.0000000000
55505  22.081  -36.162  62.381 0.0000000000
53626  20.522  -38.395  62.063 0.0000000000
54525  20.244  -35.814  65.603 0.0000000000
56488  26.072  -34.015  67.745 0.0000000000
58881  27.799  -32.530  66.769 0.0000000000
56514  24.637  -33.632  64.667 0.0000000000
56553  23.659  -35.072  61.350 0.0000000000
76413  40.629  -16.704  48.257 0.0000000000
73343  44.902  -19.014  49.421 0.0000000000
75409  44.147  -17.400  49.544 0.0000000000
77342  42.981  -14.642  48.236 0.0000000000
53529  19.431  -37.138  74.204 0.0000000000
53552  17.421  -37.248  70.897 0.0000000000
52631  17.010  -38.402  73.960 0.0000000000
46693  13.926  -45.092  74.626 0.0000000000
47641  14.316  -43.804  71.857 0.0000000000
45783  13.499  -45.825  70.933 0.0000000000
43840  11.985  -48.232  70.841 0.0000000000
42840  11.894  -48.946  72.445 0.0000000000
67005  37.643  -26.510  64.780 0.0000000000
64960  38.934  -28.400  63.070 0.0000000000
62999  38.260  -30.084  60.629 0.0000000000
61149  39.180  -30.569  62.120 0.0000000000
61129  31.592  -31.129  63.500 0.0000000000
58893  35.281  -31.339  64.948 0.0000000000
58937  33.936  -31.856  61.915 0.0000000000
56573  34.731  -33.250  59.742 0.0000000000
71199  35.725  -21.878  58.410 0.0000000000
71215  35.218  -21.271  55.584 0.0000000000
69200  33.488  -23.683  56.284 0.0000000000
88201  52.447  -4.140  40.291 0.0000000000
87220  49.923  -5.043  40.051 0.0000000000
70253  43.314  -20.882  49.537 0.0000000000
69242  41.102  -21.947  49.947 0.0000000000
70213  46.020  -19.979  52.000 0.0000000000
58800  31.998  -32.260  72.424 0.0000000000
58826  34.689  -31.574  70.846 0.0000000000
61059  31.324  -31.110  68.825 0.0000000000
60092  29.111  -31.038  65.044 0.0000000000
60157  27.877  -30.999  60.653 0.0000000000
79175  48.382  -12.218  45.712 0.0000000000
81197  48.034  -11.528  44.282 0.0000000000
82171  47.453  -9.484  43.911 0.0000000000
85252  47.337  -7.532  42.208 0.0000000000
55429  24.396  -34.680  69.293 0.0000000000
55445  21.434  -35.384  68.531 0.0000000000
54488  23.085  -35.438  71.614 0.0000000000
56467  26.820  -33.697  70.906 0.0000000000
78240  46.113  -13.187  47.075 0.0000000000
55448  18.951  -35.919  68.349 0.0000000000
52673  16.825  -39.216  67.376 0.0000000000
50823  15.578  -41.251  67.108 0.0000000000
50728  15.366  -40.649  73.528 0.0000000000
49774  14.737  -42.575  69.401 0.0000000000
40778  9.927  -51.258  74.237 0.0000000000
73248  40.367  -18.968  57.676 0.0000000000
69177  35.876  -23.079  61.225 0.0000000000
68101  35.826  -24.440  63.764 0.0000000000
66028  35.207  -26.526  60.907 0.0000000000
64020  36.377  -29.044  59.310 0.0000000000
62075  37.322  -31.098  57.922 0.0000000000
57839  36.359  -33.174  55.522 0.0000000000
57631  36.779  -31.820  68.618 0.0000000000
57653  37.878  -32.259  66.793 0.0000000000
57693  38.596  -32.253  64.157 0.0000000000
57736  37.268  -32.982  61.231 0.0000000000
56611  35.382  -33.540  58.243 0.0000000000
72286  38.105  -19.269  54.323 0.0000000000
71271  35.955  -21.185  51.651 0.0000000000
75363  43.182  -16.904  55.620 0.0000000000
74342  42.211  -18.122  53.619 0.0000000000
74326  41.623  -17.599  55.546 0.0000000000
74324  44.196  -17.211  54.656 0.0000000000
55485  22.326  -34.931  63.998 0.0000000000
55496  21.142  -35.964  63.893 0.0000000000
55478  21.626  -34.933  65.424 0.0000000000
56490  24.603  -34.508  66.960 0.0000000000
56504  25.464  -33.677  66.200 0.0000000000
56506  23.979  -34.168  65.236 0.0000000000
55484  22.974  -34.540  63.548 0.0000000000
74386  41.493  -18.426  48.892 0.0000000000
73345  43.067  -19.143  48.885 0.0000000000
74383  44.556  -18.295  49.435 0.0000000000
74385  42.540  -18.385  49.104 0.0000000000
75411  42.020  -17.481  49.185 0.0000000000
45759  13.369  -45.840  74.305 0.0000000000
46710  13.886  -45.414  72.683 0.0000000000
45775  13.116  -46.697  72.373 0.0000000000
44829  12.780  -47.156  70.781 0.0000000000
43831  12.535  -47.788  72.536 0.0000000000
42847  11.847  -48.827  71.811 0.0000000000
65969  39.365  -27.796  64.873 0.0000000000
64958  39.537  -28.692  64.218 0.0000000000
63979  39.266  -29.197  62.711 0.0000000000
62009  39.503  -30.045  63.110 0.0000000000
57596  36.258  -33.061  72.690 0.0000000000
60138  31.438  -30.820  61.534 0.0000000000
60120  32.798  -31.325  62.454 0.0000000000
58954  31.825  -31.118  60.683 0.0000000000
57761  33.026  -32.297  59.510 0.0000000000
69192  34.612  -23.699  58.943 0.0000000000
70173  34.513  -22.670  57.618 0.0000000000
86253  49.095  -6.488  44.021 0.0000000000
87197  49.797  -5.553  43.995 0.0000000000
88174  50.293  -4.600  43.109 0.0000000000
88195  50.844  -4.390  41.167 0.0000000000
87215  49.610  -5.085  40.798 0.0000000000
70236  43.651  -21.214  51.026 0.0000000000
69257  42.395  -21.485  49.742 0.0000000000
69235  42.647  -21.598  51.046 0.0000000000
72318  39.478  -20.290  51.483 0.0000000000
70239  39.984  -21.758  50.485 0.0000000000
71282  38.819  -21.496  50.546 0.0000000000
71231  44.772  -19.087  53.246 0.0000000000
70224  44.256  -20.660  51.478 0.0000000000
70252  44.211  -20.503  49.894 0.0000000000
53608  19.164  -37.979  63.994 0.0000000000
51786  17.449  -39.733  64.859 0.0000000000
58815  30.486  -32.354  71.461 0.0000000000
58828  32.358  -31.773  71.103 0.0000000000
60023  29.806  -31.967  69.396 0.0000000000
58908  26.754  -32.043  64.491 0.0000000000
60082  28.183  -31.544  65.555 0.0000000000
60094  27.420  -31.528  63.644 0.0000000000
60107  28.273  -30.968  63.231 0.0000000000
60142  26.798  -31.594  61.714 0.0000000000
57763  25.276  -33.338  60.315 0.0000000000
63044  35.316  -29.861  56.814 0.0000000000
79177  46.978  -12.385  45.404 0.0000000000
79190  48.195  -12.039  45.142 0.0000000000
80167  47.250  -11.957  44.699 0.0000000000
81217  46.641  -10.288  43.926 0.0000000000
83127  46.433  -9.061  42.883 0.0000000000
84181  47.281  -8.097  42.778 0.0000000000
55420  25.090  -34.048  70.810 0.0000000000
55430  23.270  -35.180  69.829 0.0000000000
55421  24.284  -34.515  71.262 0.0000000000
56464  26.053  -34.082  71.289 0.0000000000
56468  26.006  -33.962  70.430 0.0000000000
77350  47.580  -13.329  48.020 0.0000000000
77351  46.526  -13.487  48.004 0.0000000000
78242  43.668  -13.751  47.225 0.0000000000
54500  21.438  -35.396  70.382 0.0000000000
55446  20.486  -35.601  68.475 0.0000000000
54502  19.520  -35.717  69.866 0.0000000000
53553  16.787  -38.025  70.575 0.0000000000
53563  16.767  -38.256  69.548 0.0000000000
52649  16.492  -39.011  69.325 0.0000000000
51758  16.222  -39.698  67.915 0.0000000000
50804  15.727  -40.245  68.496 0.0000000000
49717  15.014  -41.695  74.004 0.0000000000
47688  14.212  -44.202  70.370 0.0000000000
48748  14.537  -43.100  71.328 0.0000000000
47729  14.352  -43.861  68.999 0.0000000000
48779  14.511  -43.216  68.602 0.0000000000
70148  36.820  -21.882  60.750 0.0000000000
67022  37.713  -27.201  63.832 0.0000000000
67024  36.101  -25.416  64.377 0.0000000000
67064  36.001  -26.745  62.476 0.0000000000
67065  35.306  -25.691  62.050 0.0000000000
66018  35.687  -26.721  61.681 0.0000000000
64996  35.507  -27.969  59.862 0.0000000000
64984  36.433  -28.303  60.974 0.0000000000
61175  38.335  -30.989  59.790 0.0000000000
62053  37.568  -30.488  59.047 0.0000000000
60192  37.428  -31.621  58.126 0.0000000000
59029  37.217  -32.012  56.851 0.0000000000
59012  36.780  -32.471  57.714 0.0000000000
60033  34.109  -30.811  68.943 0.0000000000
58840  35.671  -31.444  69.843 0.0000000000
58854  34.994  -31.135  68.586 0.0000000000
57681  35.910  -32.153  63.600 0.0000000000
57655  36.817  -31.963  66.151 0.0000000000
57679  36.939  -32.329  64.356 0.0000000000
57677  38.183  -32.529  64.825 0.0000000000
57695  37.410  -32.483  63.817 0.0000000000
57714  37.839  -32.511  62.608 0.0000000000
56534  36.356  -32.899  62.088 0.0000000000
56613  34.423  -33.494  58.175 0.0000000000
56612  34.916  -33.586  58.215 0.0000000000
72236  39.111  -19.301  57.508 0.0000000000
72265  38.855  -19.017  55.766 0.0000000000
72246  38.219  -19.678  56.587 0.0000000000
70190  34.557  -21.642  54.623 0.0000000000
71247  35.801  -20.551  53.538 0.0000000000
88208  52.971  -4.304  39.407 0.0000000000
72294  43.451  -19.586  53.103 0.0000000000
71256  41.896  -20.798  51.947 0.0000000000
73308  41.918  -19.438  52.730 0.0000000000
73309  40.959  -19.186  52.531 0.0000000000
72307  39.220  -19.574  52.075 0.0000000000
74322  45.876  -17.499  54.919 0.0000000000
73288  44.779  -18.532  54.014 0.0000000000
54546  20.853  -36.886  63.117 0.0000000000
54539  20.001  -36.787  64.168 0.0000000000
53598  19.325  -37.096  64.949 0.0000000000
57632  27.530  -32.922  69.065 0.0000000000
58867  28.503  -32.404  68.281 0.0000000000
57656  26.806  -33.316  66.832 0.0000000000
57670  25.846  -33.102  65.779 0.0000000000
57700  25.445  -32.956  63.407 0.0000000000
57720  24.755  -33.649  62.045 0.0000000000
56538  24.212  -33.993  62.508 0.0000000000
55504  22.684  -35.749  62.073 0.0000000000
79194  44.599  -12.174  45.167 0.0000000000
55411  24.227  -34.536  72.675 0.0000000000
74382  45.435  -18.269  49.660 0.0000000000
75408  45.119  -17.379  49.659 0.0000000000
77326  45.334  -15.260  49.425 0.0000000000
77340  44.902  -14.452  48.769 0.0000000000
77328  43.270  -15.426  49.074 0.0000000000
77329  42.174  -15.529  48.657 0.0000000000
54476  20.258  -36.147  72.855 0.0000000000
54485  19.065  -36.146  71.575 0.0000000000
53538  18.112  -36.974  73.066 0.0000000000
53539  17.185  -37.672  72.850 0.0000000000
51733  15.757  -39.180  71.960 0.0000000000
48726  14.802  -43.001  73.630 0.0000000000
47629  14.150  -44.729  73.309 0.0000000000
46729  13.932  -45.277  71.584 0.0000000000
45794  13.450  -45.737  69.819 0.0000000000
45795  13.096  -46.430  70.332 0.0000000000
67021  38.349  -27.438  63.954 0.0000000000
66015  38.106  -28.313  62.783 0.0000000000
64982  37.755  -28.838  61.501 0.0000000000
63990  38.622  -29.351  61.766 0.0000000000
62027  38.882  -30.388  61.397 0.0000000000
60154  38.825  -31.266  60.956 0.0000000000
61093  32.726  -30.819  65.713 0.0000000000
60078  34.841  -30.928  65.793 0.0000000000
60089  34.079  -31.253  64.305 0.0000000000
58905  34.389  -31.539  63.522 0.0000000000
57698  35.030  -32.322  62.393 0.0000000000
56536  35.317  -32.916  61.394 0.0000000000
57737  34.446  -32.631  60.870 0.0000000000
56596  33.388  -33.062  58.435 0.0000000000
71198  36.734  -21.057  58.398 0.0000000000
72248  36.635  -20.692  56.989 0.0000000000
71208  35.200  -21.545  56.562 0.0000000000
70180  34.488  -21.947  55.739 0.0000000000
88186  52.155  -3.581  42.071 0.0000000000
88202  51.443  -4.371  40.369 0.0000000000
71312  43.126  -20.276  48.874 0.0000000000
72368  40.797  -20.355  48.119 0.0000000000
70274  41.437  -21.205  48.763 0.0000000000
70238  40.992  -21.780  50.518 0.0000000000
69243  40.163  -22.170  49.839 0.0000000000
71212  46.942  -19.012  54.307 0.0000000000
70202  46.796  -19.644  52.526 0.0000000000
70232  46.649  -20.207  51.098 0.0000000000
71295  45.446  -19.874  50.103 0.0000000000
71311  43.933  -19.876  49.144 0.0000000000
57598  34.312  -32.870  73.113 0.0000000000
57608  35.367  -32.650  72.124 0.0000000000
58812  33.773  -32.046  71.820 0.0000000000
60009  33.245  -31.266  70.508 0.0000000000
60035  32.196  -30.758  68.524 0.0000000000
60051  29.525  -31.751  68.078 0.0000000000
61078  30.993  -30.924  67.214 0.0000000000
61094  31.453  -30.763  66.142 0.0000000000
61131  30.487  -31.009  64.210 0.0000000000
60123  29.259  -30.644  62.323 0.0000000000
60156  29.017  -30.652  60.295 0.0000000000
82164  49.141  -10.376  44.045 0.0000000000
81207  46.594  -10.814  44.105 0.0000000000
82165  47.980  -10.162  44.058 0.0000000000
83117  49.348  -9.505  44.349 0.0000000000
84179  48.223  -8.348  44.251 0.0000000000
85248  48.161  -7.152  43.425 0.0000000000
86258  48.034  -6.522  42.306 0.0000000000
87217  48.347  -5.893  41.260 0.0000000000
55456  23.802  -34.625  67.115 0.0000000000
55457  22.624  -34.816  67.440 0.0000000000
55444  22.460  -35.107  68.572 0.0000000000
54499  22.343  -35.395  70.599 0.0000000000
54490  21.670  -35.560  71.346 0.0000000000
55417  23.475  -35.048  72.556 0.0000000000
54475  21.097  -36.140  72.926 0.0000000000
54464  20.703  -36.937  74.347 0.0000000000
57577  34.260  -33.044  74.381 0.0000000000
57589  32.509  -32.755  73.997 0.0000000000
57609  31.186  -32.472  72.548 0.0000000000
57617  29.707  -32.629  71.510 0.0000000000
57612  28.276  -33.089  71.457 0.0000000000
57619  28.089  -33.057  70.829 0.0000000000
56477  26.508  -33.569  69.117 0.0000000000
55441  25.362  -34.403  68.496 0.0000000000
78237  49.105  -12.827  47.187 0.0000000000
78250  47.764  -12.628  46.276 0.0000000000
78252  45.667  -12.862  46.350 0.0000000000
77353  44.482  -14.039  47.933 0.0000000000
78253  44.463  -13.089  46.385 0.0000000000
79180  43.944  -12.766  45.576 0.0000000000
55470  20.690  -35.408  66.562 0.0000000000
54518  19.352  -35.945  66.852 0.0000000000
53590  18.386  -37.060  66.527 0.0000000000
54504  17.910  -36.845  69.069 0.0000000000
54512  18.049  -36.964  68.063 0.0000000000
52683  17.470  -38.678  66.625 0.0000000000
51774  16.637  -39.937  66.235 0.0000000000
50841  16.138  -40.794  66.279 0.0000000000
51729  15.903  -39.504  73.344 0.0000000000
50747  15.191  -40.604  71.767 0.0000000000
49748  14.915  -41.411  71.215 0.0000000000
49760  14.919  -41.503  69.921 0.0000000000
49773  15.001  -41.667  68.737 0.0000000000
41809  10.985  -50.128  74.323 0.0000000000
74294  41.846  -18.270  57.388 0.0000000000
72211  37.941  -20.528  59.359 0.0000000000
71175  36.893  -21.501  59.978 0.0000000000
70162  35.809  -22.320  59.643 0.0000000000
69188  34.974  -23.695  59.839 0.0000000000
69159  35.584  -23.750  62.374 0.0000000000
68122  35.063  -24.597  61.387 0.0000000000
67103  34.319  -25.489  59.458 0.0000000000
66063  34.458  -27.113  59.162 0.0000000000
64022  34.884  -28.572  58.453 0.0000000000
63031  36.247  -29.898  58.151 0.0000000000
64019  37.159  -29.373  59.675 0.0000000000
63030  36.801  -30.122  58.355 0.0000000000
62077  36.550  -30.631  56.907 0.0000000000
61200  36.981  -31.738  55.915 0.0000000000
59046  36.933  -32.630  54.858 0.0000000000
61090  40.295  -30.196  65.888 0.0000000000
58809  36.423  -32.473  71.302 0.0000000000
57623  36.910  -32.024  69.757 0.0000000000
57629  38.091  -31.996  69.113 0.0000000000
58879  36.044  -31.359  66.572 0.0000000000
57641  37.355  -32.034  67.643 0.0000000000
57639  38.425  -31.968  68.273 0.0000000000
58876  39.179  -31.704  66.980 0.0000000000
58888  39.620  -31.608  65.617 0.0000000000
60088  39.756  -31.010  64.757 0.0000000000
58935  39.094  -31.392  63.050 0.0000000000
58952  38.357  -32.394  61.399 0.0000000000
57758  37.744  -32.871  60.240 0.0000000000
56571  35.745  -33.409  60.131 0.0000000000
56591  35.934  -33.500  59.265 0.0000000000
57791  36.269  -33.300  58.776 0.0000000000
57823  35.746  -33.383  56.465 0.0000000000
73279  40.198  -18.155  55.329 0.0000000000
73302  38.842  -18.861  53.901 0.0000000000
72308  38.265  -19.674  52.376 0.0000000000
72288  36.566  -20.141  55.102 0.0000000000
72310  36.481  -20.038  53.091 0.0000000000
71270  36.844  -20.833  51.332 0.0000000000
86270  48.631  -5.861  39.644 0.0000000000
74325  42.416  -17.169  55.068 0.0000000000
74306  42.336  -17.390  56.245 0.0000000000
55477  22.411  -34.684  65.112 0.0000000000
55486  21.683  -35.299  64.409 0.0000000000
55467  23.358  -34.493  65.801 0.0000000000
56499  24.259  -34.350  66.253 0.0000000000
55476  23.134  -34.482  64.662 0.0000000000
73347  41.058  -19.148  48.583 0.0000000000
44795  13.003  -46.452  74.095 0.0000000000
45766  13.289  -46.182  73.213 0.0000000000
45767  13.004  -46.781  72.989 0.0000000000
44815  12.767  -47.369  71.833 0.0000000000
44805  12.814  -47.243  72.768 0.0000000000
63944  40.232  -28.794  65.469 0.0000000000
64943  39.798  -28.453  64.788 0.0000000000
63953  39.861  -29.015  64.639 0.0000000000
62964  39.592  -29.663  63.475 0.0000000000
62000  39.995  -29.763  64.325 0.0000000000
57575  36.017  -33.095  73.895 0.0000000000
58955  30.884  -30.951  60.389 0.0000000000
58972  31.108  -31.306  59.792 0.0000000000
58985  31.146  -31.678  58.878 0.0000000000
69193  34.086  -24.051  58.243 0.0000000000
69196  34.387  -23.327  58.163 0.0000000000
87207  48.666  -5.997  42.770 0.0000000000
87211  49.389  -5.119  41.683 0.0000000000
88188  50.104  -4.659  42.013 0.0000000000
70225  43.302  -21.179  51.463 0.0000000000
69234  42.876  -21.564  51.063 0.0000000000
70216  43.165  -20.885  52.033 0.0000000000
71268  38.697  -20.883  51.039 0.0000000000
70241  38.158  -21.972  50.096 0.0000000000
71283  37.956  -21.373  50.541 0.0000000000
71245  44.192  -19.698  52.870 0.0000000000
70205  44.661  -19.645  52.619 0.0000000000
70215  44.186  -20.316  52.215 0.0000000000
52706  18.552  -38.366  64.512 0.0000000000
52722  19.054  -38.950  63.232 0.0000000000
52707  18.127  -39.239  64.191 0.0000000000
52695  17.943  -38.680  65.344 0.0000000000
58830  29.991  -32.327  70.875 0.0000000000
58842  30.631  -31.918  70.391 0.0000000000
58843  29.872  -32.155  70.124 0.0000000000
58909  26.074  -32.476  63.699 0.0000000000
58923  26.691  -31.943  63.170 0.0000000000
60125  27.098  -31.506  62.332 0.0000000000
58940  26.331  -32.133  62.190 0.0000000000
58957  25.808  -32.486  61.619 0.0000000000
58941  25.690  -32.678  62.147 0.0000000000
63056  35.744  -30.245  56.281 0.0000000000
79192  46.770  -12.228  45.105 0.0000000000
79191  47.436  -12.161  45.040 0.0000000000
83137  46.111  -8.885  41.854 0.0000000000
77338  46.989  -14.019  48.957 0.0000000000
77339  45.911  -14.234  48.865 0.0000000000
54501  20.475  -35.501  70.153 0.0000000000
54492  19.772  -35.677  70.902 0.0000000000
51736  15.897  -39.257  70.889 0.0000000000
52639  16.408  -38.834  70.269 0.0000000000
51743  15.909  -39.577  69.968 0.0000000000
51752  16.102  -39.575  68.920 0.0000000000
50786  15.662  -40.062  69.471 0.0000000000
49714  15.321  -41.816  75.054 0.0000000000
47711  14.077  -44.398  69.556 0.0000000000
47710  14.386  -43.811  69.817 0.0000000000
66006  37.174  -27.698  62.879 0.0000000000
67043  36.666  -27.103  63.099 0.0000000000
67063  36.451  -27.141  62.521 0.0000000000
66027  35.785  -27.651  61.051 0.0000000000
66026  36.470  -28.001  61.417 0.0000000000
60180  38.018  -31.508  59.176 0.0000000000
61176  38.043  -31.087  59.102 0.0000000000
59011  37.215  -32.054  57.474 0.0000000000
58996  37.054  -32.513  58.429 0.0000000000
60049  34.458  -30.775  67.931 0.0000000000
57696  36.148  -32.463  63.168 0.0000000000
57680  36.484  -32.252  63.893 0.0000000000
57678  37.414  -32.452  64.387 0.0000000000
56511  36.771  -32.413  63.641 0.0000000000
56521  37.083  -32.492  63.514 0.0000000000
56522  36.568  -32.614  62.944 0.0000000000
73297  43.457  -18.926  53.495 0.0000000000
72295  42.755  -19.605  53.021 0.0000000000
73298  42.632  -19.040  53.189 0.0000000000
74343  41.226  -18.004  53.792 0.0000000000
73299  41.609  -18.674  53.100 0.0000000000
73300  40.619  -18.523  53.212 0.0000000000
73310  39.948  -18.991  52.602 0.0000000000
75360  46.139  -16.845  55.480 0.0000000000
74333  43.934  -17.811  54.121 0.0000000000
74332  44.657  -18.040  54.255 0.0000000000
73289  44.010  -18.722  53.701 0.0000000000
72285  43.825  -19.159  53.439 0.0000000000
54532  20.438  -36.127  64.872 0.0000000000
54538  20.612  -36.363  64.042 0.0000000000
53607  19.475  -37.277  64.447 0.0000000000
54533  19.641  -36.609  65.117 0.0000000000
56487  26.508  -33.708  68.370 0.0000000000
57644  26.964  -33.417  67.714 0.0000000000
57645  26.416  -33.750  67.122 0.0000000000
56513  25.244  -33.415  65.419 0.0000000000
57684  25.620  -32.893  64.593 0.0000000000
57685  24.971  -33.347  63.840 0.0000000000
57701  24.824  -33.447  62.969 0.0000000000
56525  24.313  -33.765  63.538 0.0000000000
55494  22.444  -35.323  62.966 0.0000000000
55493  23.008  -34.871  62.517 0.0000000000
72350  45.578  -19.514  49.851 0.0000000000
76409  44.743  -16.358  49.629 0.0000000000
77327  44.311  -15.359  49.315 0.0000000000
76410  43.698  -16.396  49.510 0.0000000000
76412  41.547  -16.552  48.854 0.0000000000
54470  19.667  -36.572  73.453 0.0000000000
54477  19.215  -36.402  72.669 0.0000000000
53537  18.929  -36.813  73.587 0.0000000000
53531  17.675  -37.699  73.675 0.0000000000
52633  16.398  -38.471  72.538 0.0000000000
47625  14.455  -44.151  74.245 0.0000000000
45774  13.575  -46.041  72.025 0.0000000000
44830  12.281  -47.674  70.261 0.0000000000
42848  11.392  -49.382  71.601 0.0000000000
42841  11.554  -49.664  72.806 0.0000000000
65987  39.104  -27.984  64.052 0.0000000000
65970  38.967  -27.634  64.364 0.0000000000
65988  38.716  -27.716  63.873 0.0000000000
65989  38.263  -27.686  63.662 0.0000000000
66004  38.517  -28.133  63.252 0.0000000000
64972  38.597  -28.668  62.486 0.0000000000
62019  39.250  -30.138  62.204 0.0000000000
62020  39.051  -30.030  61.785 0.0000000000
62026  39.082  -30.439  61.774 0.0000000000
61157  38.807  -30.820  60.967 0.0000000000
60153  39.057  -31.216  61.324 0.0000000000
61119  31.949  -31.152  64.038 0.0000000000
60080  33.491  -31.004  64.832 0.0000000000
60091  32.680  -31.221  63.603 0.0000000000
58938  33.009  -31.529  61.499 0.0000000000
58906  33.770  -31.515  63.066 0.0000000000
58921  34.343  -31.835  62.574 0.0000000000
58920  34.940  -31.916  63.017 0.0000000000
57699  34.471  -32.200  61.932 0.0000000000
57716  34.806  -32.600  61.561 0.0000000000
57717  34.032  -32.223  61.262 0.0000000000
57777  33.225  -32.769  58.733 0.0000000000
71204  36.080  -21.203  57.437 0.0000000000
71205  35.143  -21.911  57.482 0.0000000000
70174  34.077  -23.005  56.800 0.0000000000
70177  34.484  -22.235  56.722 0.0000000000
70178  33.975  -22.803  55.949 0.0000000000
88203  50.593  -4.691  40.397 0.0000000000
88210  51.074  -4.616  39.815 0.0000000000
87219  50.524  -4.811  39.717 0.0000000000
70273  42.697  -20.776  49.063 0.0000000000
71313  42.112  -20.502  48.714 0.0000000000
69258  41.263  -21.670  49.338 0.0000000000
70255  41.900  -21.396  49.292 0.0000000000
69259  40.239  -22.279  49.208 0.0000000000
71265  41.477  -21.219  51.425 0.0000000000
71266  40.911  -20.974  51.429 0.0000000000
69244  39.231  -22.446  49.744 0.0000000000
69260  39.416  -22.800  49.210 0.0000000000
73276  46.604  -18.237  54.907 0.0000000000
72262  46.998  -18.648  54.860 0.0000000000
71213  46.608  -18.813  54.318 0.0000000000
70203  46.011  -19.559  52.558 0.0000000000
70212  46.915  -19.833  51.952 0.0000000000
70233  46.143  -20.120  50.808 0.0000000000
71279  46.257  -19.923  50.542 0.0000000000
70234  45.218  -20.193  50.582 0.0000000000
69255  43.646  -21.020  49.804 0.0000000000
70271  44.095  -20.226  49.470 0.0000000000
70272  43.587  -20.457  49.306 0.0000000000
58799  32.924  -32.352  72.530 0.0000000000
58798  33.993  -32.514  72.524 0.0000000000
58813  32.651  -32.059  71.809 0.0000000000
60011  31.376  -31.585  70.206 0.0000000000
60010  32.226  -31.395  70.403 0.0000000000
60021  32.039  -31.027  69.496 0.0000000000
60020  33.207  -30.867  69.727 0.0000000000
58868  27.926  -32.712  67.686 0.0000000000
60038  29.104  -32.115  68.452 0.0000000000
60053  28.340  -32.189  67.066 0.0000000000
60081  28.925  -31.378  66.044 0.0000000000
61096  29.502  -31.297  66.629 0.0000000000
61110  29.799  -31.051  65.737 0.0000000000
61109  30.756  -30.871  65.460 0.0000000000
61121  30.161  -30.956  64.775 0.0000000000
60124  27.964  -30.905  62.299 0.0000000000
60140  28.612  -30.638  61.362 0.0000000000
56552  24.207  -34.351  61.378 0.0000000000
57764  24.740  -33.916  60.765 0.0000000000
56577  23.905  -35.266  60.658 0.0000000000
79174  49.247  -12.192  45.904 0.0000000000
80166  47.998  -11.803  44.629 0.0000000000
80165  48.935  -11.775  44.804 0.0000000000
81196  48.713  -11.260  44.221 0.0000000000
82155  49.478  -10.885  44.153 0.0000000000
80181  45.964  -11.292  44.423 0.0000000000
82172  46.791  -9.737  43.611 0.0000000000
82166  47.201  -10.451  44.035 0.0000000000
83118  48.675  -9.733  44.209 0.0000000000
83124  48.654  -9.122  44.395 0.0000000000
83125  47.948  -9.152  44.113 0.0000000000
84180  47.650  -8.215  43.636 0.0000000000
85251  47.763  -7.371  42.912 0.0000000000
86255  48.163  -6.775  42.941 0.0000000000
85258  47.561  -6.966  42.089 0.0000000000
55443  23.586  -34.916  68.412 0.0000000000
55426  23.623  -35.086  70.960 0.0000000000
54498  22.973  -35.380  70.903 0.0000000000
54489  22.414  -35.538  71.489 0.0000000000
54473  22.669  -35.443  72.998 0.0000000000
54474  21.821  -35.888  72.977 0.0000000000
54468  21.146  -36.389  73.757 0.0000000000
57588  33.746  -32.917  73.864 0.0000000000
57610  30.224  -32.643  72.155 0.0000000000
56466  27.555  -33.352  71.284 0.0000000000
56470  27.394  -33.298  70.632 0.0000000000
57626  27.090  -33.196  69.395 0.0000000000
56471  26.774  -33.467  70.034 0.0000000000
55424  25.136  -34.201  69.906 0.0000000000
55428  25.254  -34.351  69.024 0.0000000000
55442  24.750  -34.654  68.173 0.0000000000
71327  41.243  -20.733  48.349 0.0000000000
78239  47.160  -13.078  47.044 0.0000000000
78251  46.799  -12.749  46.107 0.0000000000
77341  43.943  -14.603  48.632 0.0000000000
77354  43.711  -14.228  47.964 0.0000000000
78254  43.195  -13.378  46.094 0.0000000000
55458  21.598  -35.103  67.568 0.0000000000
55447  19.653  -35.738  68.443 0.0000000000
55460  19.712  -35.695  67.658 0.0000000000
55461  19.192  -35.822  67.946 0.0000000000
54527  18.969  -36.508  66.272 0.0000000000
54519  18.602  -36.434  67.433 0.0000000000
54486  18.187  -36.581  71.214 0.0000000000
54493  18.811  -36.036  70.534 0.0000000000
54494  17.961  -36.625  70.153 0.0000000000
52660  16.914  -38.429  68.348 0.0000000000
53573  17.271  -37.755  68.559 0.0000000000
52672  17.137  -38.425  67.736 0.0000000000
53584  17.878  -37.426  67.269 0.0000000000
51773  17.191  -39.451  65.859 0.0000000000
50822  15.868  -40.460  67.463 0.0000000000
50842  15.652  -41.581  66.338 0.0000000000
49799  15.240  -41.905  66.749 0.0000000000
51734  15.414  -39.967  72.352 0.0000000000
50732  15.264  -40.596  72.661 0.0000000000
48739  14.546  -43.078  72.422 0.0000000000
49761  14.742  -42.371  70.667 0.0000000000
41814  11.466  -49.760  73.913 0.0000000000
40783  10.523  -50.842  73.874 0.0000000000
72225  39.974  -19.310  58.533 0.0000000000
71186  38.122  -20.665  59.941 0.0000000000
71187  37.339  -20.945  59.350 0.0000000000
71174  37.524  -21.165  60.383 0.0000000000
70135  36.317  -22.480  61.260 0.0000000000
70149  35.969  -22.571  60.552 0.0000000000
70150  35.458  -23.007  60.030 0.0000000000
69178  35.303  -23.567  60.750 0.0000000000
68102  35.442  -24.466  62.946 0.0000000000
66019  35.291  -26.126  61.424 0.0000000000
67082  35.017  -25.577  61.046 0.0000000000
68131  34.764  -24.661  60.369 0.0000000000
67102  34.587  -25.899  60.086 0.0000000000
67121  34.548  -26.567  59.622 0.0000000000
65013  35.725  -28.451  59.501 0.0000000000
65014  35.088  -27.974  59.176 0.0000000000
64021  35.553  -28.818  58.857 0.0000000000
64037  35.341  -29.319  57.900 0.0000000000
64036  35.986  -29.369  58.632 0.0000000000
64002  37.835  -29.441  60.789 0.0000000000
64003  37.330  -29.119  60.304 0.0000000000
63000  37.845  -29.816  60.253 0.0000000000
62063  37.517  -30.937  58.428 0.0000000000
63029  37.190  -30.232  58.768 0.0000000000
62064  37.238  -30.630  58.268 0.0000000000
62065  36.841  -30.478  57.829 0.0000000000
62076  36.980  -31.171  57.042 0.0000000000
62088  36.829  -31.454  55.878 0.0000000000
61192  37.094  -31.549  56.841 0.0000000000
59030  36.892  -32.330  56.352 0.0000000000
59047  36.581  -32.967  55.473 0.0000000000
59061  36.442  -33.251  54.800 0.0000000000
58811  34.904  -32.184  71.797 0.0000000000
58810  35.810  -32.374  71.435 0.0000000000
58825  35.686  -31.835  70.763 0.0000000000
58852  36.196  -31.581  69.014 0.0000000000
58839  36.319  -31.746  69.779 0.0000000000
57622  37.498  -32.078  69.945 0.0000000000
57630  37.444  -31.996  68.842 0.0000000000
58880  35.503  -31.075  66.106 0.0000000000
57654  37.274  -32.185  66.442 0.0000000000
57640  37.952  -32.034  67.969 0.0000000000
57652  38.438  -32.097  67.195 0.0000000000
58863  38.805  -31.874  67.652 0.0000000000
58877  38.918  -32.063  66.588 0.0000000000
57676  38.865  -32.306  65.161 0.0000000000
58889  39.332  -31.943  65.795 0.0000000000
58902  39.216  -31.955  64.603 0.0000000000
58918  39.388  -31.345  63.987 0.0000000000
60102  39.619  -30.794  63.927 0.0000000000
58919  38.905  -31.788  63.569 0.0000000000
56545  37.342  -32.753  62.254 0.0000000000
57734  38.346  -32.278  62.056 0.0000000000
57735  37.738  -32.759  61.429 0.0000000000
58969  38.336  -32.390  60.756 0.0000000000
57759  37.170  -33.099  60.740 0.0000000000
56549  35.043  -33.128  60.536 0.0000000000
56548  35.545  -33.196  60.818 0.0000000000
56572  35.224  -33.368  59.934 0.0000000000
56592  35.344  -33.530  59.182 0.0000000000
57775  36.331  -33.401  59.371 0.0000000000
56610  35.768  -33.399  58.139 0.0000000000
57804  36.091  -33.102  57.527 0.0000000000
56628  35.450  -33.469  57.200 0.0000000000
73247  41.349  -18.597  57.465 0.0000000000
74308  41.012  -18.244  56.509 0.0000000000
73260  40.471  -18.449  56.577 0.0000000000
72266  38.311  -19.315  55.488 0.0000000000
73292  38.814  -18.892  54.918 0.0000000000
72296  38.128  -19.380  53.302 0.0000000000
71207  35.954  -20.971  56.337 0.0000000000
72268  36.588  -20.352  56.094 0.0000000000
71214  35.920  -20.708  55.398 0.0000000000
71259  35.842  -20.726  52.583 0.0000000000
71258  36.593  -20.342  52.123 0.0000000000
88200  53.609  -3.967  40.236 0.0000000000
88207  54.130  -4.147  39.212 0.0000000000
86263  48.612  -5.735  40.229 0.0000000000
74334  42.787  -17.615  54.181 0.0000000000
74335  41.822  -17.563  54.429 0.0000000000
74336  40.978  -17.837  54.851 0.0000000000
75367  43.726  -17.010  54.779 0.0000000000
55495  21.723  -35.875  63.330 0.0000000000
55487  21.076  -35.685  64.709 0.0000000000
55479  20.926  -35.420  65.596 0.0000000000
56489  25.233  -34.441  67.410 0.0000000000
56497  25.800  -34.061  66.896 0.0000000000
56498  25.039  -34.215  66.571 0.0000000000
56505  24.714  -33.822  65.781 0.0000000000
56515  23.780  -34.152  64.135 0.0000000000
75412  40.991  -17.564  48.771 0.0000000000
73344  44.039  -19.068  49.106 0.0000000000
74384  43.587  -18.330  49.262 0.0000000000
75410  43.103  -17.434  49.411 0.0000000000
53521  19.601  -37.709  75.015 0.0000000000
53522  18.897  -37.791  74.671 0.0000000000
45784  13.132  -46.563  71.387 0.0000000000
44816  12.422  -47.728  71.119 0.0000000000
43832  12.199  -48.236  71.862 0.0000000000
43824  12.216  -48.331  72.914 0.0000000000
64926  39.770  -28.091  64.980 0.0000000000
64944  39.448  -28.264  64.397 0.0000000000
64959  39.271  -28.600  63.508 0.0000000000
64971  39.065  -28.732  62.769 0.0000000000
63965  39.411  -29.074  63.275 0.0000000000
62975  39.391  -29.704  62.776 0.0000000000
61139  39.367  -30.370  62.757 0.0000000000
60104  32.205  -31.177  63.121 0.0000000000
58939  32.166  -31.002  61.455 0.0000000000
58953  32.820  -31.756  60.439 0.0000000000
57718  33.443  -32.032  60.738 0.0000000000
58971  32.126  -31.906  59.673 0.0000000000
58984  31.795  -32.208  58.648 0.0000000000
70170  34.971  -22.689  58.523 0.0000000000
71200  35.066  -22.250  58.025 0.0000000000
69197  33.895  -23.668  57.406 0.0000000000
86250  49.735  -6.625  44.760 0.0000000000
88187  51.055  -4.034  42.123 0.0000000000
88196  50.115  -4.781  41.095 0.0000000000
88204  50.088  -4.882  40.584 0.0000000000
69256  43.163  -21.223  49.808 0.0000000000
70254  42.496  -21.175  49.358 0.0000000000
69240  43.235  -21.375  50.366 0.0000000000
69241  42.187  -21.712  50.388 0.0000000000
70237  41.605  -21.797  50.548 0.0000000000
72317  40.451  -20.474  51.602 0.0000000000
70228  40.390  -21.365  51.036 0.0000000000
71267  39.751  -21.157  51.061 0.0000000000
71281  39.382  -21.624  50.561 0.0000000000
70240  38.988  -21.987  50.170 0.0000000000
71230  45.279  -18.977  53.329 0.0000000000
71229  46.187  -18.941  53.755 0.0000000000
70204  45.197  -19.585  52.546 0.0000000000
70223  45.141  -20.302  51.355 0.0000000000
70235  44.208  -20.778  50.685 0.0000000000
69239  43.719  -21.030  50.117 0.0000000000
52721  19.617  -38.616  62.941 0.0000000000
51802  17.768  -40.175  63.920 0.0000000000
51803  17.122  -40.702  64.475 0.0000000000
58814  31.420  -32.194  71.791 0.0000000000
58829  31.208  -31.960  70.905 0.0000000000
60022  30.756  -31.570  69.598 0.0000000000
58896  26.940  -32.367  65.674 0.0000000000
58895  27.606  -32.165  66.044 0.0000000000
58907  27.450  -31.836  65.262 0.0000000000
60093  28.067  -31.269  64.427 0.0000000000
60108  27.468  -31.388  62.936 0.0000000000
60158  26.964  -31.450  60.967 0.0000000000
58973  26.382  -31.985  60.402 0.0000000000
58974  25.733  -32.567  60.831 0.0000000000
64053  34.696  -29.233  57.010 0.0000000000
79176  47.545  -12.318  45.532 0.0000000000
80179  47.633  -11.663  44.375 0.0000000000
81218  45.936  -10.150  43.548 0.0000000000
83126  47.163  -8.859  43.426 0.0000000000
83136  46.759  -8.551  42.589 0.0000000000
84191  46.847  -8.067  41.819 0.0000000000
55425  24.291  -34.618  70.342 0.0000000000
55422  23.689  -35.087  71.792 0.0000000000
78229  43.320  -14.184  47.762 0.0000000000
55432  21.047  -35.517  69.381 0.0000000000
55433  20.124  -35.695  69.217 0.0000000000
55434  19.299  -35.829  69.013 0.0000000000
53562  17.294  -37.432  69.793 0.0000000000
52661  16.653  -39.010  68.352 0.0000000000
50805  15.474  -41.051  68.117 0.0000000000
50724  15.390  -40.943  74.674 0.0000000000
47663  14.382  -43.771  70.897 0.0000000000
48758  14.580  -43.274  70.265 0.0000000000
48769  14.555  -43.377  69.416 0.0000000000
70147  37.650  -21.460  61.233 0.0000000000
70134  36.913  -22.083  61.760 0.0000000000
69166  36.127  -22.989  61.966 0.0000000000
67006  36.725  -25.899  65.063 0.0000000000
67023  36.691  -26.456  64.147 0.0000000000
67044  35.712  -25.794  63.276 0.0000000000
67045  35.317  -25.144  62.645 0.0000000000
66044  35.078  -27.184  60.038 0.0000000000
64995  36.142  -28.378  60.214 0.0000000000
62040  38.251  -30.451  60.178 0.0000000000
63015  38.082  -30.343  59.984 0.0000000000
62052  37.987  -30.670  59.521 0.0000000000
61184  37.590  -31.200  58.441 0.0000000000
61191  37.240  -31.336  57.625 0.0000000000
60202  37.236  -31.712  57.219 0.0000000000
59031  36.417  -32.746  56.775 0.0000000000
58841  34.947  -31.239  69.711 0.0000000000
58853  35.710  -31.399  68.813 0.0000000000
58865  35.840  -31.427  67.715 0.0000000000
58903  35.822  -31.746  64.391 0.0000000000
58892  36.092  -31.547  65.330 0.0000000000
57668  36.244  -31.928  64.431 0.0000000000
57666  37.128  -32.289  65.312 0.0000000000
57665  37.720  -32.444  65.609 0.0000000000
57664  38.524  -32.358  65.976 0.0000000000
57694  37.836  -32.526  63.703 0.0000000000
57713  38.358  -32.134  63.099 0.0000000000
56532  37.376  -32.553  63.055 0.0000000000
56533  36.894  -32.730  62.582 0.0000000000
56546  36.894  -33.020  61.494 0.0000000000
56594  34.361  -33.320  58.971 0.0000000000
56593  34.854  -33.498  59.081 0.0000000000
56629  34.944  -33.607  57.163 0.0000000000
56649  35.082  -33.682  56.017 0.0000000000
73249  39.716  -19.003  57.494 0.0000000000
73261  39.656  -18.915  56.893 0.0000000000
72245  38.903  -19.123  56.341 0.0000000000
71233  35.352  -21.054  54.810 0.0000000000
71248  35.165  -21.086  53.984 0.0000000000
71246  43.489  -20.026  52.840 0.0000000000
70217  42.559  -20.937  52.018 0.0000000000
72303  43.143  -20.097  52.823 0.0000000000
72304  42.499  -20.012  52.674 0.0000000000
72305  41.300  -20.102  52.075 0.0000000000
72306  40.242  -19.717  51.975 0.0000000000
74321  46.572  -17.617  55.304 0.0000000000
73277  45.578  -18.280  54.332 0.0000000000
74323  44.847  -17.515  54.617 0.0000000000
73278  44.983  -18.152  54.311 0.0000000000
73287  45.363  -18.609  54.022 0.0000000000
72293  44.008  -19.525  53.120 0.0000000000
53625  20.735  -37.697  62.457 0.0000000000
53616  20.516  -37.484  62.935 0.0000000000
53617  19.972  -37.874  63.243 0.0000000000
53618  19.391  -38.265  63.484 0.0000000000
53599  18.858  -37.398  65.279 0.0000000000
58845  28.155  -32.680  69.300 0.0000000000
58844  28.948  -32.560  69.724 0.0000000000
58856  28.016  -32.716  68.615 0.0000000000
58869  27.333  -32.988  67.086 0.0000000000
57657  26.176  -33.512  66.525 0.0000000000
57669  26.526  -32.930  66.178 0.0000000000
57683  26.299  -32.602  65.383 0.0000000000
57719  25.308  -33.086  62.490 0.0000000000
56539  23.661  -34.657  62.090 0.0000000000
56526  23.616  -34.253  63.049 0.0000000000
80169  45.309  -11.719  44.810 0.0000000000
56459  24.962  -34.347  72.309 0.0000000000
56452  25.135  -34.244  73.040 0.0000000000
73341  46.408  -18.595  50.010 0.0000000000
74381  46.209  -18.200  49.962 0.0000000000
75407  45.930  -17.437  49.960 0.0000000000
76408  45.791  -16.303  49.870 0.0000000000
76411  42.613  -16.445  49.267 0.0000000000
77343  41.675  -14.800  47.567 0.0000000000
54484  20.036  -35.912  71.912 0.0000000000
54478  18.422  -36.597  72.109 0.0000000000
53545  17.658  -37.118  71.971 0.0000000000
53546  16.881  -37.820  71.686 0.0000000000
52635  16.327  -38.600  71.305 0.0000000000
48723  14.804  -43.183  74.775 0.0000000000
47628  14.374  -43.884  72.968 0.0000000000
47642  14.137  -44.604  72.275 0.0000000000
47664  14.160  -44.460  71.229 0.0000000000
46748  13.879  -45.021  70.386 0.0000000000
45808  12.998  -46.350  69.253 0.0000000000
44843  12.661  -47.054  69.756 0.0000000000
67004  38.459  -27.269  64.538 0.0000000000
67042  37.355  -27.506  63.303 0.0000000000
66016  37.501  -28.110  62.560 0.0000000000
64974  37.389  -28.302  61.948 0.0000000000
64973  37.958  -28.569  62.216 0.0000000000
64981  38.266  -28.953  61.886 0.0000000000
64001  38.294  -29.643  61.212 0.0000000000
63989  38.992  -29.447  62.058 0.0000000000
62983  38.785  -29.920  61.507 0.0000000000
62998  38.502  -30.049  60.918 0.0000000000
62039  38.504  -30.610  60.515 0.0000000000
61168  38.589  -30.970  60.383 0.0000000000
58982  38.484  -31.786  60.140 0.0000000000
61076  33.150  -30.724  66.618 0.0000000000
60065  34.739  -30.793  66.766 0.0000000000
60067  33.617  -30.856  65.553 0.0000000000
60079  34.329  -31.022  65.098 0.0000000000
58894  34.703  -31.377  64.305 0.0000000000
60103  33.085  -31.351  63.072 0.0000000000
58904  35.263  -31.743  63.789 0.0000000000
57682  35.411  -32.165  63.057 0.0000000000
57697  35.686  -32.513  62.680 0.0000000000
56524  35.670  -32.778  62.073 0.0000000000
57715  35.329  -32.671  62.025 0.0000000000
56537  34.850  -32.863  60.941 0.0000000000
56550  34.496  -32.900  60.256 0.0000000000
57738  33.850  -32.464  60.275 0.0000000000
57760  33.668  -32.671  59.498 0.0000000000
56574  34.258  -33.055  59.529 0.0000000000
56614  33.903  -33.365  58.177 0.0000000000
72228  37.247  -20.688  58.390 0.0000000000
72238  37.138  -20.570  57.780 0.0000000000
72239  36.648  -20.858  57.490 0.0000000000
88194  51.799  -3.977  41.156 0.0000000000
87225  50.878  -4.783  39.076 0.0000000000
72354  42.600  -19.887  48.657 0.0000000000
72367  41.634  -20.110  48.499 0.0000000000
70226  42.086  -21.461  51.294 0.0000000000
71243  46.096  -19.158  53.127 0.0000000000
71242  46.842  -19.410  53.148 0.0000000000
71294  46.346  -19.636  50.329 0.0000000000
72351  45.049  -19.478  49.655 0.0000000000
70251  44.874  -20.125  50.120 0.0000000000
71310  44.604  -19.919  49.656 0.0000000000
72352  44.367  -19.588  49.271 0.0000000000
72353  43.562  -19.712  48.888 0.0000000000
57587  34.770  -33.065  73.657 0.0000000000
57597  35.314  -32.980  72.809 0.0000000000
58797  34.776  -32.690  72.500 0.0000000000
58827  33.459  -31.640  71.131 0.0000000000
60008  34.111  -31.274  70.428 0.0000000000
60019  34.155  -31.053  69.684 0.0000000000
60034  33.259  -30.606  68.559 0.0000000000
61065  32.709  -30.651  67.642 0.0000000000
60024  29.239  -32.176  69.058 0.0000000000
60037  29.784  -31.768  68.646 0.0000000000
60036  30.340  -31.607  68.989 0.0000000000
60068  28.869  -31.733  66.823 0.0000000000
61079  29.865  -31.352  67.473 0.0000000000
61067  30.566  -31.267  68.292 0.0000000000
61066  31.648  -30.853  67.917 0.0000000000
61077  32.120  -30.711  66.886 0.0000000000
61108  31.765  -30.915  65.084 0.0000000000
61130  31.007  -31.029  63.836 0.0000000000
60106  29.807  -30.851  63.685 0.0000000000
60122  30.682  -30.762  62.306 0.0000000000
60139  30.269  -30.641  61.096 0.0000000000
60170  29.185  -31.101  59.252 0.0000000000
57740  25.220  -33.180  61.469 0.0000000000
67139  33.619  -25.846  58.192 0.0000000000
82163  49.759  -9.993  44.191 0.0000000000
80168  46.450  -11.870  44.817 0.0000000000
80180  47.011  -11.533  44.404 0.0000000000
81206  47.754  -11.109  44.143 0.0000000000
81205  48.454  -10.781  44.018 0.0000000000
83116  50.139  -9.592  44.478 0.0000000000
84172  48.935  -8.505  44.553 0.0000000000
85247  48.525  -7.439  44.097 0.0000000000
85250  47.986  -7.677  43.752 0.0000000000
86257  48.390  -6.308  42.695 0.0000000000
87212  48.595  -5.794  42.096 0.0000000000
87213  48.193  -6.156  41.788 0.0000000000
55431  22.040  -35.318  69.555 0.0000000000
55416  24.289  -34.619  72.032 0.0000000000
54480  23.114  -35.388  72.308 0.0000000000
55418  23.165  -35.125  73.022 0.0000000000
54472  23.092  -35.308  72.618 0.0000000000
54481  22.486  -35.591  72.249 0.0000000000
54482  21.771  -35.764  72.183 0.0000000000
54483  20.986  -35.880  72.076 0.0000000000
54469  20.379  -36.635  73.742 0.0000000000
53528  20.143  -37.168  74.499 0.0000000000
57557  35.502  -32.929  74.350 0.0000000000
57576  35.185  -33.064  74.119 0.0000000000
57599  33.247  -32.616  73.249 0.0000000000
57600  31.877  -32.518  73.176 0.0000000000
57618  28.975  -32.799  71.078 0.0000000000
57611  28.974  -32.905  71.964 0.0000000000
57624  28.618  -32.813  70.434 0.0000000000
57625  27.790  -32.930  69.975 0.0000000000
56472  25.918  -33.911  69.545 0.0000000000
56478  25.874  -34.049  68.634 0.0000000000
56479  25.483  -34.361  68.101 0.0000000000
55455  24.611  -34.613  67.427 0.0000000000
73363  41.124  -19.740  48.461 0.0000000000
78248  49.606  -12.427  46.568 0.0000000000
78249  48.685  -12.513  46.436 0.0000000000
78238  48.145  -12.940  47.121 0.0000000000
79178  46.273  -12.458  45.627 0.0000000000
77352  45.485  -13.747  47.967 0.0000000000
78241  45.003  -13.437  47.146 0.0000000000
79179  45.169  -12.515  45.777 0.0000000000
55469  21.633  -34.905  66.504 0.0000000000
55459  20.698  -35.470  67.626 0.0000000000
55471  20.038  -35.633  66.947 0.0000000000
54526  19.672  -35.938  66.090 0.0000000000
54534  19.263  -36.592  65.667 0.0000000000
53600  18.335  -38.021  65.470 0.0000000000
54503  18.642  -36.125  69.416 0.0000000000
54511  18.473  -36.362  68.512 0.0000000000
53591  18.138  -37.882  66.082 0.0000000000
51787  16.760  -40.286  65.428 0.0000000000
51764  16.436  -39.918  66.987 0.0000000000
50861  16.482  -41.356  65.030 0.0000000000
51737  15.470  -39.822  71.319 0.0000000000
48725  14.879  -42.358  73.927 0.0000000000
49718  14.829  -42.187  73.432 0.0000000000
49731  14.946  -41.463  72.671 0.0000000000
49749  14.730  -42.309  71.858 0.0000000000
50767  15.376  -40.372  70.374 0.0000000000
50787  15.334  -40.806  69.178 0.0000000000
49786  15.122  -41.755  67.672 0.0000000000
49787  14.751  -42.446  68.180 0.0000000000
42833  11.874  -49.080  73.648 0.0000000000
42834  11.573  -49.732  73.462 0.0000000000
41815  11.129  -50.229  73.388 0.0000000000
40789  10.586  -51.054  72.846 0.0000000000
74293  42.549  -17.969  57.572 0.0000000000
72226  38.840  -19.840  58.561 0.0000000000
72227  37.793  -20.401  58.663 0.0000000000
71197  37.289  -20.764  58.704 0.0000000000
71188  36.375  -21.627  59.295 0.0000000000
70161  36.385  -21.969  60.053 0.0000000000
70169  35.500  -22.336  59.017 0.0000000000
70163  35.178  -22.914  59.358 0.0000000000
68140  34.587  -24.404  59.545 0.0000000000
69167  35.468  -23.703  61.667 0.0000000000
68112  35.252  -24.538  62.199 0.0000000000
68132  34.429  -25.061  59.692 0.0000000000
67122  34.175  -26.102  59.133 0.0000000000
66064  33.845  -26.915  58.359 0.0000000000
63032  35.757  -29.873  57.492 0.0000000000
63043  36.084  -30.202  57.092 0.0000000000
64983  37.040  -28.347  61.333 0.0000000000
64004  36.837  -28.892  59.995 0.0000000000
63016  37.593  -30.092  59.550 0.0000000000
63017  36.854  -29.672  58.957 0.0000000000
63042  36.575  -30.322  57.674 0.0000000000
61201  36.845  -31.637  55.204 0.0000000000
60213  37.016  -32.190  55.383 0.0000000000
60203  37.140  -31.914  56.414 0.0000000000
61982  40.344  -29.763  65.492 0.0000000000
57607  36.012  -32.787  72.003 0.0000000000
57606  36.839  -32.668  71.730 0.0000000000
58824  36.390  -32.077  70.648 0.0000000000
57615  37.455  -32.199  70.946 0.0000000000
58851  38.422  -31.957  69.115 0.0000000000
58866  35.356  -31.063  67.300 0.0000000000
58864  36.307  -31.655  68.059 0.0000000000
58891  36.482  -31.677  65.995 0.0000000000
57642  36.827  -31.887  67.293 0.0000000000
57628  38.434  -31.967  68.848 0.0000000000
58850  38.676  -31.853  68.830 0.0000000000
58862  39.086  -31.604  68.092 0.0000000000
58890  38.983  -32.205  66.003 0.0000000000
60063  39.673  -31.001  66.851 0.0000000000
60076  39.829  -31.263  65.770 0.0000000000
61106  40.093  -30.675  65.340 0.0000000000
61116  40.148  -30.189  64.604 0.0000000000
61128  39.590  -30.391  63.525 0.0000000000
60118  39.297  -30.872  62.921 0.0000000000
60119  39.054  -31.285  62.361 0.0000000000
58936  38.787  -31.742  62.451 0.0000000000
60137  38.927  -31.445  61.752 0.0000000000
58951  38.716  -31.941  61.379 0.0000000000
58968  38.575  -31.789  60.466 0.0000000000
57773  37.459  -32.731  59.221 0.0000000000
56535  35.836  -32.975  61.693 0.0000000000
56547  36.104  -33.204  61.120 0.0000000000
56570  36.424  -33.347  60.321 0.0000000000
57774  36.850  -33.232  59.622 0.0000000000
57803  36.442  -32.781  57.853 0.0000000000
59013  36.382  -32.768  57.485 0.0000000000
57822  36.225  -33.139  56.171 0.0000000000
57824  35.450  -33.548  56.148 0.0000000000
57841  35.543  -33.632  55.542 0.0000000000
57840  36.122  -33.381  55.272 0.0000000000
74307  41.567  -18.047  56.701 0.0000000000
74327  40.939  -18.012  55.937 0.0000000000
73280  39.362  -18.673  55.755 0.0000000000
73291  39.507  -18.490  54.589 0.0000000000
73301  39.692  -18.620  53.529 0.0000000000
73311  38.983  -19.067  52.902 0.0000000000
72247  37.353  -20.202  56.814 0.0000000000
72267  37.389  -19.886  55.798 0.0000000000
72287  37.347  -19.700  54.736 0.0000000000
71232  35.860  -20.550  54.488 0.0000000000
72298  36.501  -20.006  54.103 0.0000000000
72297  37.285  -19.638  53.693 0.0000000000
72309  37.341  -19.792  52.699 0.0000000000
72320  37.507  -20.170  51.799 0.0000000000
71269  37.745  -20.776  51.121 0.0000000000
87216  48.919  -5.427  41.131 0.0000000000
87221  49.112  -5.454  40.266 0.0000000000
87227  49.347  -5.503  39.390 0.0000000000
43833  11.806  -48.711  71.340 0.0000000000
47687  14.413  -43.770  70.335 0.0000000000
48722  14.975  -42.459  74.500 0.0000000000
50766  15.639  -39.965  69.947 0.0000000000
51730  15.446  -40.188  72.985 0.0000000000
52684  16.928  -39.446  66.630 0.0000000000
53574  16.776  -38.505  68.820 0.0000000000
53583  18.227  -36.928  67.051 0.0000000000
54520  18.154  -36.929  67.577 0.0000000000
54547  20.324  -36.943  63.611 0.0000000000
55413  23.001  -35.186  73.509 0.0000000000
55435  18.814  -35.998  68.816 0.0000000000
56510  37.067  -32.422  63.964 0.0000000000
56520  37.405  -32.487  63.553 0.0000000000
56523  36.090  -32.717  62.561 0.0000000000
56551  34.071  -32.799  59.806 0.0000000000
56575  33.924  -32.892  59.393 0.0000000000
56590  36.363  -33.411  59.675 0.0000000000
56595  33.810  -33.072  58.861 0.0000000000
56627  35.717  -33.344  57.560 0.0000000000
56648  35.425  -33.509  56.485 0.0000000000
57616  36.951  -32.247  70.733 0.0000000000
57633  27.000  -33.311  68.662 0.0000000000
57643  27.464  -33.031  68.346 0.0000000000
57663  38.969  -32.250  65.713 0.0000000000
57667  36.646  -32.010  65.045 0.0000000000
57739  33.248  -32.120  60.193 0.0000000000
57741  24.725  -33.779  61.427 0.0000000000
57762  32.367  -32.263  59.143 0.0000000000
57776  33.692  -32.840  59.147 0.0000000000
57789  37.224  -32.601  58.709 0.0000000000
57790  36.744  -32.828  58.528 0.0000000000
57805  35.716  -33.326  57.219 0.0000000000
58838  38.360  -31.910  69.605 0.0000000000
58855  28.638  -32.442  68.935 0.0000000000
58878  36.420  -31.662  66.958 0.0000000000
58882  27.158  -32.740  66.463 0.0000000000
58901  39.580  -31.554  65.078 0.0000000000
58922  33.524  -31.578  62.418 0.0000000000
58956  26.252  -31.958  61.320 0.0000000000
58970  32.843  -32.027  59.964 0.0000000000
58995  37.469  -32.209  58.585 0.0000000000
59048  36.408  -33.197  55.259 0.0000000000
60052  28.932  -31.997  67.632 0.0000000000
60064  39.534  -31.496  66.435 0.0000000000
60066  34.015  -30.787  66.154 0.0000000000
60069  28.258  -31.920  66.397 0.0000000000
60077  39.619  -31.603  65.884 0.0000000000
60090  33.381  -31.247  63.852 0.0000000000
60105  31.225  -30.970  63.087 0.0000000000
60121  32.008  -30.950  62.200 0.0000000000
60136  39.038  -31.019  61.789 0.0000000000
60141  27.519  -31.125  61.565 0.0000000000
60155  30.162  -30.878  59.968 0.0000000000
60167  38.459  -31.342  60.021 0.0000000000
60168  38.340  -31.640  59.747 0.0000000000
60179  38.238  -31.192  59.545 0.0000000000
61060  30.753  -31.392  68.941 0.0000000000
61068  29.943  -31.538  68.129 0.0000000000
61080  29.274  -31.567  67.155 0.0000000000
61092  33.403  -30.791  66.009 0.0000000000
61095  30.392  -31.018  66.450 0.0000000000
61105  40.251  -30.226  65.026 0.0000000000
61107  32.679  -31.030  64.578 0.0000000000
61117  39.957  -30.427  64.437 0.0000000000
61118  32.688  -31.154  64.004 0.0000000000
61120  31.014  -30.966  64.563 0.0000000000
61156  38.984  -30.701  61.503 0.0000000000
61991  40.190  -29.895  64.655 0.0000000000
61992  40.071  -30.141  64.397 0.0000000000
62001  39.890  -30.002  63.979 0.0000000000
62051  38.405  -30.842  60.066 0.0000000000
62078  36.109  -30.427  56.438 0.0000000000
62954  40.040  -29.481  64.614 0.0000000000
62955  39.794  -29.547  64.129 0.0000000000
62976  39.165  -29.735  62.134 0.0000000000
62984  38.511  -29.796  61.295 0.0000000000
63018  36.411  -29.498  58.759 0.0000000000
63945  40.045  -28.585  65.071 0.0000000000
63952  40.114  -29.161  64.936 0.0000000000
63964  39.543  -29.147  63.764 0.0000000000
63978  39.449  -29.371  63.181 0.0000000000
63980  38.980  -29.034  62.300 0.0000000000
63991  38.171  -29.291  61.457 0.0000000000
64018  37.591  -29.564  60.093 0.0000000000
64038  34.338  -28.691  57.690 0.0000000000
64993  37.399  -28.881  60.885 0.0000000000
64994  36.912  -28.638  60.590 0.0000000000
65968  39.845  -27.923  65.513 0.0000000000
66003  38.946  -28.130  63.526 0.0000000000
66005  37.827  -27.851  63.226 0.0000000000
66043  35.585  -27.825  60.321 0.0000000000
67003  38.937  -27.553  64.740 0.0000000000
70214  45.133  -20.117  52.062 0.0000000000
70221  46.757  -19.966  51.241 0.0000000000
70222  46.065  -20.161  51.327 0.0000000000
70227  40.978  -21.453  51.029 0.0000000000
71189  35.887  -22.055  59.083 0.0000000000
71203  36.669  -20.931  57.772 0.0000000000
71228  46.850  -19.235  53.774 0.0000000000
71255  43.091  -20.428  52.486 0.0000000000
71257  41.278  -20.648  51.798 0.0000000000
71280  45.776  -20.053  50.469 0.0000000000
71296  44.744  -20.066  49.922 0.0000000000
71309  45.139  -19.684  49.843 0.0000000000
72235  39.777  -19.073  57.839 0.0000000000
72264  45.672  -18.643  54.030 0.0000000000
72282  45.797  -18.781  53.764 0.0000000000
72283  45.301  -18.795  53.732 0.0000000000
72284  44.312  -19.164  53.370 0.0000000000
72337  45.986  -19.570  50.005 0.0000000000
73259  41.099  -18.370  56.813 0.0000000000
73281  38.837  -18.969  55.481 0.0000000000
73307  42.444  -19.560  52.928 0.0000000000
74340  43.643  -18.474  53.758 0.0000000000
75368  43.193  -17.168  54.664 0.0000000000
78230  42.776  -14.188  47.552 0.0000000000
86254  48.558  -6.500  43.298 0.0000000000
87222  48.612  -5.680  40.654 0.0000000000
