#!ascii label  , from subject sub-1633992 vox2ras=TkReg
1887
71373  54.665  -21.725  41.691 0.0000000000
48880  49.097  -43.523  60.146 0.0000000000
47846  36.513  -44.562  60.956 0.0000000000
45880  25.972  -46.885  64.068 0.0000000000
45811  42.545  -46.782  68.203 0.0000000000
41974  40.155  -50.601  58.693 0.0000000000
66288  49.033  -26.171  42.248 0.0000000000
75467  60.939  -17.536  41.337 0.0000000000
63084  54.950  -29.387  53.675 0.0000000000
57858  45.176  -35.211  54.272 0.0000000000
51020  38.457  -41.826  52.386 0.0000000000
47739  34.923  -44.290  67.685 0.0000000000
47815  31.146  -44.588  62.973 0.0000000000
45829  30.111  -46.400  68.302 0.0000000000
46809  40.487  -45.330  65.189 0.0000000000
64117  58.378  -28.463  51.596 0.0000000000
51778  47.910  -40.158  66.239 0.0000000000
55500  48.859  -36.485  62.827 0.0000000000
56607  51.473  -35.283  58.485 0.0000000000
52816  47.822  -39.132  56.652 0.0000000000
52859  42.430  -38.634  52.602 0.0000000000
50986  42.183  -41.656  57.563 0.0000000000
40956  36.286  -51.182  60.373 0.0000000000
45044  35.326  -47.659  57.366 0.0000000000
74466  58.129  -18.972  41.697 0.0000000000
70354  61.260  -22.425  38.716 0.0000000000
43918  36.166  -49.025  62.819 0.0000000000
45939  32.132  -46.383  60.433 0.0000000000
45870  47.569  -46.523  64.175 0.0000000000
45010  43.884  -47.864  58.867 0.0000000000
43916  44.312  -49.456  62.504 0.0000000000
43935  40.259  -48.596  60.720 0.0000000000
69343  52.107  -23.426  42.541 0.0000000000
44823  25.700  -47.315  70.741 0.0000000000
44858  21.805  -47.646  67.874 0.0000000000
73382  59.868  -19.426  46.259 0.0000000000
69318  57.706  -23.529  45.270 0.0000000000
66256  55.279  -26.143  46.083 0.0000000000
65169  52.372  -27.603  47.937 0.0000000000
64151  48.578  -28.798  49.757 0.0000000000
62024  54.614  -30.097  59.789 0.0000000000
61215  49.873  -31.429  54.211 0.0000000000
61264  43.506  -31.669  49.901 0.0000000000
56732  40.586  -35.778  49.608 0.0000000000
46948  39.517  -45.618  55.835 0.0000000000
47676  33.094  -44.003  70.442 0.0000000000
46769  32.064  -44.996  67.761 0.0000000000
46738  31.471  -45.188  70.111 0.0000000000
47717  36.252  -44.347  69.020 0.0000000000
49865  47.403  -42.330  62.370 0.0000000000
51872  48.655  -40.319  60.676 0.0000000000
52766  49.513  -39.043  59.431 0.0000000000
50970  48.489  -41.449  58.614 0.0000000000
51931  45.433  -40.259  57.272 0.0000000000
49916  45.612  -42.095  59.309 0.0000000000
40904  34.387  -51.074  62.136 0.0000000000
41961  33.567  -50.393  59.657 0.0000000000
72413  56.264  -20.695  41.488 0.0000000000
70340  58.264  -22.298  40.290 0.0000000000
69350  56.896  -23.036  40.020 0.0000000000
45934  36.815  -46.526  60.169 0.0000000000
44975  34.281  -47.535  61.969 0.0000000000
46919  34.078  -45.491  59.694 0.0000000000
46856  28.163  -46.022  63.555 0.0000000000
47872  29.056  -44.732  60.805 0.0000000000
46893  26.726  -45.973  61.493 0.0000000000
45911  23.822  -46.655  62.252 0.0000000000
48795  44.746  -43.310  67.059 0.0000000000
45839  44.628  -46.942  66.831 0.0000000000
42895  46.005  -49.262  63.834 0.0000000000
43891  44.211  -48.045  65.420 0.0000000000
46852  37.763  -44.970  63.753 0.0000000000
46887  41.148  -45.637  61.158 0.0000000000
45932  38.635  -46.361  60.293 0.0000000000
43938  37.551  -48.469  61.584 0.0000000000
68323  50.227  -24.687  41.905 0.0000000000
68343  50.649  -24.909  38.747 0.0000000000
66295  48.863  -26.036  39.258 0.0000000000
42850  20.054  -49.339  70.070 0.0000000000
67350  56.323  -25.249  45.556 0.0000000000
66231  59.265  -26.563  47.409 0.0000000000
64103  56.846  -28.796  52.161 0.0000000000
64145  55.220  -27.837  49.429 0.0000000000
64134  53.526  -28.119  50.222 0.0000000000
64161  50.060  -27.915  48.654 0.0000000000
64123  51.849  -28.422  51.052 0.0000000000
57818  48.394  -34.935  56.602 0.0000000000
59023  51.369  -33.328  56.760 0.0000000000
59066  47.140  -32.885  54.206 0.0000000000
61249  46.973  -31.269  52.072 0.0000000000
60257  44.474  -32.871  51.857 0.0000000000
60275  41.438  -33.538  50.121 0.0000000000
57874  42.848  -35.336  51.928 0.0000000000
53770  39.804  -38.323  50.840 0.0000000000
43991  42.251  -48.966  58.145 0.0000000000
45975  41.777  -46.682  57.255 0.0000000000
45039  40.102  -47.773  57.057 0.0000000000
46962  34.956  -45.456  55.254 0.0000000000
77408  60.040  -15.836  39.561 0.0000000000
75484  61.461  -17.613  39.007 0.0000000000
47793  35.291  -44.562  64.766 0.0000000000
47830  33.561  -44.326  62.298 0.0000000000
47777  32.600  -44.641  64.936 0.0000000000
46814  30.184  -45.485  65.184 0.0000000000
45858  28.317  -46.647  65.888 0.0000000000
46753  40.510  -45.640  69.557 0.0000000000
45840  41.806  -46.646  66.902 0.0000000000
46781  38.698  -44.999  68.167 0.0000000000
47772  37.367  -44.640  66.474 0.0000000000
65134  60.578  -27.677  50.148 0.0000000000
63048  57.555  -28.705  55.879 0.0000000000
56565  49.075  -35.556  60.168 0.0000000000
54608  49.923  -37.324  57.821 0.0000000000
54638  46.338  -37.738  55.323 0.0000000000
54667  44.273  -37.543  53.170 0.0000000000
52832  44.889  -38.792  54.862 0.0000000000
51952  42.779  -39.933  55.505 0.0000000000
51003  39.870  -41.747  55.289 0.0000000000
41957  37.758  -50.951  59.610 0.0000000000
43001  37.759  -49.059  57.905 0.0000000000
42992  36.042  -49.593  58.678 0.0000000000
73440  60.386  -19.365  41.184 0.0000000000
73455  61.186  -19.800  39.540 0.0000000000
71375  60.115  -21.327  40.366 0.0000000000
47882  31.801  -44.635  59.976 0.0000000000
49833  45.512  -42.548  64.640 0.0000000000
46883  48.665  -45.613  62.113 0.0000000000
47861  46.050  -44.946  60.889 0.0000000000
44968  46.636  -48.211  61.612 0.0000000000
41949  44.654  -50.649  60.270 0.0000000000
40925  42.483  -51.665  60.364 0.0000000000
45890  42.940  -46.590  63.909 0.0000000000
42939  41.885  -49.368  61.041 0.0000000000
40898  40.285  -51.662  60.986 0.0000000000
40876  38.103  -51.163  61.785 0.0000000000
41907  36.839  -50.612  62.754 0.0000000000
70335  53.463  -22.392  41.731 0.0000000000
69365  54.646  -23.494  39.630 0.0000000000
68329  53.157  -23.909  39.048 0.0000000000
44852  27.510  -47.468  69.194 0.0000000000
44890  26.070  -47.239  66.699 0.0000000000
44839  23.612  -47.391  69.385 0.0000000000
44912  23.317  -47.033  65.598 0.0000000000
75437  60.220  -17.532  44.013 0.0000000000
73416  58.299  -18.790  43.994 0.0000000000
72395  56.901  -20.508  44.181 0.0000000000
70321  55.464  -22.211  44.322 0.0000000000
69335  54.319  -23.526  44.326 0.0000000000
67358  53.777  -25.205  44.721 0.0000000000
66266  51.958  -26.589  44.484 0.0000000000
65165  56.752  -27.450  48.445 0.0000000000
65182  53.636  -27.379  47.166 0.0000000000
65223  50.582  -27.256  44.694 0.0000000000
65214  49.419  -27.358  45.439 0.0000000000
65201  47.953  -27.457  46.459 0.0000000000
62068  55.392  -29.946  56.650 0.0000000000
58961  53.463  -32.941  59.768 0.0000000000
62071  52.491  -31.570  56.754 0.0000000000
62108  52.148  -29.675  53.995 0.0000000000
63133  49.228  -29.887  51.592 0.0000000000
63147  46.069  -29.895  49.659 0.0000000000
54698  41.664  -37.146  50.382 0.0000000000
47889  43.030  -44.721  59.109 0.0000000000
48899  40.857  -43.642  56.950 0.0000000000
48920  39.453  -43.524  54.340 0.0000000000
45991  37.757  -46.494  56.153 0.0000000000
46968  37.401  -44.860  54.792 0.0000000000
46737  32.343  -44.509  70.267 0.0000000000
47655  31.777  -44.606  71.261 0.0000000000
49862  49.614  -43.059  62.009 0.0000000000
50926  48.525  -41.554  61.568 0.0000000000
50944  50.299  -42.006  60.558 0.0000000000
51909  50.269  -41.182  59.513 0.0000000000
49913  48.679  -42.219  59.244 0.0000000000
49915  46.674  -42.063  59.255 0.0000000000
49906  46.993  -42.797  59.690 0.0000000000
71372  55.575  -21.273  41.466 0.0000000000
71379  56.559  -21.823  40.749 0.0000000000
71380  55.806  -22.089  40.798 0.0000000000
47864  36.789  -45.032  60.106 0.0000000000
46917  35.496  -45.659  59.753 0.0000000000
47865  35.642  -44.868  60.057 0.0000000000
46857  27.481  -46.237  63.307 0.0000000000
46876  27.377  -46.082  62.564 0.0000000000
45908  26.456  -46.383  62.809 0.0000000000
45921  25.563  -46.202  61.582 0.0000000000
45896  24.949  -46.597  63.059 0.0000000000
46751  42.194  -45.357  69.318 0.0000000000
46750  42.898  -45.228  68.751 0.0000000000
46777  44.009  -46.105  67.398 0.0000000000
44865  43.937  -47.405  67.259 0.0000000000
43867  44.618  -47.839  66.087 0.0000000000
44885  43.582  -47.608  66.772 0.0000000000
47827  37.323  -44.667  61.571 0.0000000000
46890  38.372  -44.907  61.247 0.0000000000
47845  37.446  -44.856  60.632 0.0000000000
45933  37.739  -46.469  60.220 0.0000000000
67372  50.090  -25.611  42.629 0.0000000000
68327  49.490  -24.829  41.192 0.0000000000
67380  48.467  -25.750  40.665 0.0000000000
67320  61.676  -25.507  47.618 0.0000000000
66247  59.611  -26.009  47.010 0.0000000000
66212  60.687  -26.888  48.044 0.0000000000
63110  55.676  -29.177  52.926 0.0000000000
64120  55.143  -28.528  51.264 0.0000000000
64104  54.044  -28.762  52.156 0.0000000000
64122  52.899  -28.404  51.099 0.0000000000
64105  53.228  -28.696  52.003 0.0000000000
57836  46.719  -35.238  55.644 0.0000000000
59042  48.004  -33.880  55.650 0.0000000000
59054  46.497  -34.048  54.799 0.0000000000
60243  45.498  -32.955  53.030 0.0000000000
59083  44.676  -34.117  53.375 0.0000000000
59094  43.491  -34.214  52.081 0.0000000000
57868  44.085  -35.330  53.144 0.0000000000
42987  40.684  -49.760  58.215 0.0000000000
44002  40.993  -48.472  57.599 0.0000000000
42999  39.553  -49.232  57.850 0.0000000000
76470  60.981  -16.379  40.016 0.0000000000
75479  61.088  -17.079  40.471 0.0000000000
47774  35.456  -44.628  65.866 0.0000000000
47794  34.272  -44.506  64.440 0.0000000000
47758  33.660  -44.463  66.287 0.0000000000
46770  31.179  -45.616  68.426 0.0000000000
46785  31.224  -45.449  67.141 0.0000000000
46799  30.223  -45.979  66.533 0.0000000000
46815  29.473  -46.051  65.703 0.0000000000
45843  29.316  -46.573  66.991 0.0000000000
46735  38.986  -45.171  70.304 0.0000000000
46754  39.602  -45.477  69.526 0.0000000000
46755  38.587  -45.138  69.791 0.0000000000
47718  35.290  -44.006  68.692 0.0000000000
47755  36.690  -44.587  67.266 0.0000000000
47756  35.669  -44.542  66.944 0.0000000000
47792  36.316  -44.713  65.127 0.0000000000
54542  48.747  -37.548  63.313 0.0000000000
55490  49.867  -36.384  64.041 0.0000000000
56529  49.672  -35.341  63.435 0.0000000000
57731  49.331  -34.174  61.573 0.0000000000
56542  48.600  -35.548  61.747 0.0000000000
52798  49.180  -39.177  57.645 0.0000000000
53663  49.653  -38.396  58.169 0.0000000000
53702  48.843  -38.339  57.220 0.0000000000
54625  48.412  -37.659  56.893 0.0000000000
53704  47.327  -38.426  56.169 0.0000000000
53719  45.848  -38.180  55.037 0.0000000000
52817  46.649  -39.030  55.930 0.0000000000
50985  43.374  -41.123  57.640 0.0000000000
51943  44.021  -39.933  56.255 0.0000000000
51944  42.954  -40.294  56.370 0.0000000000
51946  41.105  -40.723  55.734 0.0000000000
50995  40.968  -41.446  56.399 0.0000000000
40955  37.259  -51.362  60.269 0.0000000000
41978  36.372  -50.232  59.177 0.0000000000
41959  35.778  -50.666  59.774 0.0000000000
74464  59.426  -18.771  41.615 0.0000000000
73453  60.160  -19.962  40.931 0.0000000000
72418  59.034  -20.875  40.611 0.0000000000
69360  59.247  -23.111  39.276 0.0000000000
42928  36.061  -49.479  63.367 0.0000000000
43919  35.501  -48.768  63.175 0.0000000000
47831  32.519  -44.318  62.244 0.0000000000
47868  32.425  -44.276  60.539 0.0000000000
47851  31.076  -44.232  61.405 0.0000000000
46925  27.327  -45.875  59.841 0.0000000000
46924  28.701  -45.227  59.963 0.0000000000
46826  45.689  -45.853  64.961 0.0000000000
48809  44.666  -43.824  65.827 0.0000000000
47789  46.776  -45.207  64.093 0.0000000000
47807  47.408  -44.540  63.519 0.0000000000
45888  48.247  -46.404  63.559 0.0000000000
45916  47.598  -46.654  61.876 0.0000000000
44952  47.737  -47.515  63.061 0.0000000000
42909  45.030  -49.602  63.303 0.0000000000
41898  45.254  -50.601  61.564 0.0000000000
40869  44.299  -51.270  61.189 0.0000000000
40924  43.310  -51.523  60.399 0.0000000000
40871  42.908  -51.268  61.278 0.0000000000
45856  41.149  -45.868  65.820 0.0000000000
45855  42.074  -46.687  65.949 0.0000000000
46827  41.563  -45.576  64.002 0.0000000000
44987  40.845  -46.989  60.318 0.0000000000
44971  41.633  -47.115  60.558 0.0000000000
42940  40.812  -49.371  61.016 0.0000000000
41917  41.213  -50.162  61.290 0.0000000000
41918  40.259  -50.177  61.441 0.0000000000
40875  39.030  -51.194  61.520 0.0000000000
41919  39.479  -50.178  61.657 0.0000000000
43939  36.653  -48.675  62.149 0.0000000000
42926  37.590  -49.994  62.578 0.0000000000
42927  36.704  -49.733  62.945 0.0000000000
70336  52.719  -22.797  42.135 0.0000000000
69354  53.307  -23.138  40.399 0.0000000000
69355  52.378  -23.255  40.618 0.0000000000
67387  51.295  -25.748  38.160 0.0000000000
44836  26.630  -47.370  69.938 0.0000000000
44871  27.368  -47.457  68.127 0.0000000000
44854  25.467  -47.568  68.725 0.0000000000
43851  21.895  -47.789  69.084 0.0000000000
44857  22.303  -47.464  68.265 0.0000000000
44874  24.142  -47.213  67.511 0.0000000000
44893  22.758  -47.173  66.552 0.0000000000
44934  22.734  -47.116  64.761 0.0000000000
44914  21.596  -47.698  65.989 0.0000000000
75446  61.004  -17.114  44.075 0.0000000000
74410  59.271  -18.644  44.997 0.0000000000
73400  58.569  -19.252  44.743 0.0000000000
73401  57.891  -19.396  44.198 0.0000000000
72393  58.649  -20.071  45.297 0.0000000000
70307  58.831  -22.560  45.630 0.0000000000
70319  57.414  -21.910  44.961 0.0000000000
70309  57.253  -22.992  45.050 0.0000000000
70322  54.834  -22.843  44.304 0.0000000000
69320  56.038  -24.055  44.985 0.0000000000
67337  56.169  -25.858  46.029 0.0000000000
68298  54.852  -25.187  45.089 0.0000000000
67352  54.188  -25.630  45.172 0.0000000000
67360  52.176  -25.749  44.220 0.0000000000
66258  53.762  -26.360  45.557 0.0000000000
64128  59.970  -27.967  50.862 0.0000000000
65147  58.574  -27.738  49.139 0.0000000000
64142  58.238  -27.960  49.891 0.0000000000
65151  54.011  -27.600  48.713 0.0000000000
65167  54.421  -27.532  48.196 0.0000000000
65183  52.616  -27.546  47.145 0.0000000000
65196  52.848  -27.307  46.201 0.0000000000
65197  51.902  -27.453  46.209 0.0000000000
65213  50.354  -27.429  45.402 0.0000000000
65198  50.966  -27.497  46.237 0.0000000000
64162  49.002  -28.171  48.815 0.0000000000
65187  48.690  -27.620  47.212 0.0000000000
64173  48.320  -27.881  48.067 0.0000000000
64174  47.287  -28.153  47.983 0.0000000000
62046  54.920  -30.107  58.187 0.0000000000
57752  51.523  -34.319  60.023 0.0000000000
60148  52.728  -32.871  60.388 0.0000000000
57769  52.592  -34.270  59.175 0.0000000000
60209  50.661  -32.341  55.617 0.0000000000
60198  52.112  -32.602  56.965 0.0000000000
61203  51.210  -31.533  55.524 0.0000000000
62083  52.214  -31.003  55.979 0.0000000000
62110  50.490  -30.721  54.014 0.0000000000
63115  50.433  -29.760  52.572 0.0000000000
62130  49.707  -30.541  53.075 0.0000000000
61258  45.848  -31.337  51.122 0.0000000000
62144  46.508  -30.589  50.819 0.0000000000
62150  45.402  -30.566  49.863 0.0000000000
63149  44.514  -30.087  48.969 0.0000000000
62156  43.926  -30.413  48.918 0.0000000000
61269  42.012  -31.287  48.760 0.0000000000
59115  40.877  -33.947  49.935 0.0000000000
59131  39.937  -33.184  48.658 0.0000000000
53744  43.480  -38.075  52.443 0.0000000000
54674  42.927  -37.366  51.761 0.0000000000
53757  41.769  -38.195  51.335 0.0000000000
54701  39.782  -37.635  49.401 0.0000000000
45948  44.988  -46.789  60.243 0.0000000000
47876  44.443  -44.664  60.179 0.0000000000
46929  43.443  -45.689  59.228 0.0000000000
45988  40.417  -46.351  56.442 0.0000000000
47895  41.208  -44.677  57.024 0.0000000000
47902  40.650  -44.575  56.302 0.0000000000
48910  39.799  -43.571  55.083 0.0000000000
47914  39.499  -44.410  54.967 0.0000000000
44007  36.519  -48.325  57.748 0.0000000000
44016  37.630  -47.670  56.992 0.0000000000
45056  37.151  -47.218  56.752 0.0000000000
46969  36.475  -44.962  54.727 0.0000000000
47931  37.374  -43.916  53.596 0.0000000000
71385  61.138  -21.545  39.137 0.0000000000
73457  61.463  -19.450  38.395 0.0000000000
68338  55.398  -24.156  38.313 0.0000000000
47719  34.136  -44.045  68.485 0.0000000000
47741  32.865  -44.592  67.034 0.0000000000
47720  33.000  -44.398  68.210 0.0000000000
46759  31.269  -45.495  69.344 0.0000000000
45802  30.845  -45.981  69.145 0.0000000000
47698  34.599  -43.763  69.502 0.0000000000
50866  47.011  -40.802  64.654 0.0000000000
51791  48.362  -39.639  65.404 0.0000000000
51828  47.182  -40.318  62.983 0.0000000000
52726  47.424  -39.531  62.612 0.0000000000
53628  47.420  -38.590  61.120 0.0000000000
54569  47.945  -37.679  60.315 0.0000000000
52750  49.330  -39.753  59.993 0.0000000000
51910  49.952  -40.648  58.908 0.0000000000
51929  47.608  -40.276  57.473 0.0000000000
51941  46.099  -39.677  56.580 0.0000000000
50982  46.992  -40.804  58.043 0.0000000000
50973  45.200  -41.497  58.737 0.0000000000
50975  43.496  -41.796  58.459 0.0000000000
40932  35.872  -51.339  61.114 0.0000000000
41960  34.719  -50.512  59.734 0.0000000000
41934  34.139  -50.718  60.398 0.0000000000
73444  57.281  -19.645  41.660 0.0000000000
72419  58.425  -21.123  40.663 0.0000000000
71378  57.701  -21.479  40.702 0.0000000000
70352  57.822  -22.887  39.907 0.0000000000
44973  36.071  -47.835  61.542 0.0000000000
44974  35.216  -47.695  61.699 0.0000000000
44993  35.495  -47.168  60.895 0.0000000000
45937  34.037  -46.556  60.418 0.0000000000
45953  32.631  -45.901  59.924 0.0000000000
46854  29.874  -45.002  63.191 0.0000000000
47853  29.510  -44.567  61.503 0.0000000000
47836  28.776  -45.065  62.114 0.0000000000
46910  27.549  -45.517  60.685 0.0000000000
45944  24.076  -46.737  60.519 0.0000000000
46807  44.822  -46.056  66.168 0.0000000000
45852  46.012  -47.043  65.087 0.0000000000
43887  46.996  -48.070  64.041 0.0000000000
44927  45.800  -48.148  64.992 0.0000000000
43889  45.406  -48.841  64.308 0.0000000000
43902  44.636  -48.974  63.450 0.0000000000
46829  39.656  -44.934  64.376 0.0000000000
46849  40.976  -45.020  63.136 0.0000000000
46871  39.092  -45.002  62.339 0.0000000000
46904  39.969  -45.677  60.663 0.0000000000
44989  39.160  -47.125  60.384 0.0000000000
43936  39.306  -48.694  61.060 0.0000000000
44990  38.305  -47.212  60.508 0.0000000000
44991  37.388  -47.414  60.754 0.0000000000
69348  50.750  -24.221  41.817 0.0000000000
69369  50.822  -23.907  40.277 0.0000000000
68326  50.066  -24.329  40.767 0.0000000000
67382  49.846  -25.162  38.968 0.0000000000
43837  20.511  -48.613  70.282 0.0000000000
43852  21.306  -48.119  68.445 0.0000000000
43870  20.993  -48.773  66.683 0.0000000000
43860  20.489  -49.327  67.924 0.0000000000
68278  59.652  -24.348  46.118 0.0000000000
68295  57.418  -24.302  45.369 0.0000000000
67335  58.247  -25.295  46.042 0.0000000000
66249  57.797  -26.088  46.554 0.0000000000
66233  57.412  -26.566  47.140 0.0000000000
64118  57.320  -28.545  51.513 0.0000000000
64131  56.779  -28.255  50.673 0.0000000000
64132  55.720  -28.240  50.497 0.0000000000
64133  54.642  -28.179  50.329 0.0000000000
64147  52.958  -27.724  49.155 0.0000000000
65170  51.831  -27.613  48.027 0.0000000000
64148  51.796  -27.819  49.326 0.0000000000
64136  51.321  -28.238  50.221 0.0000000000
64137  50.324  -28.511  50.267 0.0000000000
56623  50.340  -35.437  57.462 0.0000000000
57799  51.224  -34.218  57.382 0.0000000000
57817  49.410  -34.260  56.641 0.0000000000
59040  49.671  -33.235  55.780 0.0000000000
60227  48.990  -31.949  54.183 0.0000000000
61235  48.182  -31.598  52.967 0.0000000000
60242  46.770  -32.016  52.859 0.0000000000
60256  45.785  -32.155  52.194 0.0000000000
60272  44.138  -32.435  51.026 0.0000000000
60288  42.659  -32.421  50.120 0.0000000000
60273  43.221  -32.928  51.010 0.0000000000
59104  42.221  -34.306  51.083 0.0000000000
57884  41.499  -35.147  50.632 0.0000000000
52860  41.443  -38.846  52.826 0.0000000000
53758  40.747  -38.453  51.476 0.0000000000
53759  39.453  -38.777  51.947 0.0000000000
53771  38.389  -38.803  51.179 0.0000000000
53786  37.456  -38.893  50.200 0.0000000000
43974  43.571  -48.925  58.622 0.0000000000
45965  42.473  -46.954  57.800 0.0000000000
45025  41.989  -48.065  57.613 0.0000000000
45038  41.157  -47.670  57.217 0.0000000000
45053  39.865  -47.048  56.639 0.0000000000
45993  35.784  -46.493  56.348 0.0000000000
46004  34.269  -45.956  55.828 0.0000000000
77400  60.408  -15.634  40.136 0.0000000000
76476  60.625  -16.192  39.118 0.0000000000
75489  61.256  -17.302  37.924 0.0000000000
47828  36.357  -44.567  62.581 0.0000000000
47829  34.757  -44.353  62.386 0.0000000000
47812  33.991  -44.435  63.347 0.0000000000
47813  32.946  -44.464  63.191 0.0000000000
47796  32.330  -44.579  64.007 0.0000000000
47759  32.665  -44.654  65.935 0.0000000000
47778  31.777  -44.816  64.773 0.0000000000
46833  30.840  -44.949  63.955 0.0000000000
46835  29.068  -45.825  64.540 0.0000000000
46836  28.334  -46.129  64.354 0.0000000000
45878  27.401  -46.647  64.775 0.0000000000
45799  41.221  -46.073  68.937 0.0000000000
44868  42.483  -47.108  67.388 0.0000000000
45813  40.960  -46.138  68.512 0.0000000000
46779  40.454  -45.680  67.185 0.0000000000
46795  39.546  -45.134  66.639 0.0000000000
46783  37.770  -44.754  68.954 0.0000000000
47753  38.266  -44.758  67.672 0.0000000000
46811  38.361  -44.712  65.995 0.0000000000
46831  37.375  -44.789  64.890 0.0000000000
46853  36.893  -44.857  63.806 0.0000000000
66285  48.656  -26.630  42.610 0.0000000000
66292  48.064  -26.290  40.824 0.0000000000
65250  47.123  -27.615  40.937 0.0000000000
66198  61.293  -26.987  49.548 0.0000000000
64100  59.157  -28.143  52.876 0.0000000000
63107  58.168  -28.855  53.598 0.0000000000
63082  56.894  -29.389  53.952 0.0000000000
63083  55.962  -29.493  53.771 0.0000000000
58965  49.958  -33.779  60.723 0.0000000000
55517  50.996  -35.802  59.197 0.0000000000
54567  49.329  -37.019  59.346 0.0000000000
54577  50.327  -36.877  58.714 0.0000000000
55556  50.707  -36.130  57.966 0.0000000000
55572  48.772  -36.746  57.053 0.0000000000
56644  46.791  -36.453  55.889 0.0000000000
56662  45.923  -36.480  55.069 0.0000000000
56688  44.365  -36.201  53.381 0.0000000000
54653  45.392  -37.539  54.449 0.0000000000
53732  44.544  -38.311  53.975 0.0000000000
52840  44.086  -38.651  53.974 0.0000000000
52819  44.583  -39.459  55.617 0.0000000000
52833  43.736  -39.397  54.988 0.0000000000
52841  43.031  -39.180  54.055 0.0000000000
52843  40.807  -39.901  54.178 0.0000000000
52844  40.205  -40.201  54.217 0.0000000000
51962  39.114  -41.444  53.911 0.0000000000
41956  38.724  -51.033  59.471 0.0000000000
42989  38.944  -49.879  58.296 0.0000000000
42990  38.027  -49.758  58.432 0.0000000000
43002  36.776  -49.003  58.083 0.0000000000
44008  35.541  -48.305  57.818 0.0000000000
41980  34.276  -50.006  59.122 0.0000000000
43004  34.766  -49.013  58.106 0.0000000000
74463  60.566  -18.686  41.483 0.0000000000
75466  61.135  -18.424  41.034 0.0000000000
74478  60.828  -19.209  41.066 0.0000000000
72416  60.505  -20.754  40.252 0.0000000000
70348  60.915  -22.162  39.482 0.0000000000
70339  59.171  -22.203  40.199 0.0000000000
70349  60.363  -22.479  39.660 0.0000000000
47867  33.462  -44.344  60.479 0.0000000000
47881  32.815  -44.688  59.908 0.0000000000
45954  31.633  -45.825  59.963 0.0000000000
47884  29.816  -44.640  60.125 0.0000000000
45955  30.575  -45.908  59.858 0.0000000000
50867  46.559  -41.376  65.068 0.0000000000
49850  46.261  -42.221  63.342 0.0000000000
48848  48.721  -43.445  62.601 0.0000000000
47858  48.878  -44.670  61.080 0.0000000000
48871  47.637  -44.293  60.495 0.0000000000
46898  47.807  -45.703  61.420 0.0000000000
45928  45.841  -46.831  60.825 0.0000000000
44986  45.474  -47.881  60.356 0.0000000000
42935  46.360  -49.226  61.832 0.0000000000
43951  45.729  -49.056  60.682 0.0000000000
43973  44.375  -48.896  59.159 0.0000000000
42974  43.104  -50.191  58.810 0.0000000000
41952  42.350  -51.143  59.254 0.0000000000
40951  41.043  -51.648  59.806 0.0000000000
44907  42.728  -47.284  66.108 0.0000000000
45889  43.458  -47.414  64.433 0.0000000000
43903  44.109  -48.444  62.971 0.0000000000
46868  42.155  -45.769  62.365 0.0000000000
44969  43.156  -48.108  61.452 0.0000000000
42924  43.049  -50.083  61.462 0.0000000000
40872  41.917  -51.300  61.261 0.0000000000
40897  41.239  -51.686  60.906 0.0000000000
40952  40.120  -51.579  59.878 0.0000000000
40929  38.762  -51.603  60.678 0.0000000000
40930  37.818  -51.647  60.829 0.0000000000
40901  37.495  -51.508  61.517 0.0000000000
42925  38.266  -50.093  62.211 0.0000000000
41906  37.772  -50.644  62.214 0.0000000000
40902  36.550  -51.369  61.772 0.0000000000
40878  36.237  -51.225  62.722 0.0000000000
70334  54.250  -22.172  41.339 0.0000000000
70344  54.676  -22.633  40.690 0.0000000000
70345  53.793  -22.647  40.886 0.0000000000
68342  51.667  -24.711  38.585 0.0000000000
67386  52.211  -25.281  38.134 0.0000000000
65253  48.127  -27.411  39.542 0.0000000000
46720  30.449  -45.347  70.982 0.0000000000
45787  30.324  -46.178  70.204 0.0000000000
45817  29.779  -46.754  69.099 0.0000000000
44834  28.543  -47.086  70.103 0.0000000000
44869  29.025  -47.091  68.987 0.0000000000
44888  28.056  -47.232  67.523 0.0000000000
44889  27.315  -47.182  66.848 0.0000000000
44910  25.838  -47.055  65.409 0.0000000000
44838  24.623  -47.495  69.588 0.0000000000
44855  24.413  -47.402  68.540 0.0000000000
44891  24.928  -47.200  66.532 0.0000000000
44932  25.151  -47.011  64.307 0.0000000000
44945  24.409  -46.788  63.634 0.0000000000
76449  60.740  -16.596  42.342 0.0000000000
75457  60.540  -17.481  42.609 0.0000000000
74450  59.801  -17.913  42.494 0.0000000000
74451  58.761  -18.464  42.255 0.0000000000
74423  59.820  -17.918  44.702 0.0000000000
74438  58.673  -18.272  43.251 0.0000000000
74439  58.099  -18.628  42.648 0.0000000000
73418  57.102  -19.453  42.727 0.0000000000
72406  56.532  -19.845  42.433 0.0000000000
71367  55.285  -20.888  42.659 0.0000000000
71356  57.901  -21.502  45.007 0.0000000000
71358  56.286  -21.313  44.325 0.0000000000
71365  54.845  -21.423  43.259 0.0000000000
70325  54.253  -22.248  43.574 0.0000000000
70326  53.365  -22.947  43.478 0.0000000000
70327  52.953  -23.366  43.499 0.0000000000
68297  55.485  -24.643  45.037 0.0000000000
69336  53.826  -24.170  44.335 0.0000000000
69340  52.447  -23.855  43.457 0.0000000000
68317  51.629  -24.847  43.377 0.0000000000
67368  51.142  -25.664  43.475 0.0000000000
66276  50.732  -26.429  43.712 0.0000000000
65162  60.211  -27.295  48.517 0.0000000000
65178  58.063  -26.826  47.780 0.0000000000
65180  56.047  -27.162  47.634 0.0000000000
65149  56.516  -27.702  49.205 0.0000000000
65181  54.812  -27.087  47.199 0.0000000000
65194  54.454  -26.781  46.495 0.0000000000
65210  52.966  -26.939  45.551 0.0000000000
65221  51.671  -26.946  44.618 0.0000000000
66277  49.965  -26.738  43.583 0.0000000000
65233  49.271  -27.071  43.872 0.0000000000
65234  48.225  -27.143  43.795 0.0000000000
65186  49.698  -27.644  47.080 0.0000000000
65200  49.046  -27.446  46.322 0.0000000000
63050  56.229  -29.684  55.630 0.0000000000
63065  55.203  -29.644  54.544 0.0000000000
60147  53.967  -31.903  59.723 0.0000000000
58991  52.622  -33.562  58.140 0.0000000000
58989  53.392  -32.609  58.463 0.0000000000
61171  53.859  -31.498  58.358 0.0000000000
62070  53.240  -30.907  56.997 0.0000000000
62082  53.598  -29.986  55.621 0.0000000000
63086  52.832  -29.410  53.652 0.0000000000
63114  51.443  -29.182  52.551 0.0000000000
63132  50.091  -29.422  51.604 0.0000000000
64139  48.848  -29.123  50.352 0.0000000000
62138  48.522  -30.522  51.959 0.0000000000
63139  48.077  -29.812  50.810 0.0000000000
64152  47.473  -28.995  49.429 0.0000000000
64165  45.589  -28.976  48.226 0.0000000000
60301  40.960  -32.221  48.803 0.0000000000
60302  40.171  -32.373  48.161 0.0000000000
56696  43.387  -36.427  52.407 0.0000000000
55633  42.313  -36.716  51.146 0.0000000000
55646  40.914  -36.531  49.706 0.0000000000
53769  40.986  -38.166  50.632 0.0000000000
54700  40.587  -37.492  49.504 0.0000000000
48884  45.257  -43.746  60.245 0.0000000000
49909  44.114  -42.962  59.656 0.0000000000
49919  42.655  -42.661  58.674 0.0000000000
46933  42.147  -45.776  57.760 0.0000000000
48893  41.456  -43.704  57.664 0.0000000000
49922  41.327  -42.651  57.467 0.0000000000
49927  40.360  -42.401  56.249 0.0000000000
49941  39.487  -42.760  54.449 0.0000000000
49947  38.867  -42.659  53.235 0.0000000000
44005  38.487  -48.356  57.257 0.0000000000
45041  38.631  -47.639  56.831 0.0000000000
45990  38.774  -46.109  56.074 0.0000000000
46002  36.404  -45.986  55.769 0.0000000000
46959  37.785  -45.336  55.310 0.0000000000
46958  38.472  -45.222  55.361 0.0000000000
47920  38.929  -44.262  54.246 0.0000000000
48925  38.498  -43.223  53.004 0.0000000000
74480  61.370  -18.674  39.315 0.0000000000
74482  61.473  -18.304  38.068 0.0000000000
74490  61.219  -18.098  36.874 0.0000000000
69364  55.554  -23.450  39.569 0.0000000000
48878  49.892  -43.184  60.891 0.0000000000
49891  50.093  -42.662  61.018 0.0000000000
49902  50.018  -42.647  60.415 0.0000000000
49903  49.632  -42.749  59.831 0.0000000000
49904  48.853  -42.880  59.700 0.0000000000
49905  47.977  -42.824  59.680 0.0000000000
48881  48.252  -43.561  60.070 0.0000000000
70333  55.087  -22.116  41.093 0.0000000000
47847  35.340  -44.396  61.232 0.0000000000
45894  26.510  -46.608  63.649 0.0000000000
45907  27.038  -46.367  63.236 0.0000000000
45909  25.602  -46.400  62.538 0.0000000000
45895  25.674  -46.663  63.424 0.0000000000
45797  42.670  -46.176  68.589 0.0000000000
45825  43.637  -46.671  67.741 0.0000000000
44847  43.227  -47.194  67.759 0.0000000000
44866  43.544  -47.308  67.472 0.0000000000
44867  43.024  -47.366  67.370 0.0000000000
67373  49.434  -25.930  42.362 0.0000000000
67376  49.126  -25.568  41.669 0.0000000000
67377  48.470  -25.947  41.240 0.0000000000
66229  61.184  -26.277  47.736 0.0000000000
66210  61.840  -26.332  49.061 0.0000000000
63130  54.680  -28.723  51.911 0.0000000000
63111  54.631  -29.008  52.749 0.0000000000
63112  53.543  -29.002  52.822 0.0000000000
57849  45.743  -35.027  54.760 0.0000000000
59055  46.050  -34.509  54.753 0.0000000000
59068  45.592  -34.144  54.235 0.0000000000
59069  44.970  -34.664  53.929 0.0000000000
59084  43.952  -34.577  52.743 0.0000000000
57859  44.638  -35.280  53.720 0.0000000000
42988  39.786  -49.941  58.228 0.0000000000
76458  60.842  -16.519  41.115 0.0000000000
47757  34.663  -44.480  66.619 0.0000000000
47775  34.467  -44.525  65.533 0.0000000000
47740  33.861  -44.310  67.381 0.0000000000
46786  30.588  -46.045  67.715 0.0000000000
45842  29.918  -46.367  67.533 0.0000000000
46800  29.502  -46.261  66.350 0.0000000000
47648  38.612  -44.657  71.342 0.0000000000
46736  38.209  -44.903  70.413 0.0000000000
47738  35.972  -44.496  68.023 0.0000000000
55491  49.291  -37.025  63.554 0.0000000000
56518  50.142  -35.261  64.140 0.0000000000
55499  49.432  -35.936  63.253 0.0000000000
56530  49.126  -35.440  62.710 0.0000000000
55508  48.069  -36.568  61.354 0.0000000000
52799  48.473  -39.459  57.224 0.0000000000
52815  48.533  -38.924  57.072 0.0000000000
53703  48.125  -38.404  56.721 0.0000000000
50993  42.829  -40.908  57.062 0.0000000000
50994  42.029  -41.042  56.807 0.0000000000
50987  41.407  -41.825  57.077 0.0000000000
41958  36.780  -50.821  59.733 0.0000000000
73442  58.877  -19.501  41.210 0.0000000000
72410  59.320  -20.171  40.891 0.0000000000
43940  35.791  -48.354  62.318 0.0000000000
47832  31.579  -44.336  62.212 0.0000000000
47833  30.728  -44.428  62.208 0.0000000000
45957  28.010  -46.326  59.325 0.0000000000
46825  46.295  -45.885  64.649 0.0000000000
47790  45.430  -44.956  64.688 0.0000000000
46824  47.283  -45.921  64.295 0.0000000000
46823  48.173  -45.867  63.770 0.0000000000
45869  47.998  -46.410  63.858 0.0000000000
44940  48.072  -46.960  63.367 0.0000000000
44941  47.561  -47.492  63.671 0.0000000000
42922  44.701  -49.949  62.508 0.0000000000
41899  44.630  -50.836  61.730 0.0000000000
41900  43.758  -50.720  61.708 0.0000000000
40870  43.769  -51.290  61.302 0.0000000000
46808  41.385  -45.781  65.005 0.0000000000
43954  40.570  -47.707  60.436 0.0000000000
43953  41.142  -47.505  60.431 0.0000000000
42941  39.810  -49.478  61.241 0.0000000000
42944  37.347  -49.259  62.318 0.0000000000
69346  52.103  -23.210  41.564 0.0000000000
44853  26.512  -47.590  68.954 0.0000000000
44837  25.639  -47.496  69.789 0.0000000000
44875  23.086  -47.187  67.437 0.0000000000
44876  22.202  -47.383  67.365 0.0000000000
44913  22.340  -47.275  65.779 0.0000000000
44894  21.905  -47.473  66.636 0.0000000000
76433  60.847  -16.563  44.372 0.0000000000
76425  60.380  -16.736  45.391 0.0000000000
74409  59.805  -18.556  45.553 0.0000000000
73383  59.211  -19.363  45.528 0.0000000000
69317  58.539  -23.381  45.546 0.0000000000
69319  56.660  -23.528  45.001 0.0000000000
67338  55.644  -25.996  46.052 0.0000000000
67351  55.328  -25.641  45.587 0.0000000000
66257  54.632  -26.156  45.831 0.0000000000
67353  53.589  -25.986  45.155 0.0000000000
64129  59.146  -28.184  50.521 0.0000000000
64130  57.875  -28.256  50.699 0.0000000000
65168  53.298  -27.597  48.196 0.0000000000
65184  51.569  -27.596  47.306 0.0000000000
64163  47.902  -28.432  48.817 0.0000000000
62035  54.682  -30.298  59.081 0.0000000000
56562  51.940  -34.769  59.486 0.0000000000
57751  52.468  -34.010  59.948 0.0000000000
56585  51.997  -34.804  58.789 0.0000000000
60215  50.332  -31.951  55.098 0.0000000000
61197  51.106  -31.977  55.725 0.0000000000
61204  50.707  -31.613  55.127 0.0000000000
62096  50.684  -31.155  54.682 0.0000000000
61214  50.375  -31.341  54.559 0.0000000000
61233  49.522  -31.127  53.617 0.0000000000
61263  44.347  -31.511  50.178 0.0000000000
62145  45.612  -30.990  50.474 0.0000000000
62146  44.962  -31.175  50.130 0.0000000000
62151  44.406  -30.786  49.567 0.0000000000
62152  43.368  -30.982  49.176 0.0000000000
62153  42.663  -31.000  48.804 0.0000000000
57895  40.337  -34.793  49.379 0.0000000000
57896  39.847  -34.374  48.931 0.0000000000
57910  39.892  -35.014  48.745 0.0000000000
52858  43.013  -38.455  52.480 0.0000000000
53745  42.550  -38.320  52.007 0.0000000000
45949  44.072  -46.614  59.558 0.0000000000
46947  40.214  -45.466  55.958 0.0000000000
47903  40.158  -44.467  55.527 0.0000000000
46956  39.743  -45.069  55.473 0.0000000000
45043  36.321  -47.679  57.367 0.0000000000
45042  37.063  -47.820  57.273 0.0000000000
45057  36.116  -47.036  56.899 0.0000000000
71387  61.256  -21.565  38.078 0.0000000000
47699  33.255  -44.047  69.487 0.0000000000
46758  32.027  -44.826  69.101 0.0000000000
45786  30.894  -45.877  69.831 0.0000000000
47675  34.024  -43.737  70.339 0.0000000000
50885  46.726  -41.072  63.436 0.0000000000
51809  47.329  -40.332  64.078 0.0000000000
50905  47.247  -41.361  62.274 0.0000000000
51851  49.034  -41.130  61.060 0.0000000000
51852  47.744  -40.632  61.566 0.0000000000
52737  47.470  -39.487  61.432 0.0000000000
53622  47.558  -38.580  62.240 0.0000000000
51873  47.877  -40.018  60.918 0.0000000000
52751  48.109  -39.382  60.446 0.0000000000
50969  49.535  -41.676  59.029 0.0000000000
51911  49.167  -40.841  58.387 0.0000000000
51928  48.642  -40.221  57.686 0.0000000000
50981  47.999  -40.843  58.070 0.0000000000
50972  46.306  -41.407  58.692 0.0000000000
50974  44.262  -41.773  58.789 0.0000000000
49917  44.593  -42.245  59.295 0.0000000000
40933  34.805  -51.016  61.203 0.0000000000
72412  56.936  -20.092  41.446 0.0000000000
71370  57.372  -20.763  40.990 0.0000000000
71371  56.714  -21.027  41.093 0.0000000000
70342  56.350  -22.554  40.410 0.0000000000
70341  57.280  -22.414  40.375 0.0000000000
69362  57.374  -23.354  39.482 0.0000000000
44992  36.397  -47.236  60.775 0.0000000000
45935  35.792  -46.464  60.136 0.0000000000
46918  34.827  -45.610  59.689 0.0000000000
45951  34.413  -46.120  59.875 0.0000000000
45952  33.566  -46.036  59.885 0.0000000000
46855  29.199  -45.267  63.152 0.0000000000
47835  29.288  -44.882  62.261 0.0000000000
46875  28.375  -45.441  62.472 0.0000000000
46892  27.806  -45.531  61.644 0.0000000000
46911  26.552  -45.922  60.426 0.0000000000
45942  25.983  -46.203  60.118 0.0000000000
46894  25.994  -46.033  60.866 0.0000000000
45922  24.453  -46.378  61.391 0.0000000000
45945  23.358  -47.172  60.756 0.0000000000
45923  23.520  -46.808  61.372 0.0000000000
47714  43.731  -43.980  68.565 0.0000000000
46793  44.553  -46.080  66.664 0.0000000000
46792  45.034  -46.564  66.197 0.0000000000
45838  45.145  -47.175  66.210 0.0000000000
44904  45.967  -47.404  65.126 0.0000000000
44905  45.305  -47.659  65.724 0.0000000000
43879  44.393  -48.019  65.657 0.0000000000
43878  45.013  -48.210  65.312 0.0000000000
43890  44.538  -48.373  64.789 0.0000000000
44928  44.255  -48.194  64.521 0.0000000000
46851  38.784  -44.936  63.485 0.0000000000
46850  39.880  -44.961  63.280 0.0000000000
46905  39.037  -45.561  60.548 0.0000000000
46889  39.547  -45.151  61.313 0.0000000000
45931  39.536  -46.334  60.353 0.0000000000
44972  36.818  -47.925  61.365 0.0000000000
68322  50.791  -24.360  42.099 0.0000000000
69357  50.717  -24.003  41.291 0.0000000000
67383  49.123  -25.433  39.490 0.0000000000
68333  49.452  -24.743  40.305 0.0000000000
67389  49.555  -25.638  38.918 0.0000000000
66301  49.235  -26.343  38.844 0.0000000000
43845  20.484  -48.689  69.336 0.0000000000
43853  20.441  -48.920  68.468 0.0000000000
68279  59.011  -24.880  46.009 0.0000000000
67334  59.586  -25.373  46.512 0.0000000000
66248  58.820  -25.991  46.754 0.0000000000
66232  58.349  -26.470  47.196 0.0000000000
64102  57.598  -28.776  52.386 0.0000000000
64119  56.232  -28.574  51.521 0.0000000000
64146  54.093  -27.756  49.387 0.0000000000
64135  52.409  -28.137  50.164 0.0000000000
64124  50.792  -28.678  51.134 0.0000000000
56641  49.331  -35.614  57.130 0.0000000000
56640  49.894  -34.887  57.133 0.0000000000
59053  47.584  -33.400  54.946 0.0000000000
59041  48.610  -33.540  55.583 0.0000000000
59052  48.733  -32.981  55.083 0.0000000000
59051  49.287  -32.693  55.071 0.0000000000
60218  48.269  -32.743  54.616 0.0000000000
60228  47.891  -32.338  53.831 0.0000000000
61251  45.453  -31.980  51.501 0.0000000000
60258  43.545  -33.439  51.623 0.0000000000
59095  42.750  -34.591  51.635 0.0000000000
57883  41.905  -35.398  51.021 0.0000000000
52861  40.345  -39.169  53.011 0.0000000000
53747  40.609  -38.742  52.298 0.0000000000
53748  39.862  -39.009  52.550 0.0000000000
53772  37.715  -39.248  50.904 0.0000000000
43990  42.939  -49.106  58.341 0.0000000000
45024  43.004  -48.120  58.129 0.0000000000
44003  40.302  -48.580  57.512 0.0000000000
45052  40.560  -47.093  56.779 0.0000000000
76475  61.260  -16.745  38.958 0.0000000000
47811  35.131  -44.479  63.591 0.0000000000
47776  33.487  -44.529  65.221 0.0000000000
47795  33.272  -44.534  64.189 0.0000000000
46784  32.035  -44.983  66.603 0.0000000000
46798  31.305  -45.167  65.784 0.0000000000
46813  30.956  -45.058  64.569 0.0000000000
46834  30.159  -45.121  63.892 0.0000000000
45876  28.810  -46.260  65.464 0.0000000000
45877  28.207  -46.395  65.000 0.0000000000
45892  27.895  -46.340  64.311 0.0000000000
45859  27.549  -46.865  65.704 0.0000000000
46734  39.827  -45.289  70.245 0.0000000000
46713  40.371  -44.804  70.615 0.0000000000
46733  40.732  -45.035  70.304 0.0000000000
46752  41.370  -45.664  69.511 0.0000000000
45800  40.656  -45.891  69.079 0.0000000000
46765  39.565  -45.459  68.640 0.0000000000
45828  40.390  -45.790  68.152 0.0000000000
46780  39.578  -45.342  67.697 0.0000000000
47696  36.453  -44.188  69.865 0.0000000000
46757  37.430  -44.619  69.632 0.0000000000
47716  37.020  -44.506  69.375 0.0000000000
47754  37.601  -44.653  67.498 0.0000000000
47771  38.081  -44.668  66.970 0.0000000000
46830  38.568  -44.853  64.649 0.0000000000
46812  37.515  -44.683  65.744 0.0000000000
46832  36.665  -44.790  64.461 0.0000000000
47810  36.104  -44.677  64.048 0.0000000000
66286  47.919  -26.773  42.095 0.0000000000
64101  58.488  -28.602  52.719 0.0000000000
64085  58.645  -28.467  53.628 0.0000000000
63062  57.786  -28.916  55.020 0.0000000000
63081  57.671  -29.155  54.156 0.0000000000
63063  57.038  -29.503  54.883 0.0000000000
52714  48.613  -39.129  64.722 0.0000000000
57754  49.426  -34.681  60.559 0.0000000000
58948  49.805  -33.420  61.538 0.0000000000
57753  50.502  -34.481  60.135 0.0000000000
56564  50.033  -35.328  59.841 0.0000000000
54568  48.629  -37.663  59.742 0.0000000000
53649  49.356  -38.233  59.298 0.0000000000
53682  49.401  -38.176  57.630 0.0000000000
54591  49.962  -37.590  58.452 0.0000000000
54590  50.366  -36.826  58.238 0.0000000000
54607  50.341  -36.712  57.912 0.0000000000
55557  50.179  -36.419  57.663 0.0000000000
55571  49.604  -36.645  57.410 0.0000000000
55584  47.228  -37.300  56.092 0.0000000000
55573  47.776  -36.912  56.542 0.0000000000
55585  46.620  -37.047  55.636 0.0000000000
56661  46.333  -35.988  55.535 0.0000000000
55586  46.117  -36.792  55.243 0.0000000000
55608  45.229  -36.916  54.217 0.0000000000
54652  45.807  -37.631  54.899 0.0000000000
53720  45.405  -38.432  54.874 0.0000000000
53731  45.055  -38.121  54.301 0.0000000000
52839  44.663  -38.450  54.267 0.0000000000
52848  43.914  -38.425  53.348 0.0000000000
51942  45.030  -39.774  56.425 0.0000000000
51951  43.535  -39.814  55.743 0.0000000000
52820  44.013  -39.640  55.628 0.0000000000
52834  42.594  -39.679  54.760 0.0000000000
52842  41.896  -39.663  54.286 0.0000000000
52835  42.124  -39.814  54.709 0.0000000000
51954  40.492  -40.700  55.097 0.0000000000
51960  40.451  -40.315  54.516 0.0000000000
51955  39.883  -41.203  54.880 0.0000000000
51961  39.635  -40.822  54.318 0.0000000000
51008  39.606  -41.589  54.723 0.0000000000
41976  38.335  -50.449  58.925 0.0000000000
41977  37.369  -50.334  59.080 0.0000000000
42991  37.052  -49.664  58.576 0.0000000000
43003  35.771  -48.982  58.190 0.0000000000
42994  34.003  -49.571  58.481 0.0000000000
43005  33.747  -49.010  58.001 0.0000000000
44009  34.534  -48.369  57.666 0.0000000000
72417  59.914  -20.473  40.742 0.0000000000
72422  60.632  -21.206  39.913 0.0000000000
71383  60.492  -21.683  39.972 0.0000000000
71377  58.711  -21.611  40.475 0.0000000000
70350  59.638  -22.682  39.776 0.0000000000
43941  35.083  -48.064  62.473 0.0000000000
47848  34.122  -44.250  61.319 0.0000000000
46921  32.198  -45.237  59.646 0.0000000000
47871  29.709  -44.428  60.764 0.0000000000
47885  29.323  -44.731  60.359 0.0000000000
45956  29.352  -46.313  59.540 0.0000000000
46923  30.056  -45.241  59.682 0.0000000000
48781  44.760  -43.004  67.948 0.0000000000
48823  45.156  -43.533  64.727 0.0000000000
49818  45.370  -42.673  65.590 0.0000000000
49817  45.981  -41.932  65.332 0.0000000000
49832  45.938  -41.852  64.423 0.0000000000
49851  45.704  -42.407  63.997 0.0000000000
47786  48.716  -45.122  63.232 0.0000000000
48836  48.036  -44.009  62.918 0.0000000000
48834  49.206  -44.369  62.691 0.0000000000
48860  49.717  -44.009  61.839 0.0000000000
47842  49.230  -44.826  61.723 0.0000000000
47859  47.990  -45.076  61.080 0.0000000000
47844  48.118  -45.494  61.424 0.0000000000
44967  47.011  -47.534  61.805 0.0000000000
45926  47.129  -46.699  61.551 0.0000000000
44984  46.760  -47.199  61.462 0.0000000000
44985  46.349  -47.815  61.134 0.0000000000
43900  46.673  -48.819  63.632 0.0000000000
43915  46.895  -48.880  62.878 0.0000000000
42907  46.275  -49.538  63.111 0.0000000000
41913  45.186  -50.609  61.021 0.0000000000
42936  45.836  -49.847  61.473 0.0000000000
42971  44.960  -50.183  60.271 0.0000000000
43952  45.089  -48.886  59.877 0.0000000000
42972  44.628  -49.869  59.749 0.0000000000
42973  43.796  -49.899  59.048 0.0000000000
41950  44.061  -50.658  59.726 0.0000000000
40949  42.843  -51.466  59.814 0.0000000000
40950  41.959  -51.626  59.780 0.0000000000
41953  41.477  -51.223  59.233 0.0000000000
45826  41.992  -46.805  67.383 0.0000000000
44887  42.367  -47.046  66.732 0.0000000000
44908  42.421  -47.036  66.308 0.0000000000
45874  42.921  -47.188  65.211 0.0000000000
45903  43.530  -47.227  63.408 0.0000000000
44943  44.078  -48.012  63.812 0.0000000000
46869  41.316  -45.420  62.016 0.0000000000
46848  41.840  -45.514  63.060 0.0000000000
45919  41.597  -45.808  61.386 0.0000000000
43933  42.627  -48.574  61.104 0.0000000000
44970  42.659  -47.451  61.191 0.0000000000
43932  43.369  -48.700  61.632 0.0000000000
42938  42.910  -49.538  61.370 0.0000000000
41901  42.732  -50.604  61.460 0.0000000000
41916  42.177  -50.149  61.305 0.0000000000
40873  40.916  -51.309  61.284 0.0000000000
40927  40.647  -51.741  60.426 0.0000000000
40928  39.709  -51.639  60.529 0.0000000000
40953  39.178  -51.489  60.002 0.0000000000
40900  38.419  -51.568  61.295 0.0000000000
43937  38.456  -48.660  61.386 0.0000000000
42942  38.877  -49.613  61.683 0.0000000000
42943  38.045  -49.357  62.030 0.0000000000
40877  37.175  -51.132  62.157 0.0000000000
69367  52.748  -23.499  39.770 0.0000000000
69366  53.716  -23.526  39.702 0.0000000000
68331  51.153  -24.167  39.309 0.0000000000
67394  52.581  -25.800  37.681 0.0000000000
66293  47.734  -26.988  40.402 0.0000000000
66297  47.903  -27.136  39.853 0.0000000000
47656  31.010  -44.685  71.421 0.0000000000
45778  30.051  -45.760  70.739 0.0000000000
45788  29.514  -46.289  70.463 0.0000000000
45804  29.806  -46.743  69.981 0.0000000000
44833  29.180  -46.812  70.229 0.0000000000
44851  28.391  -47.266  69.454 0.0000000000
44870  28.364  -47.254  68.432 0.0000000000
45831  28.724  -47.022  67.547 0.0000000000
44872  26.339  -47.511  67.817 0.0000000000
44909  26.726  -47.024  65.985 0.0000000000
44826  22.821  -47.461  70.151 0.0000000000
44812  22.931  -47.408  71.131 0.0000000000
44825  23.780  -47.432  70.391 0.0000000000
44892  23.787  -47.079  66.517 0.0000000000
44911  24.484  -47.036  65.476 0.0000000000
44933  23.881  -46.920  64.527 0.0000000000
44946  23.249  -47.002  63.415 0.0000000000
44915  21.270  -48.277  66.169 0.0000000000
77372  60.585  -15.612  42.873 0.0000000000
76448  60.968  -16.907  43.150 0.0000000000
75447  60.644  -17.340  43.702 0.0000000000
75448  60.207  -17.548  43.217 0.0000000000
74437  59.589  -17.774  43.671 0.0000000000
75428  60.380  -17.490  45.758 0.0000000000
74422  60.258  -17.894  45.404 0.0000000000
74424  59.007  -18.370  44.257 0.0000000000
73429  57.577  -19.046  42.368 0.0000000000
73417  57.635  -19.055  43.359 0.0000000000
72402  57.323  -19.757  44.039 0.0000000000
72403  56.725  -19.859  43.411 0.0000000000
72404  55.969  -20.400  43.024 0.0000000000
72396  56.195  -20.570  43.797 0.0000000000
72383  58.567  -21.002  45.305 0.0000000000
70320  56.753  -22.328  44.841 0.0000000000
71364  55.462  -21.115  43.689 0.0000000000
70324  54.960  -21.717  43.750 0.0000000000
69338  53.772  -23.063  43.906 0.0000000000
69339  53.322  -23.712  43.970 0.0000000000
67349  57.260  -25.001  45.591 0.0000000000
68296  56.534  -24.488  45.248 0.0000000000
68309  54.349  -24.679  44.685 0.0000000000
68310  53.297  -24.728  44.356 0.0000000000
68315  52.822  -24.255  43.978 0.0000000000
69341  51.996  -24.413  43.432 0.0000000000
68316  52.337  -24.804  43.898 0.0000000000
66265  52.713  -26.313  44.796 0.0000000000
67361  51.645  -26.132  44.068 0.0000000000
67369  50.519  -26.012  43.281 0.0000000000
66275  51.358  -26.360  44.004 0.0000000000
65145  60.762  -27.397  49.113 0.0000000000
65164  57.835  -27.317  48.438 0.0000000000
65179  57.082  -27.031  47.746 0.0000000000
64144  56.220  -27.918  49.846 0.0000000000
64143  57.197  -27.923  49.945 0.0000000000
65150  55.883  -27.752  49.246 0.0000000000
65166  55.579  -27.569  48.501 0.0000000000
65195  53.768  -26.913  46.216 0.0000000000
65212  51.216  -27.360  45.363 0.0000000000
65211  52.085  -27.147  45.198 0.0000000000
65222  51.270  -27.101  44.683 0.0000000000
66268  50.666  -26.937  44.158 0.0000000000
65232  50.074  -27.122  44.150 0.0000000000
65224  49.773  -27.293  44.660 0.0000000000
65225  48.807  -27.212  44.630 0.0000000000
65215  48.360  -27.291  45.511 0.0000000000
64160  51.184  -27.679  48.341 0.0000000000
64170  50.939  -27.641  47.612 0.0000000000
64171  50.329  -27.721  47.778 0.0000000000
65216  47.193  -27.450  45.615 0.0000000000
63038  55.546  -29.844  56.185 0.0000000000
63051  55.283  -29.792  55.488 0.0000000000
58946  52.988  -32.990  60.279 0.0000000000
60131  52.890  -32.247  60.563 0.0000000000
60130  53.484  -31.909  60.379 0.0000000000
61143  53.659  -31.200  60.451 0.0000000000
58944  53.706  -32.307  60.002 0.0000000000
57815  50.905  -33.826  56.957 0.0000000000
57798  51.822  -34.123  57.748 0.0000000000
59007  51.668  -33.754  57.360 0.0000000000
61188  52.332  -32.065  56.960 0.0000000000
60187  52.751  -32.501  57.599 0.0000000000
60197  52.453  -32.280  57.207 0.0000000000
61172  53.522  -31.975  58.234 0.0000000000
61180  53.335  -31.710  57.789 0.0000000000
62058  53.600  -31.142  57.638 0.0000000000
62094  52.478  -29.932  54.740 0.0000000000
63067  53.350  -29.549  54.272 0.0000000000
63087  51.887  -29.495  53.415 0.0000000000
63116  49.729  -29.989  52.224 0.0000000000
63137  49.531  -29.343  51.053 0.0000000000
63138  48.903  -29.519  50.815 0.0000000000
61236  47.496  -31.574  52.631 0.0000000000
61247  48.521  -31.051  52.584 0.0000000000
61248  47.909  -31.146  52.287 0.0000000000
63141  46.552  -30.062  50.183 0.0000000000
62143  47.432  -30.344  51.111 0.0000000000
63140  47.214  -29.928  50.481 0.0000000000
63145  47.787  -29.357  50.132 0.0000000000
63146  46.931  -29.523  49.786 0.0000000000
64153  46.911  -29.166  49.302 0.0000000000
63152  45.843  -29.411  48.968 0.0000000000
63154  44.089  -29.840  48.378 0.0000000000
60289  41.393  -32.781  49.595 0.0000000000
59132  39.436  -33.486  47.995 0.0000000000
60290  40.503  -32.799  48.938 0.0000000000
60303  39.606  -32.808  47.390 0.0000000000
55614  44.094  -36.945  53.001 0.0000000000
56695  43.801  -36.273  52.858 0.0000000000
55615  43.624  -36.974  52.527 0.0000000000
53767  42.215  -37.492  51.096 0.0000000000
54684  42.482  -37.257  51.312 0.0000000000
54685  42.087  -37.186  50.840 0.0000000000
55634  41.871  -36.658  50.698 0.0000000000
54716  40.083  -37.201  48.819 0.0000000000
48872  46.691  -44.238  60.528 0.0000000000
48873  45.886  -44.210  60.548 0.0000000000
47877  43.718  -44.656  59.688 0.0000000000
48885  44.270  -43.726  59.952 0.0000000000
48889  43.478  -43.694  59.549 0.0000000000
49918  43.541  -42.595  59.191 0.0000000000
48890  42.750  -43.676  59.006 0.0000000000
46930  42.778  -45.799  58.486 0.0000000000
47894  41.776  -44.740  57.733 0.0000000000
49926  40.779  -42.565  56.783 0.0000000000
48900  40.345  -43.447  56.074 0.0000000000
48919  39.585  -43.918  54.686 0.0000000000
48911  39.609  -43.187  54.683 0.0000000000
49946  39.249  -42.749  53.864 0.0000000000
48924  39.067  -43.409  53.616 0.0000000000
43000  38.702  -49.135  57.834 0.0000000000
45055  38.176  -47.179  56.554 0.0000000000
45054  39.072  -46.996  56.553 0.0000000000
46003  35.385  -45.922  55.850 0.0000000000
46961  35.972  -45.464  55.255 0.0000000000
46960  36.928  -45.428  55.276 0.0000000000
46967  38.237  -44.793  54.834 0.0000000000
46966  38.777  -44.779  55.001 0.0000000000
47921  37.889  -44.352  54.206 0.0000000000
48927  36.827  -43.434  53.013 0.0000000000
48926  37.749  -43.424  52.976 0.0000000000
48934  38.024  -43.070  52.393 0.0000000000
77409  59.408  -15.939  39.707 0.0000000000
74477  61.091  -19.079  40.604 0.0000000000
75478  61.284  -17.919  40.227 0.0000000000
69352  55.124  -23.089  40.128 0.0000000000
46717  32.284  -44.564  70.718 0.0000000000
46718  31.933  -44.768  70.754 0.0000000000
46719  31.148  -45.212  70.867 0.0000000000
49864  48.401  -42.691  62.270 0.0000000000
50904  48.042  -41.985  61.915 0.0000000000
50903  48.930  -42.250  61.852 0.0000000000
50925  49.424  -41.806  61.432 0.0000000000
51850  49.904  -41.430  61.054 0.0000000000
51871  49.836  -40.723  60.480 0.0000000000
50960  50.159  -41.938  59.702 0.0000000000
50961  49.707  -42.182  59.471 0.0000000000
50971  47.389  -41.441  58.621 0.0000000000
49914  47.718  -42.095  59.206 0.0000000000
49907  45.963  -42.838  59.739 0.0000000000
46908  36.313  -45.691  59.844 0.0000000000
47878  35.180  -45.263  59.737 0.0000000000
47879  34.683  -45.034  59.801 0.0000000000
46877  26.705  -46.193  62.228 0.0000000000
45920  26.215  -46.233  62.117 0.0000000000
45910  24.753  -46.413  62.285 0.0000000000
47715  43.392  -44.941  68.333 0.0000000000
47734  43.595  -45.623  67.892 0.0000000000
46778  43.642  -46.166  67.819 0.0000000000
45824  44.058  -47.100  67.362 0.0000000000
44883  44.796  -47.514  66.404 0.0000000000
44884  44.190  -47.574  66.888 0.0000000000
43868  44.090  -47.819  66.285 0.0000000000
43869  43.808  -47.779  66.289 0.0000000000
46872  37.840  -44.838  62.579 0.0000000000
46906  38.011  -45.530  60.316 0.0000000000
47863  37.381  -45.248  60.187 0.0000000000
46907  37.214  -45.719  59.957 0.0000000000
67375  49.742  -25.214  42.011 0.0000000000
68324  49.628  -25.054  41.709 0.0000000000
67379  48.922  -25.201  40.566 0.0000000000
67384  48.622  -25.630  40.043 0.0000000000
67321  60.744  -25.480  47.029 0.0000000000
67322  60.068  -25.797  46.981 0.0000000000
66230  60.252  -26.324  47.389 0.0000000000
66213  59.931  -26.939  47.858 0.0000000000
63128  56.209  -28.896  52.355 0.0000000000
63129  55.449  -28.806  52.129 0.0000000000
64121  54.040  -28.506  51.270 0.0000000000
64106  52.229  -28.657  51.897 0.0000000000
57835  47.385  -34.684  55.867 0.0000000000
57834  48.463  -34.101  56.123 0.0000000000
57847  46.934  -34.202  55.252 0.0000000000
59067  46.541  -33.380  54.279 0.0000000000
60229  46.620  -32.768  53.662 0.0000000000
60230  45.905  -33.316  53.775 0.0000000000
59082  45.393  -33.593  53.608 0.0000000000
59093  44.223  -33.795  52.559 0.0000000000
57869  43.445  -35.499  52.503 0.0000000000
42986  41.643  -49.806  58.343 0.0000000000
43992  41.377  -48.893  57.908 0.0000000000
43993  40.697  -49.000  57.830 0.0000000000
77388  60.640  -15.854  40.816 0.0000000000
76469  61.296  -17.103  39.719 0.0000000000
45857  28.973  -46.444  66.187 0.0000000000
46715  39.223  -44.932  70.800 0.0000000000
45801  40.278  -45.705  69.295 0.0000000000
46766  38.778  -45.199  69.062 0.0000000000
47773  36.402  -44.636  66.219 0.0000000000
47791  36.985  -44.686  65.680 0.0000000000
53612  48.699  -38.482  64.025 0.0000000000
54541  49.370  -37.540  64.071 0.0000000000
55482  50.064  -36.658  65.222 0.0000000000
57690  49.957  -34.441  63.590 0.0000000000
58915  49.795  -33.730  62.959 0.0000000000
57710  49.417  -34.497  62.699 0.0000000000
57711  48.939  -34.833  62.069 0.0000000000
57755  48.715  -35.176  60.851 0.0000000000
52779  49.628  -39.464  58.542 0.0000000000
53648  49.768  -38.598  58.878 0.0000000000
54624  49.207  -37.519  57.339 0.0000000000
54626  47.666  -37.787  56.353 0.0000000000
54637  46.981  -37.796  55.831 0.0000000000
53718  46.577  -38.302  55.603 0.0000000000
52831  45.798  -38.717  55.276 0.0000000000
51932  44.330  -40.354  57.121 0.0000000000
51933  43.515  -40.480  56.906 0.0000000000
51953  41.766  -40.093  55.115 0.0000000000
51945  41.919  -40.496  56.046 0.0000000000
51002  40.502  -41.262  55.734 0.0000000000
41979  35.348  -50.124  59.186 0.0000000000
73441  59.930  -19.660  41.128 0.0000000000
72409  59.768  -20.113  40.924 0.0000000000
71376  59.512  -21.457  40.433 0.0000000000
70351  58.770  -22.806  39.861 0.0000000000
44995  33.653  -46.943  61.116 0.0000000000
47849  33.019  -44.224  61.349 0.0000000000
47850  32.009  -44.197  61.371 0.0000000000
47869  31.428  -44.268  60.604 0.0000000000
48810  44.531  -44.671  66.098 0.0000000000
47809  45.543  -44.058  64.200 0.0000000000
48838  45.705  -43.251  63.820 0.0000000000
47808  46.242  -44.335  63.810 0.0000000000
47788  47.832  -45.246  63.789 0.0000000000
46866  48.660  -45.764  62.710 0.0000000000
45915  48.100  -46.405  62.214 0.0000000000
44965  48.092  -46.710  62.523 0.0000000000
44966  47.653  -47.208  62.419 0.0000000000
43929  47.175  -47.845  62.270 0.0000000000
42908  45.509  -49.692  63.279 0.0000000000
42921  45.591  -50.160  62.344 0.0000000000
41914  44.765  -51.003  61.175 0.0000000000
40922  44.344  -51.185  60.544 0.0000000000
40947  44.219  -51.082  60.233 0.0000000000
40894  43.820  -51.486  60.854 0.0000000000
40895  43.084  -51.558  60.859 0.0000000000
45841  41.218  -46.144  66.631 0.0000000000
45875  42.212  -46.269  64.681 0.0000000000
45891  42.266  -45.907  63.776 0.0000000000
45929  41.212  -46.311  60.609 0.0000000000
46886  41.468  -45.947  60.964 0.0000000000
43934  41.494  -48.245  60.614 0.0000000000
41903  40.605  -50.817  61.546 0.0000000000
40874  39.964  -51.271  61.377 0.0000000000
40899  39.344  -51.581  61.104 0.0000000000
41904  39.685  -50.778  61.664 0.0000000000
41905  38.764  -50.605  61.918 0.0000000000
41890  36.338  -50.428  63.377 0.0000000000
70346  52.923  -22.815  41.190 0.0000000000
43836  21.248  -48.105  70.565 0.0000000000
44840  22.646  -47.448  69.204 0.0000000000
44856  23.367  -47.280  68.397 0.0000000000
76440  61.094  -16.825  43.816 0.0000000000
75435  60.984  -16.965  44.389 0.0000000000
75436  60.626  -17.300  44.687 0.0000000000
72394  57.877  -20.357  44.667 0.0000000000
71346  58.473  -21.862  45.337 0.0000000000
70308  57.868  -22.518  45.182 0.0000000000
69333  56.082  -22.900  44.709 0.0000000000
69334  55.472  -23.490  44.671 0.0000000000
68311  52.747  -25.263  44.325 0.0000000000
67359  53.222  -25.675  44.730 0.0000000000
66264  53.269  -26.222  45.092 0.0000000000
65135  59.938  -27.972  50.261 0.0000000000
65146  59.723  -27.801  49.440 0.0000000000
64141  58.960  -28.032  49.727 0.0000000000
65148  57.515  -27.675  49.192 0.0000000000
64157  54.561  -27.673  48.893 0.0000000000
64156  54.961  -27.672  48.749 0.0000000000
65199  50.035  -27.518  46.235 0.0000000000
64172  49.367  -27.790  47.948 0.0000000000
65188  47.661  -27.744  47.319 0.0000000000
65202  46.774  -27.803  46.656 0.0000000000
65189  46.965  -27.966  47.374 0.0000000000
63024  55.742  -29.531  57.713 0.0000000000
62056  55.179  -30.019  57.252 0.0000000000
60150  51.413  -32.781  60.649 0.0000000000
60132  51.977  -31.960  60.738 0.0000000000
58963  51.919  -33.518  60.321 0.0000000000
58962  52.594  -33.316  60.264 0.0000000000
57750  53.105  -33.618  59.597 0.0000000000
59039  50.630  -33.006  56.035 0.0000000000
60208  51.428  -32.517  56.306 0.0000000000
60207  51.771  -32.228  56.482 0.0000000000
61196  51.581  -31.798  56.053 0.0000000000
62084  51.535  -31.320  55.656 0.0000000000
62095  51.285  -30.884  55.022 0.0000000000
62109  51.535  -30.110  54.079 0.0000000000
63088  51.012  -29.918  53.313 0.0000000000
62129  50.390  -30.238  53.246 0.0000000000
62137  49.229  -30.334  52.288 0.0000000000
62140  47.011  -30.779  51.446 0.0000000000
62149  46.037  -30.424  50.187 0.0000000000
63148  45.202  -30.023  49.284 0.0000000000
62157  43.237  -30.427  48.469 0.0000000000
59116  40.272  -33.633  49.261 0.0000000000
59117  39.679  -33.826  48.694 0.0000000000
53743  44.008  -37.837  52.896 0.0000000000
54673  43.379  -37.468  52.219 0.0000000000
53755  43.120  -37.711  51.953 0.0000000000
53756  42.585  -37.797  51.521 0.0000000000
53768  41.780  -37.672  50.705 0.0000000000
53785  38.876  -38.006  49.920 0.0000000000
53784  40.244  -37.944  49.991 0.0000000000
53802  38.581  -37.802  49.348 0.0000000000
46901  45.450  -45.826  60.732 0.0000000000
47862  45.218  -44.818  60.584 0.0000000000
46915  44.627  -45.698  60.250 0.0000000000
46916  44.025  -45.461  59.790 0.0000000000
45976  41.130  -46.544  56.768 0.0000000000
46934  41.535  -45.680  57.120 0.0000000000
46946  40.929  -45.575  56.507 0.0000000000
47919  39.404  -44.061  54.515 0.0000000000
44006  37.497  -48.307  57.442 0.0000000000
45992  36.792  -46.555  56.246 0.0000000000
46970  35.502  -45.064  54.634 0.0000000000
47922  36.944  -44.473  54.167 0.0000000000
68339  54.477  -24.249  38.339 0.0000000000
69378  55.034  -23.807  38.982 0.0000000000
45815  30.785  -46.021  68.723 0.0000000000
45816  30.414  -46.274  68.886 0.0000000000
48754  36.148  -43.958  70.056 0.0000000000
47674  35.218  -43.695  70.356 0.0000000000
47697  35.736  -43.903  69.641 0.0000000000
51792  47.884  -40.100  65.152 0.0000000000
52703  48.363  -39.557  64.973 0.0000000000
52715  47.909  -39.515  64.016 0.0000000000
53613  47.900  -38.845  63.244 0.0000000000
53621  48.143  -38.185  63.054 0.0000000000
54550  47.937  -37.492  62.198 0.0000000000
54558  47.801  -37.190  61.459 0.0000000000
54559  47.596  -37.654  61.062 0.0000000000
53636  48.842  -38.756  59.794 0.0000000000
52749  49.920  -40.202  59.893 0.0000000000
52765  49.858  -39.769  59.335 0.0000000000
51927  49.412  -40.100  58.172 0.0000000000
51939  48.002  -39.784  57.112 0.0000000000
51940  47.161  -39.656  56.856 0.0000000000
51930  46.564  -40.215  57.373 0.0000000000
50983  45.861  -40.735  58.114 0.0000000000
50984  44.555  -40.981  58.079 0.0000000000
50976  42.708  -41.939  58.134 0.0000000000
41933  35.269  -50.921  60.423 0.0000000000
73443  57.809  -19.349  41.562 0.0000000000
72411  58.174  -20.391  40.885 0.0000000000
44994  34.594  -47.092  61.053 0.0000000000
45950  35.092  -46.127  59.852 0.0000000000
45936  34.905  -46.585  60.348 0.0000000000
45938  33.110  -46.460  60.430 0.0000000000
47816  30.353  -44.768  62.965 0.0000000000
47834  29.971  -44.589  62.204 0.0000000000
47854  28.898  -44.867  61.564 0.0000000000
46891  28.427  -45.147  61.757 0.0000000000
46909  28.362  -45.066  61.022 0.0000000000
45943  25.255  -46.256  60.484 0.0000000000
45960  24.688  -46.919  59.871 0.0000000000
47733  43.798  -44.701  67.806 0.0000000000
47752  44.196  -45.118  67.019 0.0000000000
48796  44.441  -44.373  66.643 0.0000000000
47770  44.567  -45.375  66.243 0.0000000000
45872  45.858  -46.340  65.048 0.0000000000
45871  46.516  -46.799  64.765 0.0000000000
44925  47.232  -47.267  64.249 0.0000000000
44926  46.530  -47.751  64.661 0.0000000000
43888  46.303  -48.582  64.341 0.0000000000
42896  45.551  -49.313  63.777 0.0000000000
43901  45.241  -49.380  63.691 0.0000000000
46828  40.676  -45.166  64.192 0.0000000000
46870  40.213  -45.086  62.207 0.0000000000
46888  40.498  -45.376  61.295 0.0000000000
45930  40.391  -46.336  60.407 0.0000000000
44988  40.024  -47.057  60.282 0.0000000000
43955  39.680  -47.851  60.573 0.0000000000
43956  38.836  -47.895  60.830 0.0000000000
43957  38.110  -47.916  61.022 0.0000000000
69347  51.256  -23.865  42.010 0.0000000000
69356  51.459  -23.524  40.938 0.0000000000
68332  50.094  -24.546  39.629 0.0000000000
67388  50.142  -25.711  38.583 0.0000000000
43827  21.314  -48.042  71.508 0.0000000000
43844  21.237  -48.188  69.602 0.0000000000
44877  21.520  -47.815  67.429 0.0000000000
43859  20.873  -48.578  67.548 0.0000000000
42862  20.241  -49.757  68.497 0.0000000000
68294  58.449  -24.331  45.654 0.0000000000
67348  57.848  -24.762  45.632 0.0000000000
67336  57.107  -25.662  46.004 0.0000000000
66250  56.792  -26.220  46.530 0.0000000000
66251  55.840  -26.327  46.455 0.0000000000
65152  53.601  -27.632  48.866 0.0000000000
64158  52.703  -27.622  48.455 0.0000000000
64159  52.151  -27.639  48.541 0.0000000000
64149  50.719  -27.988  49.421 0.0000000000
64150  49.695  -28.384  49.547 0.0000000000
62012  54.286  -30.178  60.299 0.0000000000
56622  51.151  -35.123  57.872 0.0000000000
56606  51.734  -34.666  58.186 0.0000000000
57800  50.802  -34.771  57.465 0.0000000000
57816  50.403  -34.298  57.087 0.0000000000
59024  50.534  -33.548  56.542 0.0000000000
57833  49.051  -33.729  56.058 0.0000000000
60210  50.214  -32.681  55.577 0.0000000000
60216  49.781  -32.211  54.899 0.0000000000
60226  49.488  -31.768  54.274 0.0000000000
61216  49.264  -31.535  53.828 0.0000000000
61217  48.673  -31.716  53.578 0.0000000000
60241  47.596  -31.868  53.055 0.0000000000
60255  46.408  -31.710  52.225 0.0000000000
61259  44.881  -31.841  50.797 0.0000000000
61260  43.913  -32.095  50.545 0.0000000000
60287  43.335  -32.270  50.383 0.0000000000
60274  42.050  -33.324  50.428 0.0000000000
59103  43.011  -33.851  51.525 0.0000000000
59105  41.462  -34.182  50.442 0.0000000000
57894  40.929  -34.975  50.084 0.0000000000
53746  41.639  -38.523  52.051 0.0000000000
45964  43.274  -46.846  58.654 0.0000000000
45037  41.895  -47.361  57.381 0.0000000000
45026  41.394  -48.263  57.570 0.0000000000
45989  39.661  -46.272  56.236 0.0000000000
45058  35.069  -47.063  56.873 0.0000000000
45994  34.719  -46.503  56.363 0.0000000000
46963  34.001  -45.515  55.242 0.0000000000
46971  34.483  -45.045  54.592 0.0000000000
77401  59.761  -15.538  40.195 0.0000000000
76483  60.922  -16.665  38.322 0.0000000000
47814  31.991  -44.507  63.077 0.0000000000
46797  32.025  -44.916  65.952 0.0000000000
47797  31.406  -44.743  63.845 0.0000000000
47798  30.786  -44.822  63.530 0.0000000000
45893  27.305  -46.451  63.898 0.0000000000
45879  26.554  -46.840  64.505 0.0000000000
46732  41.671  -45.015  69.859 0.0000000000
45798  41.976  -46.266  68.859 0.0000000000
44849  42.614  -47.052  67.783 0.0000000000
45812  41.874  -46.682  68.120 0.0000000000
45827  41.258  -46.337  67.596 0.0000000000
45814  40.269  -45.772  68.930 0.0000000000
46794  40.427  -45.496  66.173 0.0000000000
47694  37.576  -44.664  70.086 0.0000000000
46767  38.131  -44.904  69.307 0.0000000000
46782  38.124  -44.841  68.705 0.0000000000
47737  37.218  -44.616  68.473 0.0000000000
47736  38.045  -44.744  68.108 0.0000000000
46796  38.786  -44.861  67.206 0.0000000000
46810  39.540  -44.957  65.503 0.0000000000
46873  37.201  -44.866  63.164 0.0000000000
66289  48.411  -26.311  41.724 0.0000000000
66290  47.677  -26.817  41.312 0.0000000000
65254  47.575  -27.795  40.006 0.0000000000
65124  60.181  -27.572  51.180 0.0000000000
64115  59.892  -27.879  51.234 0.0000000000
64116  59.517  -28.119  51.691 0.0000000000
63108  57.627  -29.034  53.294 0.0000000000
63080  58.231  -28.747  54.278 0.0000000000
63109  56.721  -29.146  52.969 0.0000000000
58947  50.460  -32.989  61.085 0.0000000000
58964  50.965  -33.626  60.409 0.0000000000
56563  51.048  -35.207  59.618 0.0000000000
56586  51.489  -35.456  59.049 0.0000000000
55520  48.541  -36.466  59.997 0.0000000000
55519  49.608  -36.156  59.577 0.0000000000
54578  49.763  -37.530  58.965 0.0000000000
54566  50.091  -36.659  59.150 0.0000000000
55518  50.461  -35.934  59.384 0.0000000000
55529  51.070  -35.940  58.901 0.0000000000
55555  51.092  -35.730  58.315 0.0000000000
56624  49.918  -36.064  57.412 0.0000000000
56642  48.169  -35.922  56.781 0.0000000000
57819  47.748  -35.351  56.438 0.0000000000
56660  46.873  -35.454  55.852 0.0000000000
56675  45.999  -35.488  55.068 0.0000000000
56676  45.597  -36.050  54.722 0.0000000000
56687  44.937  -36.142  53.974 0.0000000000
55609  44.670  -37.025  53.576 0.0000000000
54661  44.595  -37.638  53.581 0.0000000000
53730  45.519  -37.882  54.665 0.0000000000
53735  44.731  -37.878  53.841 0.0000000000
53736  44.298  -38.103  53.411 0.0000000000
53737  43.798  -38.320  53.042 0.0000000000
52849  43.320  -38.637  53.108 0.0000000000
52818  45.560  -39.270  55.722 0.0000000000
52850  42.266  -39.067  53.375 0.0000000000
52851  41.144  -39.388  53.577 0.0000000000
52852  39.942  -39.894  53.736 0.0000000000
51959  41.091  -40.084  54.665 0.0000000000
51965  39.391  -40.462  53.731 0.0000000000
41975  39.259  -50.557  58.774 0.0000000000
42993  35.019  -49.590  58.610 0.0000000000
73451  60.846  -20.144  40.229 0.0000000000
73452  60.505  -19.716  40.872 0.0000000000
72421  60.840  -20.780  39.710 0.0000000000
71382  60.781  -21.507  39.658 0.0000000000
70338  59.950  -22.059  40.183 0.0000000000
47866  34.525  -44.513  60.376 0.0000000000
47880  33.798  -44.836  59.882 0.0000000000
46920  33.183  -45.350  59.657 0.0000000000
47852  30.240  -44.346  61.452 0.0000000000
47870  30.494  -44.295  60.667 0.0000000000
47883  30.784  -44.630  60.037 0.0000000000
46922  31.171  -45.209  59.744 0.0000000000
45940  31.106  -46.427  60.370 0.0000000000
49805  45.374  -42.645  66.637 0.0000000000
50827  47.412  -40.553  66.889 0.0000000000
50846  47.220  -40.834  65.813 0.0000000000
50886  46.403  -41.363  64.191 0.0000000000
49866  46.790  -42.298  62.706 0.0000000000
48837  46.870  -43.541  63.131 0.0000000000
48849  47.759  -43.172  62.607 0.0000000000
48846  49.728  -43.438  62.065 0.0000000000
48868  49.542  -43.996  61.029 0.0000000000
48869  49.270  -44.076  60.689 0.0000000000
48870  48.559  -44.237  60.530 0.0000000000
47860  46.982  -45.015  60.970 0.0000000000
46885  47.578  -46.172  61.565 0.0000000000
46899  47.210  -45.891  61.307 0.0000000000
46900  46.322  -45.864  61.097 0.0000000000
45009  44.680  -47.819  59.617 0.0000000000
43899  47.257  -48.193  63.351 0.0000000000
43914  47.273  -48.057  62.687 0.0000000000
43930  46.763  -48.537  62.108 0.0000000000
42920  46.352  -49.451  62.298 0.0000000000
42984  43.208  -49.607  58.619 0.0000000000
42985  42.540  -49.855  58.517 0.0000000000
41951  43.229  -50.820  59.303 0.0000000000
41971  42.639  -50.573  58.886 0.0000000000
41972  41.950  -50.598  58.771 0.0000000000
41973  41.066  -50.599  58.711 0.0000000000
41954  40.575  -51.195  59.259 0.0000000000
44886  42.919  -47.460  66.796 0.0000000000
44906  43.453  -47.683  66.137 0.0000000000
45854  42.578  -47.086  65.785 0.0000000000
45873  43.369  -47.534  64.950 0.0000000000
44929  43.785  -47.828  65.133 0.0000000000
43917  43.922  -48.950  62.340 0.0000000000
46847  42.549  -45.994  63.026 0.0000000000
45918  42.036  -46.347  61.168 0.0000000000
45917  42.735  -46.664  61.685 0.0000000000
45904  43.060  -46.610  62.556 0.0000000000
44953  43.595  -47.792  62.295 0.0000000000
42937  43.524  -49.276  61.739 0.0000000000
42923  43.692  -49.862  61.810 0.0000000000
40896  42.189  -51.626  60.860 0.0000000000
41902  41.587  -50.790  61.461 0.0000000000
40926  41.576  -51.761  60.375 0.0000000000
41955  39.661  -51.123  59.333 0.0000000000
40954  38.223  -51.423  60.152 0.0000000000
40931  36.858  -51.572  60.979 0.0000000000
40903  35.533  -51.257  62.004 0.0000000000
40879  35.196  -51.310  62.958 0.0000000000
69353  54.231  -23.134  40.270 0.0000000000
69379  54.103  -23.841  38.996 0.0000000000
69368  51.752  -23.580  39.947 0.0000000000
68330  52.165  -23.949  39.100 0.0000000000
68341  52.636  -24.548  38.523 0.0000000000
68354  53.055  -25.068  37.900 0.0000000000
66296  48.409  -26.424  39.650 0.0000000000
65260  48.751  -27.400  38.978 0.0000000000
45777  30.399  -45.790  70.667 0.0000000000
46739  30.868  -45.701  70.391 0.0000000000
45803  30.348  -46.329  69.553 0.0000000000
44820  28.813  -46.717  70.330 0.0000000000
44850  29.153  -47.067  69.702 0.0000000000
45830  29.338  -46.819  68.129 0.0000000000
45844  28.403  -46.929  66.728 0.0000000000
45845  27.921  -46.967  66.270 0.0000000000
45860  26.831  -46.932  65.263 0.0000000000
44931  25.890  -46.989  64.563 0.0000000000
44824  24.758  -47.445  70.613 0.0000000000
44873  25.227  -47.437  67.624 0.0000000000
44944  25.048  -46.783  63.592 0.0000000000
45897  24.220  -46.646  62.923 0.0000000000
44895  21.309  -48.056  66.732 0.0000000000
44936  21.441  -48.158  65.554 0.0000000000
74449  60.352  -17.975  42.143 0.0000000000
75456  60.914  -17.148  43.496 0.0000000000
75458  60.229  -17.610  42.781 0.0000000000
74465  58.516  -18.911  41.664 0.0000000000
73430  57.148  -19.515  42.006 0.0000000000
72407  55.980  -20.430  42.043 0.0000000000
72382  59.325  -20.505  45.905 0.0000000000
71357  57.194  -21.329  44.645 0.0000000000
71368  54.659  -21.460  42.477 0.0000000000
70329  53.991  -21.909  42.243 0.0000000000
70330  53.363  -22.476  42.718 0.0000000000
70331  52.755  -23.061  43.018 0.0000000000
68308  54.916  -24.107  44.656 0.0000000000
69344  51.684  -24.156  42.941 0.0000000000
68319  50.965  -24.735  42.657 0.0000000000
67367  51.807  -25.290  43.752 0.0000000000
67371  50.660  -25.283  42.831 0.0000000000
66283  50.162  -26.256  43.223 0.0000000000
66211  61.318  -26.835  48.578 0.0000000000
65161  60.803  -27.143  48.553 0.0000000000
65163  59.059  -27.215  48.247 0.0000000000
65177  58.700  -26.773  47.645 0.0000000000
66234  56.456  -26.692  47.078 0.0000000000
66235  55.615  -26.750  46.978 0.0000000000
66252  54.982  -26.546  46.452 0.0000000000
66253  54.304  -26.552  46.116 0.0000000000
65209  53.388  -26.723  45.628 0.0000000000
66260  52.572  -26.760  45.022 0.0000000000
66267  51.285  -26.755  44.272 0.0000000000
66284  49.519  -26.332  42.841 0.0000000000
66278  49.226  -26.748  43.237 0.0000000000
65185  50.608  -27.629  47.030 0.0000000000
63049  57.059  -29.323  55.896 0.0000000000
63064  56.137  -29.655  54.697 0.0000000000
62003  53.961  -30.711  60.387 0.0000000000
61142  54.303  -30.697  59.966 0.0000000000
57785  52.397  -34.067  58.335 0.0000000000
57768  52.989  -33.729  58.804 0.0000000000
59022  51.881  -33.071  56.973 0.0000000000
58990  53.045  -33.116  58.244 0.0000000000
58977  53.564  -32.626  58.833 0.0000000000
60164  53.944  -31.923  59.075 0.0000000000
60163  54.087  -31.602  58.903 0.0000000000
62036  54.388  -30.850  58.944 0.0000000000
62047  54.360  -30.782  58.556 0.0000000000
62057  54.151  -30.679  57.714 0.0000000000
62069  54.608  -30.082  56.477 0.0000000000
62081  54.525  -29.908  55.699 0.0000000000
63052  54.567  -29.761  55.182 0.0000000000
63066  54.151  -29.579  54.535 0.0000000000
63085  53.924  -29.302  53.609 0.0000000000
63113  52.522  -29.011  52.747 0.0000000000
64107  51.402  -28.725  51.750 0.0000000000
63131  50.796  -29.101  51.950 0.0000000000
64125  50.004  -28.926  50.912 0.0000000000
64138  49.406  -28.912  50.403 0.0000000000
61234  48.980  -31.194  53.170 0.0000000000
62131  48.982  -30.727  52.616 0.0000000000
62139  47.663  -30.728  51.701 0.0000000000
62142  48.069  -30.291  51.369 0.0000000000
63134  48.574  -30.012  51.300 0.0000000000
63144  48.457  -29.308  50.386 0.0000000000
64164  46.709  -28.820  48.704 0.0000000000
63153  44.970  -29.514  48.582 0.0000000000
61265  42.446  -31.678  49.363 0.0000000000
61266  41.583  -31.837  48.993 0.0000000000
56704  42.974  -36.231  52.037 0.0000000000
55621  43.186  -36.925  52.070 0.0000000000
55622  42.743  -36.807  51.618 0.0000000000
56705  42.536  -36.116  51.527 0.0000000000
56718  41.623  -36.016  50.662 0.0000000000
56731  41.086  -35.904  50.222 0.0000000000
53783  41.140  -37.729  50.036 0.0000000000
54699  41.231  -37.174  49.809 0.0000000000
54715  40.727  -37.013  49.307 0.0000000000
48882  47.312  -43.516  60.117 0.0000000000
48883  46.338  -43.514  60.187 0.0000000000
49908  44.944  -42.852  59.824 0.0000000000
47890  42.389  -44.753  58.426 0.0000000000
48892  42.051  -43.709  58.372 0.0000000000
49921  41.944  -42.665  58.114 0.0000000000
50996  40.217  -41.866  55.958 0.0000000000
49934  39.658  -42.724  54.984 0.0000000000
51004  39.515  -42.184  54.766 0.0000000000
51009  39.239  -41.960  54.295 0.0000000000
51013  38.898  -41.985  53.642 0.0000000000
51014  38.586  -41.923  53.023 0.0000000000
44004  39.405  -48.498  57.349 0.0000000000
45040  39.269  -47.741  56.910 0.0000000000
46001  37.337  -45.955  55.733 0.0000000000
46000  38.154  -45.780  55.736 0.0000000000
45999  38.647  -45.561  55.676 0.0000000000
46957  39.085  -45.155  55.446 0.0000000000
47915  39.089  -44.631  54.934 0.0000000000
47930  38.237  -43.818  53.582 0.0000000000
47929  38.723  -43.683  53.591 0.0000000000
49951  38.514  -42.509  52.572 0.0000000000
49962  38.390  -42.236  51.991 0.0000000000
70343  55.519  -22.616  40.513 0.0000000000
69351  55.998  -23.054  40.033 0.0000000000
69377  55.952  -23.772  38.969 0.0000000000
40893  44.348  -51.287  60.821 0.0000000000
40923  43.968  -51.367  60.471 0.0000000000
40946  44.488  -51.011  60.439 0.0000000000
40948  43.638  -51.261  59.959 0.0000000000
41915  42.722  -50.133  61.389 0.0000000000
41931  44.970  -50.606  60.637 0.0000000000
41932  44.693  -50.954  60.697 0.0000000000
41948  44.982  -50.425  60.461 0.0000000000
42870  20.673  -49.452  67.286 0.0000000000
42871  20.474  -50.018  67.901 0.0000000000
42910  36.197  -50.020  63.656 0.0000000000
42956  45.315  -50.124  60.648 0.0000000000
42957  45.167  -49.655  60.226 0.0000000000
42998  40.189  -49.316  57.914 0.0000000000
43880  43.971  -47.933  65.876 0.0000000000
43931  46.345  -48.839  61.443 0.0000000000
44015  38.104  -47.841  56.993 0.0000000000
44848  43.017  -47.181  67.796 0.0000000000
44924  47.838  -46.854  63.846 0.0000000000
44930  43.224  -47.546  65.685 0.0000000000
44942  44.457  -48.410  64.176 0.0000000000
44948  21.584  -48.061  64.897 0.0000000000
44951  48.139  -46.892  62.841 0.0000000000
44954  43.138  -47.059  61.854 0.0000000000
45810  43.156  -46.873  68.029 0.0000000000
45853  45.635  -46.906  65.481 0.0000000000
45902  48.449  -46.406  63.073 0.0000000000
45905  42.480  -46.152  61.961 0.0000000000
45906  41.954  -45.838  61.749 0.0000000000
45914  48.369  -46.300  62.591 0.0000000000
45927  46.587  -46.724  61.276 0.0000000000
46714  40.000  -44.879  70.705 0.0000000000
46756  37.818  -44.782  69.878 0.0000000000
46764  43.303  -46.019  68.198 0.0000000000
46768  37.574  -44.691  69.276 0.0000000000
46771  30.628  -46.095  68.412 0.0000000000
46806  45.210  -45.943  65.557 0.0000000000
46822  48.648  -45.360  63.269 0.0000000000
46845  48.866  -45.272  62.849 0.0000000000
46846  48.578  -45.856  63.239 0.0000000000
46865  49.012  -45.225  62.326 0.0000000000
46867  42.580  -46.106  62.469 0.0000000000
46874  28.912  -45.146  62.501 0.0000000000
46882  49.052  -45.243  62.062 0.0000000000
46884  48.075  -45.902  61.715 0.0000000000
46902  41.160  -45.882  60.807 0.0000000000
46903  40.744  -45.797  60.726 0.0000000000
46912  25.947  -46.111  60.454 0.0000000000
47671  37.586  -44.660  70.364 0.0000000000
47695  37.269  -44.524  69.975 0.0000000000
47735  38.343  -44.815  68.006 0.0000000000
47760  32.075  -44.833  65.478 0.0000000000
47769  44.721  -45.018  65.618 0.0000000000
47787  48.499  -45.207  63.417 0.0000000000
47805  48.887  -44.867  63.045 0.0000000000
47806  48.346  -44.691  63.308 0.0000000000
47817  29.743  -44.882  62.758 0.0000000000
47826  49.287  -44.624  62.440 0.0000000000
47843  48.538  -45.283  61.498 0.0000000000
47857  49.304  -44.386  61.140 0.0000000000
48755  35.851  -43.845  70.102 0.0000000000
48763  36.146  -44.002  69.811 0.0000000000
48764  35.979  -43.906  69.885 0.0000000000
48835  48.872  -44.200  62.851 0.0000000000
48847  49.498  -43.726  62.364 0.0000000000
48850  46.952  -42.769  62.705 0.0000000000
48859  49.773  -43.400  61.821 0.0000000000
48867  49.815  -43.317  61.383 0.0000000000
48879  49.668  -43.377  60.484 0.0000000000
48933  38.337  -42.884  52.488 0.0000000000
49849  46.771  -41.827  62.724 0.0000000000
49863  49.242  -42.919  62.219 0.0000000000
49878  49.892  -42.837  61.524 0.0000000000
49912  49.321  -42.353  59.419 0.0000000000
49933  39.981  -42.654  55.629 0.0000000000
50902  49.607  -42.503  61.691 0.0000000000
50924  50.118  -42.018  61.224 0.0000000000
50927  47.869  -41.402  61.785 0.0000000000
50968  50.117  -41.394  59.214 0.0000000000
50980  48.617  -40.832  58.176 0.0000000000
51849  50.186  -41.626  61.048 0.0000000000
51870  50.229  -41.490  60.783 0.0000000000
51892  50.345  -41.300  60.138 0.0000000000
51893  50.160  -40.624  59.713 0.0000000000
52702  48.722  -39.255  65.473 0.0000000000
52830  46.227  -38.556  55.452 0.0000000000
52853  39.278  -40.238  53.428 0.0000000000
53637  47.973  -38.307  60.292 0.0000000000
53782  41.444  -37.434  50.232 0.0000000000
54551  47.538  -38.064  61.684 0.0000000000
54579  49.326  -37.637  59.304 0.0000000000
54660  44.947  -37.540  53.982 0.0000000000
54668  43.833  -37.513  52.689 0.0000000000
55509  47.766  -37.094  61.097 0.0000000000
55521  47.950  -37.128  60.500 0.0000000000
55530  50.709  -36.306  59.008 0.0000000000
55542  51.192  -35.744  58.672 0.0000000000
55543  50.792  -36.233  58.550 0.0000000000
55574  47.103  -36.765  56.101 0.0000000000
55598  46.101  -37.282  55.172 0.0000000000
55599  45.730  -36.992  54.800 0.0000000000
55645  41.418  -36.605  50.219 0.0000000000
56566  48.432  -35.791  60.768 0.0000000000
56621  51.502  -34.541  57.796 0.0000000000
56643  47.170  -35.935  56.270 0.0000000000
56717  42.087  -36.076  51.074 0.0000000000
57729  53.220  -33.179  60.027 0.0000000000
57730  52.930  -33.476  60.070 0.0000000000
57732  48.877  -34.803  61.346 0.0000000000
57784  52.776  -33.636  58.399 0.0000000000
57848  46.412  -34.872  55.246 0.0000000000
57875  42.338  -35.319  51.418 0.0000000000
58932  49.605  -33.686  62.228 0.0000000000
58945  53.336  -32.636  60.210 0.0000000000
58960  53.698  -32.505  59.454 0.0000000000
58978  53.398  -33.150  59.130 0.0000000000
59005  52.641  -32.995  57.686 0.0000000000
59006  52.228  -33.374  57.542 0.0000000000
59025  50.022  -33.763  56.574 0.0000000000
59038  51.054  -32.814  56.156 0.0000000000
60113  54.232  -31.149  60.081 0.0000000000
60114  54.020  -31.270  60.088 0.0000000000
60128  54.131  -31.311  59.864 0.0000000000
60129  53.855  -31.614  60.142 0.0000000000
60146  54.161  -31.461  59.489 0.0000000000
60149  52.290  -32.810  60.470 0.0000000000
60174  53.605  -32.199  58.544 0.0000000000
60175  53.291  -32.384  58.155 0.0000000000
60188  52.438  -32.886  57.439 0.0000000000
60199  51.719  -32.900  56.729 0.0000000000
60217  48.850  -32.463  54.593 0.0000000000
60244  44.688  -33.391  52.710 0.0000000000
61135  54.104  -30.949  60.122 0.0000000000
61136  53.881  -31.120  60.276 0.0000000000
61153  54.339  -30.824  59.615 0.0000000000
61164  54.292  -31.002  58.993 0.0000000000
61165  54.176  -31.287  58.874 0.0000000000
61179  53.736  -31.268  57.902 0.0000000000
61187  52.717  -31.844  57.258 0.0000000000
61195  52.049  -31.899  56.552 0.0000000000
61205  50.219  -31.716  54.759 0.0000000000
61250  46.154  -31.572  51.752 0.0000000000
61257  46.492  -31.093  51.446 0.0000000000
62004  53.778  -30.861  60.463 0.0000000000
62093  53.380  -29.718  54.808 0.0000000000
62111  49.858  -30.934  53.763 0.0000000000
63151  46.501  -29.357  49.284 0.0000000000
66259  53.099  -26.579  45.264 0.0000000000
66302  48.771  -26.719  39.122 0.0000000000
67395  52.035  -25.799  37.954 0.0000000000
68320  50.474  -25.079  42.521 0.0000000000
72415  60.725  -20.577  40.094 0.0000000000
74452  58.108  -18.802  41.993 0.0000000000
74462  61.063  -18.792  41.144 0.0000000000
76432  61.074  -16.863  44.179 0.0000000000
