#!ascii label  , from subject sub-1633992 vox2ras=TkReg
1149
56691  37.546  -34.806  53.524 0.0000000000
77386  43.896  -15.241  42.120 0.0000000000
66206  38.050  -27.338  49.152 0.0000000000
48819  15.230  -43.105  65.071 0.0000000000
60169  30.266  -31.284  59.048 0.0000000000
69293  39.852  -22.646  47.361 0.0000000000
53645  22.201  -38.337  60.267 0.0000000000
48863  19.724  -43.033  61.029 0.0000000000
54617  26.226  -37.504  56.936 0.0000000000
78293  47.746  -14.640  41.171 0.0000000000
62078  36.109  -30.427  56.438 0.0000000000
65083  36.246  -27.441  54.043 0.0000000000
61206  41.284  -31.701  54.065 0.0000000000
82184  45.253  -9.936  41.370 0.0000000000
83161  48.057  -9.180  37.873 0.0000000000
77356  40.700  -15.318  46.202 0.0000000000
73410  45.229  -19.486  44.012 0.0000000000
71352  42.350  -21.842  44.520 0.0000000000
67326  43.271  -26.159  47.004 0.0000000000
53686  36.739  -39.227  56.539 0.0000000000
44899  15.764  -48.483  65.703 0.0000000000
43865  11.428  -49.677  67.911 0.0000000000
40789  10.586  -51.054  72.846 0.0000000000
56651  33.671  -33.978  55.954 0.0000000000
53690  30.885  -38.747  56.651 0.0000000000
69223  34.068  -22.951  53.120 0.0000000000
67215  39.902  -25.363  53.615 0.0000000000
87230  50.943  -4.963  38.164 0.0000000000
78295  45.825  -14.507  41.305 0.0000000000
74473  47.240  -18.253  41.267 0.0000000000
60221  37.146  -32.400  54.150 0.0000000000
62133  37.845  -30.860  52.618 0.0000000000
59058  39.655  -33.852  53.572 0.0000000000
80171  43.537  -12.489  43.709 0.0000000000
81208  45.367  -10.719  43.757 0.0000000000
80191  44.100  -12.205  41.878 0.0000000000
80216  46.224  -12.676  40.085 0.0000000000
36665  11.670  -55.440  71.597 0.0000000000
74419  40.806  -18.407  44.736 0.0000000000
73379  40.006  -19.643  46.791 0.0000000000
67331  38.593  -24.968  47.306 0.0000000000
67343  40.759  -25.340  46.406 0.0000000000
66239  41.637  -26.886  47.442 0.0000000000
65156  41.681  -27.806  49.850 0.0000000000
48856  17.719  -43.559  62.487 0.0000000000
46858  19.817  -45.241  62.897 0.0000000000
45899  17.436  -46.043  63.376 0.0000000000
44917  17.437  -47.580  65.236 0.0000000000
46842  15.135  -45.821  64.352 0.0000000000
44861  12.508  -47.008  68.692 0.0000000000
41834  10.773  -50.415  70.081 0.0000000000
57793  32.412  -32.932  57.981 0.0000000000
55594  32.149  -36.288  54.977 0.0000000000
57828  29.599  -34.066  56.146 0.0000000000
51921  25.913  -40.601  58.051 0.0000000000
52774  28.360  -39.968  59.082 0.0000000000
65048  38.838  -27.237  55.604 0.0000000000
67191  36.996  -25.651  54.206 0.0000000000
71328  40.673  -21.036  47.780 0.0000000000
69244  39.231  -22.446  49.744 0.0000000000
69263  37.222  -23.072  49.705 0.0000000000
50965  23.278  -41.383  59.000 0.0000000000
49883  22.501  -43.079  60.993 0.0000000000
51889  20.379  -40.769  60.566 0.0000000000
51842  18.331  -41.173  62.278 0.0000000000
51803  17.122  -40.702  64.475 0.0000000000
59018  27.189  -33.054  57.530 0.0000000000
57795  25.166  -34.429  58.847 0.0000000000
54600  24.068  -37.564  58.442 0.0000000000
64038  34.338  -28.691  57.690 0.0000000000
66092  32.668  -26.433  55.818 0.0000000000
63071  35.171  -29.792  54.197 0.0000000000
64086  39.116  -29.024  53.196 0.0000000000
86272  47.757  -6.828  39.582 0.0000000000
83154  46.409  -9.152  39.743 0.0000000000
80223  47.704  -12.402  39.274 0.0000000000
77369  42.117  -15.299  43.450 0.0000000000
75452  44.023  -17.706  42.685 0.0000000000
74434  42.656  -18.329  44.114 0.0000000000
72388  43.744  -20.228  44.302 0.0000000000
69323  44.998  -23.179  45.140 0.0000000000
70317  40.508  -22.913  46.038 0.0000000000
69307  43.218  -24.212  45.548 0.0000000000
54642  36.764  -37.396  54.823 0.0000000000
55588  40.105  -36.580  55.233 0.0000000000
78254  43.195  -13.378  46.094 0.0000000000
47765  14.257  -43.912  66.764 0.0000000000
45848  13.376  -46.131  66.354 0.0000000000
43875  13.308  -49.142  66.126 0.0000000000
40821  14.058  -51.670  67.919 0.0000000000
39871  12.299  -52.676  68.708 0.0000000000
39851  10.782  -53.144  70.172 0.0000000000
38767  10.027  -53.635  72.404 0.0000000000
38759  9.024  -53.462  73.454 0.0000000000
56683  34.856  -35.034  54.260 0.0000000000
54644  34.739  -37.508  54.506 0.0000000000
52823  33.289  -39.693  56.199 0.0000000000
54615  28.412  -37.386  57.258 0.0000000000
68212  35.873  -24.162  50.777 0.0000000000
68181  34.172  -24.797  53.357 0.0000000000
68194  36.032  -25.037  52.725 0.0000000000
66180  38.818  -26.859  51.397 0.0000000000
57821  42.099  -34.794  55.737 0.0000000000
87254  51.708  -5.859  35.800 0.0000000000
86285  49.109  -6.486  37.498 0.0000000000
85313  50.328  -7.696  35.594 0.0000000000
77398  44.832  -14.949  41.834 0.0000000000
76465  46.701  -16.214  41.438 0.0000000000
75476  45.400  -16.662  41.591 0.0000000000
59073  37.315  -33.417  53.321 0.0000000000
59072  38.099  -33.399  53.155 0.0000000000
56689  38.719  -34.779  53.780 0.0000000000
78271  43.054  -14.354  42.724 0.0000000000
80184  43.526  -12.544  42.831 0.0000000000
79213  43.998  -14.065  42.108 0.0000000000
79228  45.254  -13.503  41.131 0.0000000000
36666  10.836  -55.328  71.626 0.0000000000
74398  39.981  -18.665  47.545 0.0000000000
73364  40.368  -19.588  47.985 0.0000000000
66221  38.192  -26.491  47.977 0.0000000000
66241  39.289  -26.470  47.330 0.0000000000
66220  39.614  -27.659  48.513 0.0000000000
65173  41.914  -27.686  48.935 0.0000000000
65175  40.272  -27.897  49.270 0.0000000000
48830  16.627  -43.089  63.607 0.0000000000
47822  17.215  -44.465  62.842 0.0000000000
47823  16.277  -44.634  63.455 0.0000000000
46841  15.756  -45.620  63.920 0.0000000000
47801  15.346  -44.263  64.362 0.0000000000
58984  31.795  -32.208  58.648 0.0000000000
57808  31.090  -33.363  56.656 0.0000000000
59016  29.551  -32.364  57.145 0.0000000000
50951  25.369  -42.490  59.756 0.0000000000
69197  33.895  -23.668  57.406 0.0000000000
66089  39.238  -26.664  56.013 0.0000000000
69261  38.473  -23.276  49.107 0.0000000000
70242  37.307  -21.987  50.186 0.0000000000
52777  22.510  -39.072  59.432 0.0000000000
50954  21.748  -41.221  59.682 0.0000000000
52763  21.500  -38.974  60.551 0.0000000000
52735  19.325  -39.462  62.450 0.0000000000
52723  18.310  -39.736  63.438 0.0000000000
50881  17.482  -41.112  63.572 0.0000000000
58987  25.928  -32.753  59.845 0.0000000000
55525  23.227  -36.611  60.535 0.0000000000
55524  23.811  -36.125  60.218 0.0000000000
53659  23.074  -38.286  59.281 0.0000000000
52776  23.166  -39.490  58.757 0.0000000000
63058  34.325  -29.478  55.346 0.0000000000
62091  35.445  -30.238  54.968 0.0000000000
61218  39.811  -31.671  53.037 0.0000000000
63091  38.580  -29.677  52.542 0.0000000000
63089  40.436  -30.069  53.443 0.0000000000
63055  40.306  -29.117  54.398 0.0000000000
62086  41.944  -30.607  54.954 0.0000000000
81219  44.944  -10.445  42.681 0.0000000000
84202  46.419  -8.400  40.467 0.0000000000
83146  46.021  -9.134  40.627 0.0000000000
79238  46.666  -13.399  40.395 0.0000000000
80224  46.727  -12.104  39.481 0.0000000000
80214  48.200  -13.066  40.062 0.0000000000
77362  41.084  -15.614  44.927 0.0000000000
76438  41.638  -16.483  44.207 0.0000000000
76429  41.107  -16.643  44.795 0.0000000000
72400  41.329  -20.137  44.552 0.0000000000
73414  41.530  -19.283  44.341 0.0000000000
71360  42.774  -21.107  44.274 0.0000000000
71350  44.324  -21.545  44.548 0.0000000000
71351  43.397  -21.839  44.505 0.0000000000
70291  40.483  -21.695  47.871 0.0000000000
71340  40.299  -21.506  47.133 0.0000000000
69308  40.021  -23.389  46.522 0.0000000000
67341  42.726  -25.567  46.335 0.0000000000
68285  42.167  -24.829  45.982 0.0000000000
67340  43.778  -25.560  46.469 0.0000000000
68283  44.427  -24.945  46.200 0.0000000000
54631  36.977  -38.126  55.488 0.0000000000
54629  38.601  -37.823  55.807 0.0000000000
77343  41.675  -14.800  47.567 0.0000000000
78244  41.403  -14.355  46.093 0.0000000000
78255  41.976  -13.867  45.342 0.0000000000
49884  21.372  -43.074  60.712 0.0000000000
48853  20.662  -44.198  61.940 0.0000000000
44898  16.241  -48.249  65.590 0.0000000000
44879  17.626  -48.263  67.046 0.0000000000
43872  16.219  -48.759  66.150 0.0000000000
43863  15.749  -49.556  66.813 0.0000000000
47750  13.954  -44.587  67.431 0.0000000000
47766  14.024  -44.814  66.286 0.0000000000
45834  13.321  -45.905  67.399 0.0000000000
43864  11.870  -49.106  67.293 0.0000000000
44901  12.358  -48.728  66.627 0.0000000000
43876  12.496  -49.602  66.659 0.0000000000
41872  13.791  -50.600  66.848 0.0000000000
41861  12.486  -51.121  67.385 0.0000000000
40822  13.351  -52.181  68.329 0.0000000000
41849  11.963  -51.449  67.806 0.0000000000
41828  10.807  -50.347  71.061 0.0000000000
40802  10.524  -51.331  70.374 0.0000000000
40796  10.355  -52.133  71.208 0.0000000000
39843  10.455  -52.997  70.873 0.0000000000
40790  10.240  -51.958  72.324 0.0000000000
56650  34.380  -33.847  55.929 0.0000000000
56649  35.082  -33.682  56.017 0.0000000000
56684  34.363  -35.101  54.466 0.0000000000
55605  34.329  -35.995  54.076 0.0000000000
55592  33.693  -36.071  54.349 0.0000000000
54648  31.023  -37.430  55.482 0.0000000000
53725  32.307  -38.320  55.326 0.0000000000
53711  31.975  -38.886  56.043 0.0000000000
56635  26.427  -35.075  56.990 0.0000000000
56634  27.588  -35.185  56.518 0.0000000000
55565  26.793  -36.371  56.709 0.0000000000
53642  29.338  -39.594  59.310 0.0000000000
74432  44.649  -18.778  43.427 0.0000000000
74446  45.523  -18.970  42.678 0.0000000000
74430  47.027  -19.831  43.696 0.0000000000
70218  34.821  -22.029  52.517 0.0000000000
69236  35.869  -22.948  50.593 0.0000000000
69230  35.330  -23.486  51.310 0.0000000000
65085  33.893  -27.366  54.067 0.0000000000
67195  33.094  -25.730  54.594 0.0000000000
66122  34.421  -26.574  53.915 0.0000000000
68177  38.616  -25.247  54.308 0.0000000000
68179  36.595  -25.404  53.550 0.0000000000
68205  38.535  -25.313  53.155 0.0000000000
67239  37.480  -25.553  52.061 0.0000000000
67237  39.331  -25.683  52.995 0.0000000000
66178  40.760  -26.662  52.063 0.0000000000
56663  41.692  -35.279  55.476 0.0000000000
87244  51.300  -5.661  36.456 0.0000000000
84219  47.774  -8.316  38.071 0.0000000000
86279  48.261  -6.697  38.770 0.0000000000
84228  48.292  -8.365  37.619 0.0000000000
84239  50.090  -8.611  36.052 0.0000000000
83190  51.289  -9.305  35.620 0.0000000000
54554  21.791  -36.929  61.862 0.0000000000
53633  21.310  -38.255  61.306 0.0000000000
78294  46.769  -14.627  41.140 0.0000000000
77394  48.252  -15.450  41.425 0.0000000000
76464  47.669  -16.323  41.399 0.0000000000
61201  36.845  -31.637  55.204 0.0000000000
62099  36.750  -31.019  53.990 0.0000000000
61220  37.547  -31.812  53.249 0.0000000000
60231  39.424  -32.486  53.097 0.0000000000
60219  40.887  -32.494  53.823 0.0000000000
80169  45.309  -11.719  44.810 0.0000000000
80183  43.914  -11.832  43.461 0.0000000000
81220  44.223  -11.500  42.010 0.0000000000
81230  44.793  -10.752  41.627 0.0000000000
81238  45.119  -11.154  40.698 0.0000000000
80218  44.757  -12.098  40.904 0.0000000000
79227  46.255  -13.871  40.883 0.0000000000
37694  12.597  -54.856  71.351 0.0000000000
76422  40.358  -16.141  46.836 0.0000000000
76430  40.592  -16.748  45.302 0.0000000000
75426  40.112  -17.668  46.256 0.0000000000
73398  40.134  -19.536  45.727 0.0000000000
72390  40.653  -20.331  45.039 0.0000000000
68272  38.926  -24.127  47.361 0.0000000000
68288  39.590  -24.291  46.654 0.0000000000
67344  39.975  -25.076  46.506 0.0000000000
67328  41.138  -26.192  46.816 0.0000000000
66238  42.695  -26.789  47.520 0.0000000000
65172  42.862  -27.475  48.822 0.0000000000
65155  42.723  -27.696  49.671 0.0000000000
52784  36.287  -40.482  57.946 0.0000000000
48855  18.653  -43.737  61.983 0.0000000000
47837  19.996  -44.524  62.074 0.0000000000
47839  18.305  -44.580  62.401 0.0000000000
46860  18.150  -45.559  62.908 0.0000000000
45882  18.405  -46.723  64.200 0.0000000000
44937  15.954  -47.135  64.459 0.0000000000
44919  15.224  -47.773  65.119 0.0000000000
45807  13.328  -45.723  68.762 0.0000000000
44844  12.099  -47.676  69.213 0.0000000000
43857  11.214  -49.500  68.748 0.0000000000
42865  11.127  -50.332  68.502 0.0000000000
42854  11.095  -49.656  70.380 0.0000000000
42848  11.392  -49.382  71.601 0.0000000000
41821  10.971  -50.296  72.252 0.0000000000
56652  32.849  -34.118  56.208 0.0000000000
56670  32.905  -35.056  55.255 0.0000000000
57826  31.746  -34.324  56.048 0.0000000000
56654  30.324  -35.460  55.541 0.0000000000
55578  29.953  -36.790  55.998 0.0000000000
52809  26.122  -38.954  57.237 0.0000000000
53693  26.703  -38.598  57.196 0.0000000000
51919  27.301  -40.490  58.634 0.0000000000
72385  46.625  -20.738  44.862 0.0000000000
70181  33.860  -22.565  54.905 0.0000000000
65066  37.363  -27.244  54.699 0.0000000000
66107  36.432  -26.503  54.312 0.0000000000
66091  37.819  -26.539  55.151 0.0000000000
67172  38.617  -25.846  55.079 0.0000000000
87225  50.878  -4.783  39.076 0.0000000000
36642  9.157  -54.917  73.009 0.0000000000
69275  40.885  -21.654  48.753 0.0000000000
69276  40.275  -22.228  48.409 0.0000000000
69277  39.379  -23.062  48.520 0.0000000000
68250  38.387  -24.004  48.302 0.0000000000
68251  37.668  -24.447  48.498 0.0000000000
67298  37.118  -25.040  48.690 0.0000000000
50952  23.865  -42.366  59.425 0.0000000000
49893  24.300  -42.898  60.440 0.0000000000
50953  22.762  -41.949  59.565 0.0000000000
49896  21.087  -42.064  60.135 0.0000000000
49885  20.277  -42.479  60.549 0.0000000000
52747  20.564  -38.993  61.493 0.0000000000
51867  19.377  -40.964  61.390 0.0000000000
50917  18.797  -41.657  61.642 0.0000000000
50899  17.792  -41.755  62.690 0.0000000000
50900  17.179  -41.900  63.316 0.0000000000
49828  16.013  -42.339  64.879 0.0000000000
60194  28.492  -32.154  57.840 0.0000000000
60184  27.414  -31.716  59.222 0.0000000000
57794  25.754  -33.940  58.206 0.0000000000
56617  25.230  -35.117  58.020 0.0000000000
56576  24.374  -34.758  60.245 0.0000000000
55533  24.548  -35.976  58.937 0.0000000000
54599  24.576  -37.278  57.804 0.0000000000
52793  24.453  -39.221  57.906 0.0000000000
51905  24.322  -40.874  58.405 0.0000000000
66064  33.845  -26.915  58.359 0.0000000000
67140  33.102  -25.736  57.294 0.0000000000
65032  32.991  -27.319  56.936 0.0000000000
64066  33.566  -28.704  55.124 0.0000000000
64076  35.508  -28.609  53.560 0.0000000000
63093  36.267  -29.942  53.347 0.0000000000
64088  36.915  -29.072  53.086 0.0000000000
64074  37.424  -28.367  53.579 0.0000000000
64065  39.153  -28.165  54.688 0.0000000000
64064  40.041  -28.484  55.190 0.0000000000
86261  47.521  -6.677  40.690 0.0000000000
84211  46.721  -8.064  39.670 0.0000000000
83153  46.911  -9.140  39.018 0.0000000000
82199  46.004  -10.485  39.732 0.0000000000
81245  47.300  -11.220  38.766 0.0000000000
77377  42.683  -15.200  42.866 0.0000000000
75463  44.119  -16.898  42.224 0.0000000000
75453  43.243  -16.875  42.888 0.0000000000
75442  43.675  -17.948  43.261 0.0000000000
73411  44.373  -19.224  44.094 0.0000000000
74435  41.722  -18.354  44.295 0.0000000000
73412  43.476  -19.111  44.180 0.0000000000
73394  45.026  -19.954  44.352 0.0000000000
71349  45.350  -21.447  44.707 0.0000000000
70311  46.012  -22.148  44.930 0.0000000000
72379  40.225  -20.684  47.145 0.0000000000
71354  40.389  -21.772  46.126 0.0000000000
71353  41.020  -21.530  44.895 0.0000000000
68302  40.974  -24.138  45.885 0.0000000000
69326  41.833  -23.577  45.273 0.0000000000
70314  43.150  -22.716  44.752 0.0000000000
69324  43.977  -23.415  45.144 0.0000000000
55602  37.144  -36.268  54.074 0.0000000000
55600  38.785  -36.114  54.559 0.0000000000
54640  38.932  -37.088  55.314 0.0000000000
54628  39.766  -37.360  55.820 0.0000000000
79181  42.983  -13.211  45.194 0.0000000000
79206  42.416  -13.913  43.787 0.0000000000
49813  15.385  -42.338  65.867 0.0000000000
49800  14.812  -42.378  67.102 0.0000000000
48820  14.859  -43.558  65.368 0.0000000000
47782  14.582  -44.365  65.353 0.0000000000
46819  14.081  -45.832  65.346 0.0000000000
44920  14.186  -47.908  65.381 0.0000000000
45835  12.914  -46.648  66.926 0.0000000000
44921  13.603  -48.318  65.739 0.0000000000
43883  14.353  -48.646  65.715 0.0000000000
42874  14.744  -50.411  67.049 0.0000000000
41847  15.197  -50.796  67.867 0.0000000000
38780  13.053  -53.708  70.101 0.0000000000
40824  11.580  -52.387  68.664 0.0000000000
39861  11.325  -52.989  69.364 0.0000000000
38781  12.238  -54.013  70.212 0.0000000000
38782  11.227  -53.889  70.382 0.0000000000
37696  10.644  -54.676  71.424 0.0000000000
37687  10.174  -54.528  72.023 0.0000000000
39831  9.905  -52.663  72.875 0.0000000000
38758  9.316  -53.260  73.232 0.0000000000
37678  9.667  -54.335  72.728 0.0000000000
57854  36.312  -33.775  53.890 0.0000000000
57855  35.705  -33.803  54.579 0.0000000000
56681  36.820  -35.100  53.549 0.0000000000
54655  35.895  -36.732  54.186 0.0000000000
54643  35.618  -37.463  54.571 0.0000000000
53722  35.290  -38.153  55.037 0.0000000000
54646  32.673  -37.339  54.880 0.0000000000
53724  33.249  -38.289  55.016 0.0000000000
53688  35.045  -39.538  56.259 0.0000000000
57809  28.241  -33.599  56.574 0.0000000000
55580  29.081  -35.510  56.321 0.0000000000
54613  29.872  -37.545  56.855 0.0000000000
54597  28.149  -38.429  57.628 0.0000000000
53670  29.455  -38.577  58.064 0.0000000000
53653  30.486  -39.288  58.277 0.0000000000
74459  45.298  -18.143  41.905 0.0000000000
70243  36.495  -22.066  50.510 0.0000000000
68217  36.294  -23.607  50.132 0.0000000000
67279  36.592  -25.631  49.816 0.0000000000
68162  32.980  -24.701  56.099 0.0000000000
69205  33.222  -24.120  54.676 0.0000000000
68196  34.116  -23.850  53.022 0.0000000000
67192  36.115  -25.847  53.910 0.0000000000
68180  35.425  -25.268  53.196 0.0000000000
68195  34.919  -24.376  52.601 0.0000000000
68208  35.639  -24.448  51.812 0.0000000000
67261  36.704  -25.713  51.244 0.0000000000
66193  38.109  -27.211  50.541 0.0000000000
65141  40.249  -27.719  50.477 0.0000000000
56678  40.044  -35.128  54.417 0.0000000000
59045  40.886  -34.060  54.335 0.0000000000
59043  42.273  -33.138  55.203 0.0000000000
59026  43.452  -33.263  56.289 0.0000000000
61198  42.368  -31.719  55.103 0.0000000000
88240  52.868  -4.959  36.101 0.0000000000
87232  49.535  -5.496  38.750 0.0000000000
86284  49.582  -5.889  37.797 0.0000000000
84240  49.453  -8.499  36.597 0.0000000000
85300  49.638  -7.611  36.104 0.0000000000
87245  50.625  -5.738  36.858 0.0000000000
86310  50.969  -6.619  35.640 0.0000000000
86322  52.081  -6.699  34.658 0.0000000000
77385  44.596  -15.463  41.878 0.0000000000
77384  44.972  -15.793  41.672 0.0000000000
76455  44.051  -15.999  42.065 0.0000000000
57862  37.741  -34.179  53.277 0.0000000000
56690  38.254  -34.823  53.656 0.0000000000
78281  43.678  -14.494  42.261 0.0000000000
79214  43.625  -13.544  42.356 0.0000000000
78280  44.338  -14.602  41.974 0.0000000000
36667  10.397  -55.030  71.857 0.0000000000
48831  16.209  -43.314  63.945 0.0000000000
48843  16.626  -43.942  63.323 0.0000000000
58985  31.146  -31.678  58.878 0.0000000000
58998  30.859  -31.988  57.745 0.0000000000
58999  30.055  -31.769  57.765 0.0000000000
50936  26.572  -42.468  60.906 0.0000000000
68152  33.570  -24.773  57.717 0.0000000000
53660  22.586  -38.570  59.647 0.0000000000
52762  21.864  -39.496  59.851 0.0000000000
54575  22.430  -37.605  60.561 0.0000000000
54574  22.915  -37.571  60.103 0.0000000000
53644  22.728  -38.070  59.878 0.0000000000
63057  35.157  -30.073  55.610 0.0000000000
62090  35.922  -30.495  55.539 0.0000000000
61207  40.650  -31.641  53.482 0.0000000000
62112  40.224  -30.807  53.163 0.0000000000
62098  41.015  -30.722  54.017 0.0000000000
62097  41.568  -31.163  54.371 0.0000000000
82174  45.061  -10.098  42.056 0.0000000000
82173  45.720  -9.655  42.504 0.0000000000
82183  45.675  -9.440  41.763 0.0000000000
83138  45.716  -9.382  41.300 0.0000000000
83147  45.613  -9.631  40.903 0.0000000000
79226  47.194  -13.986  40.798 0.0000000000
79237  47.479  -13.487  40.374 0.0000000000
79225  48.217  -13.829  40.819 0.0000000000
38779  13.690  -53.596  70.367 0.0000000000
77363  40.658  -16.052  45.304 0.0000000000
71361  41.793  -20.933  44.383 0.0000000000
72399  42.345  -20.170  44.275 0.0000000000
70301  40.160  -22.309  46.798 0.0000000000
53707  36.207  -38.514  55.597 0.0000000000
53706  37.305  -38.545  56.027 0.0000000000
77355  41.460  -14.554  46.668 0.0000000000
78256  41.261  -14.737  45.458 0.0000000000
48862  20.476  -43.482  61.105 0.0000000000
48861  21.244  -43.690  61.466 0.0000000000
43871  16.628  -48.483  66.055 0.0000000000
43862  16.297  -49.312  67.030 0.0000000000
43873  15.312  -49.017  66.120 0.0000000000
46774  13.564  -45.232  68.051 0.0000000000
42875  12.008  -50.090  67.213 0.0000000000
42886  12.642  -50.340  66.867 0.0000000000
42876  11.604  -50.642  67.732 0.0000000000
40795  10.517  -51.178  71.682 0.0000000000
56631  33.803  -33.595  57.178 0.0000000000
56630  34.399  -33.609  57.128 0.0000000000
56669  33.815  -34.994  54.807 0.0000000000
54633  30.558  -37.703  55.952 0.0000000000
53712  31.207  -38.358  55.944 0.0000000000
53689  31.395  -38.985  56.508 0.0000000000
52806  31.783  -39.608  56.882 0.0000000000
52807  31.142  -39.226  57.030 0.0000000000
56636  25.726  -35.270  57.389 0.0000000000
74431  45.963  -19.539  43.608 0.0000000000
70207  34.208  -22.380  53.338 0.0000000000
70206  34.544  -21.830  53.452 0.0000000000
69232  34.464  -22.710  52.546 0.0000000000
69231  34.910  -22.851  51.917 0.0000000000
65084  34.943  -27.512  53.827 0.0000000000
66121  35.497  -26.588  53.956 0.0000000000
68191  39.137  -25.086  53.763 0.0000000000
68192  38.140  -25.135  53.597 0.0000000000
67258  39.990  -26.271  52.470 0.0000000000
87229  51.762  -4.797  37.955 0.0000000000
87234  51.969  -5.073  37.110 0.0000000000
87235  51.142  -5.238  37.339 0.0000000000
55505  22.081  -36.162  62.381 0.0000000000
54555  21.264  -37.284  62.112 0.0000000000
54545  21.541  -36.621  62.556 0.0000000000
55514  22.352  -36.583  61.576 0.0000000000
77395  47.247  -15.429  41.363 0.0000000000
77396  46.295  -15.366  41.397 0.0000000000
75475  46.117  -16.899  41.465 0.0000000000
75474  46.990  -17.144  41.309 0.0000000000
61208  37.051  -31.965  54.674 0.0000000000
61209  36.932  -31.563  54.302 0.0000000000
60233  37.643  -32.672  53.294 0.0000000000
59071  39.277  -33.412  53.303 0.0000000000
60232  38.490  -32.627  52.985 0.0000000000
59070  39.834  -32.974  53.382 0.0000000000
60220  40.200  -32.475  53.376 0.0000000000
59057  40.395  -33.516  53.785 0.0000000000
80170  44.156  -11.978  44.345 0.0000000000
80192  43.920  -12.687  42.086 0.0000000000
81210  43.894  -11.873  42.659 0.0000000000
81231  44.617  -11.630  41.161 0.0000000000
80205  44.504  -12.558  41.361 0.0000000000
37695  11.399  -54.748  71.106 0.0000000000
76416  40.373  -16.400  47.526 0.0000000000
76417  40.137  -16.926  46.913 0.0000000000
76414  40.202  -17.090  47.611 0.0000000000
74406  39.933  -18.640  46.478 0.0000000000
72391  40.222  -20.615  45.894 0.0000000000
67330  39.235  -25.256  46.937 0.0000000000
66240  40.462  -26.910  47.397 0.0000000000
67329  40.117  -25.927  46.823 0.0000000000
67327  42.199  -26.248  46.843 0.0000000000
66217  43.135  -27.143  48.211 0.0000000000
66218  42.229  -27.323  48.146 0.0000000000
65139  42.516  -27.718  50.690 0.0000000000
77330  41.149  -15.789  48.240 0.0000000000
49875  17.760  -42.792  62.512 0.0000000000
46861  16.985  -45.405  63.157 0.0000000000
46839  18.466  -46.251  63.556 0.0000000000
45898  17.981  -46.323  63.535 0.0000000000
45883  17.405  -46.685  63.954 0.0000000000
45884  16.365  -46.770  64.156 0.0000000000
45885  15.388  -46.655  64.449 0.0000000000
44938  15.730  -47.320  64.676 0.0000000000
44830  12.281  -47.674  70.261 0.0000000000
43856  11.622  -48.594  68.492 0.0000000000
43848  11.779  -48.334  69.826 0.0000000000
43849  11.324  -49.120  69.566 0.0000000000
43841  11.542  -48.883  70.593 0.0000000000
57778  32.440  -32.523  58.630 0.0000000000
57792  32.889  -33.229  57.810 0.0000000000
56632  33.281  -33.484  57.389 0.0000000000
57806  32.505  -33.757  56.750 0.0000000000
57825  32.359  -34.201  56.255 0.0000000000
57807  31.799  -33.383  56.941 0.0000000000
59032  30.096  -33.545  56.252 0.0000000000
57827  30.653  -34.009  56.030 0.0000000000
56655  29.609  -34.949  55.906 0.0000000000
52792  25.606  -39.446  57.474 0.0000000000
52791  26.653  -39.795  57.649 0.0000000000
51920  26.769  -40.521  58.292 0.0000000000
69204  33.457  -23.444  55.214 0.0000000000
65065  38.391  -27.700  54.887 0.0000000000
65049  38.120  -27.079  55.311 0.0000000000
67153  39.744  -25.947  56.120 0.0000000000
67154  38.935  -26.131  55.608 0.0000000000
67171  39.246  -25.737  55.428 0.0000000000
69260  39.416  -22.800  49.210 0.0000000000
68249  38.993  -23.566  47.964 0.0000000000
69278  38.921  -23.306  48.785 0.0000000000
69262  37.675  -23.186  49.442 0.0000000000
68227  38.137  -23.733  48.749 0.0000000000
68228  37.608  -23.964  48.910 0.0000000000
67299  36.790  -24.539  49.302 0.0000000000
50966  22.536  -41.259  59.274 0.0000000000
51888  21.009  -40.054  60.342 0.0000000000
50955  20.807  -41.171  60.190 0.0000000000
49897  20.447  -41.679  60.344 0.0000000000
50956  20.366  -41.249  60.440 0.0000000000
53626  20.522  -38.395  62.063 0.0000000000
51841  18.997  -40.254  62.237 0.0000000000
51840  19.525  -39.693  62.080 0.0000000000
50939  19.364  -41.542  61.176 0.0000000000
50918  18.223  -41.780  62.135 0.0000000000
50882  16.928  -41.625  64.084 0.0000000000
49827  16.545  -42.110  64.402 0.0000000000
50861  16.482  -41.356  65.030 0.0000000000
60171  28.118  -31.170  59.659 0.0000000000
60172  27.210  -31.518  60.059 0.0000000000
57779  25.510  -33.601  59.282 0.0000000000
59002  26.215  -32.997  58.857 0.0000000000
54585  23.763  -37.390  59.089 0.0000000000
55534  24.218  -36.338  59.267 0.0000000000
55547  24.236  -36.947  58.570 0.0000000000
55546  24.668  -36.172  58.391 0.0000000000
53674  24.919  -38.379  57.496 0.0000000000
53675  24.119  -38.236  58.162 0.0000000000
51923  23.901  -39.759  58.250 0.0000000000
51906  23.721  -40.589  58.501 0.0000000000
50964  24.501  -41.463  58.645 0.0000000000
66077  33.242  -26.702  57.543 0.0000000000
65031  33.524  -27.831  57.523 0.0000000000
63072  34.239  -29.195  54.602 0.0000000000
64077  34.260  -28.503  54.106 0.0000000000
64090  35.699  -28.992  53.321 0.0000000000
62114  37.585  -31.201  52.887 0.0000000000
62116  36.515  -30.619  53.578 0.0000000000
62134  37.559  -30.502  52.621 0.0000000000
64087  37.993  -28.955  52.986 0.0000000000
64075  36.504  -28.403  53.562 0.0000000000
64073  38.504  -28.296  53.897 0.0000000000
63054  41.094  -29.423  54.986 0.0000000000
81207  46.594  -10.814  44.105 0.0000000000
86260  47.797  -6.449  41.433 0.0000000000
85259  47.227  -7.203  41.356 0.0000000000
84212  46.382  -8.673  40.125 0.0000000000
80226  45.464  -11.629  40.241 0.0000000000
81247  45.678  -11.093  39.990 0.0000000000
80225  45.915  -11.869  39.902 0.0000000000
76446  42.530  -16.069  43.031 0.0000000000
75443  42.650  -17.324  43.721 0.0000000000
74433  43.589  -18.454  43.853 0.0000000000
75433  40.427  -17.562  45.419 0.0000000000
75432  41.046  -17.508  44.776 0.0000000000
72389  43.084  -19.957  44.250 0.0000000000
73413  42.627  -19.255  44.238 0.0000000000
73396  43.414  -19.655  44.241 0.0000000000
73395  44.125  -19.791  44.267 0.0000000000
72386  45.658  -20.677  44.652 0.0000000000
72387  44.612  -20.630  44.470 0.0000000000
70312  45.153  -22.306  44.820 0.0000000000
69322  45.945  -22.876  45.179 0.0000000000
72368  40.797  -20.355  48.119 0.0000000000
70316  41.072  -22.713  45.373 0.0000000000
68287  40.405  -24.405  46.194 0.0000000000
68300  42.452  -24.223  45.564 0.0000000000
68301  41.620  -24.201  45.690 0.0000000000
70315  42.016  -22.748  44.820 0.0000000000
69325  42.928  -23.693  45.223 0.0000000000
69306  43.764  -24.186  45.582 0.0000000000
55591  37.696  -36.768  54.629 0.0000000000
54641  38.016  -37.312  55.134 0.0000000000
54611  39.238  -38.165  56.483 0.0000000000
79180  43.944  -12.766  45.576 0.0000000000
78262  41.926  -14.392  44.101 0.0000000000
78272  42.449  -14.404  43.342 0.0000000000
49882  23.577  -43.066  61.275 0.0000000000
47820  19.689  -45.094  62.690 0.0000000000
44896  18.065  -47.689  66.109 0.0000000000
50862  15.916  -41.662  65.670 0.0000000000
48792  14.490  -43.113  67.474 0.0000000000
48806  14.770  -43.046  66.099 0.0000000000
46803  13.773  -45.631  65.887 0.0000000000
45866  13.926  -46.685  65.312 0.0000000000
45867  13.473  -47.510  65.680 0.0000000000
45821  12.966  -46.340  68.097 0.0000000000
44880  12.428  -47.189  67.575 0.0000000000
44900  12.704  -47.771  66.328 0.0000000000
43884  13.902  -48.846  65.877 0.0000000000
42883  14.842  -49.639  66.430 0.0000000000
42884  14.273  -50.142  66.584 0.0000000000
40833  13.845  -51.327  67.457 0.0000000000
41859  14.364  -50.891  67.293 0.0000000000
41848  14.809  -51.447  68.299 0.0000000000
39870  12.797  -52.483  68.539 0.0000000000
40811  13.694  -52.475  68.937 0.0000000000
39859  13.168  -52.930  69.235 0.0000000000
39849  13.569  -53.315  69.904 0.0000000000
41840  10.833  -50.905  69.278 0.0000000000
41850  11.366  -51.408  68.263 0.0000000000
40813  10.830  -52.739  69.720 0.0000000000
40812  10.804  -52.056  69.302 0.0000000000
39862  10.988  -53.050  69.750 0.0000000000
38791  11.773  -53.566  69.692 0.0000000000
38792  11.354  -53.440  69.808 0.0000000000
39837  10.187  -52.895  71.834 0.0000000000
38775  10.467  -53.839  71.283 0.0000000000
40784  10.071  -51.676  73.356 0.0000000000
40778  9.927  -51.258  74.237 0.0000000000
39823  9.496  -52.178  73.707 0.0000000000
59060  36.792  -33.150  54.167 0.0000000000
56667  35.148  -34.096  54.760 0.0000000000
57841  35.543  -33.632  55.542 0.0000000000
56682  35.686  -34.770  53.882 0.0000000000
55603  36.208  -35.974  53.761 0.0000000000
55604  35.293  -35.915  53.874 0.0000000000
54657  34.460  -36.895  54.262 0.0000000000
54656  35.043  -36.797  54.174 0.0000000000
55593  33.132  -36.154  54.689 0.0000000000
53710  32.829  -39.044  55.671 0.0000000000
53709  33.800  -39.103  55.541 0.0000000000
53708  34.910  -39.049  55.763 0.0000000000
52822  34.229  -39.655  56.202 0.0000000000
52803  34.845  -39.993  56.769 0.0000000000
52804  33.714  -40.186  56.867 0.0000000000
59000  27.810  -32.378  57.865 0.0000000000
59017  28.262  -32.797  57.146 0.0000000000
55564  27.915  -36.431  56.737 0.0000000000
56633  28.456  -35.502  56.458 0.0000000000
55563  28.884  -36.378  56.781 0.0000000000
55562  29.509  -36.852  56.596 0.0000000000
54614  29.195  -37.343  57.234 0.0000000000
53672  27.528  -39.130  57.629 0.0000000000
54598  27.626  -38.433  57.392 0.0000000000
53671  28.127  -38.970  57.852 0.0000000000
53641  29.922  -39.535  59.497 0.0000000000
53655  29.044  -39.035  58.481 0.0000000000
53654  29.800  -39.146  58.661 0.0000000000
53669  30.030  -38.511  57.722 0.0000000000
75462  44.929  -17.201  41.867 0.0000000000
74460  44.544  -17.705  42.209 0.0000000000
71284  37.084  -21.355  50.681 0.0000000000
71285  36.413  -21.471  51.002 0.0000000000
67280  36.318  -24.458  49.967 0.0000000000
67262  36.233  -25.023  50.616 0.0000000000
66078  32.809  -26.544  56.717 0.0000000000
67156  32.808  -25.649  56.417 0.0000000000
67175  32.781  -25.585  55.506 0.0000000000
67194  33.839  -25.701  53.864 0.0000000000
68172  32.961  -24.799  55.056 0.0000000000
68182  33.323  -24.698  54.172 0.0000000000
69211  33.327  -24.145  54.266 0.0000000000
67174  36.829  -25.986  54.509 0.0000000000
68193  37.147  -25.160  53.202 0.0000000000
68207  36.678  -25.149  52.196 0.0000000000
67260  37.878  -26.331  51.581 0.0000000000
67278  37.092  -26.502  50.654 0.0000000000
66192  39.424  -27.415  50.812 0.0000000000
66190  41.200  -27.150  51.557 0.0000000000
56666  39.175  -35.953  54.592 0.0000000000
56679  38.919  -35.344  54.147 0.0000000000
56665  39.745  -35.870  54.707 0.0000000000
57837  41.583  -34.700  55.167 0.0000000000
59028  41.980  -34.210  55.403 0.0000000000
59044  41.608  -33.632  54.725 0.0000000000
60200  43.205  -32.638  55.939 0.0000000000
62085  42.612  -31.153  55.354 0.0000000000
87243  52.174  -5.336  36.288 0.0000000000
88230  52.821  -4.907  36.895 0.0000000000
87253  52.396  -5.536  35.333 0.0000000000
86264  48.081  -6.108  40.383 0.0000000000
85279  48.429  -6.918  38.206 0.0000000000
86278  48.750  -6.246  38.478 0.0000000000
86277  49.475  -5.664  38.328 0.0000000000
86311  50.030  -6.976  35.809 0.0000000000
86297  49.847  -6.460  36.691 0.0000000000
86296  50.660  -6.083  36.373 0.0000000000
77397  45.338  -15.333  41.632 0.0000000000
76466  45.849  -16.093  41.493 0.0000000000
59059  37.257  -32.905  53.711 0.0000000000
57861  38.757  -34.247  53.487 0.0000000000
57860  39.320  -33.997  53.522 0.0000000000
79205  42.964  -13.390  43.414 0.0000000000
80206  44.153  -13.027  41.776 0.0000000000
79229  44.333  -13.622  41.765 0.0000000000
78296  44.984  -14.414  41.609 0.0000000000
75413  40.314  -17.720  48.019 0.0000000000
74387  40.594  -18.534  48.413 0.0000000000
66242  38.596  -25.727  47.344 0.0000000000
66219  41.121  -27.553  48.164 0.0000000000
65174  40.882  -27.835  49.078 0.0000000000
65157  40.722  -27.845  49.870 0.0000000000
48842  16.883  -43.357  63.192 0.0000000000
47840  17.748  -44.352  62.528 0.0000000000
46840  16.694  -46.041  63.587 0.0000000000
46862  16.394  -45.440  63.468 0.0000000000
47802  15.006  -45.163  64.475 0.0000000000
43840  11.985  -48.232  70.841 0.0000000000
58997  31.634  -32.718  57.662 0.0000000000
59014  31.295  -33.093  56.981 0.0000000000
59015  30.614  -32.978  56.768 0.0000000000
59033  29.569  -33.280  56.421 0.0000000000
50963  25.747  -41.453  58.669 0.0000000000
50962  26.467  -41.383  58.877 0.0000000000
50950  26.731  -41.810  59.522 0.0000000000
69200  33.488  -23.683  56.284 0.0000000000
65047  39.761  -27.581  56.105 0.0000000000
66076  39.954  -26.718  56.559 0.0000000000
69245  38.349  -22.581  49.709 0.0000000000
69246  37.571  -22.597  49.834 0.0000000000
51907  22.493  -40.352  59.150 0.0000000000
51887  21.720  -40.272  59.675 0.0000000000
52734  19.805  -38.997  62.335 0.0000000000
52722  19.054  -38.950  63.232 0.0000000000
51820  18.607  -39.862  62.957 0.0000000000
51821  18.114  -40.539  62.961 0.0000000000
57763  25.276  -33.338  60.315 0.0000000000
55512  23.462  -35.782  60.962 0.0000000000
54573  23.618  -36.985  59.841 0.0000000000
53676  23.616  -38.343  58.608 0.0000000000
64054  33.798  -28.832  56.471 0.0000000000
63045  34.604  -29.571  56.257 0.0000000000
62132  38.559  -30.909  52.539 0.0000000000
63118  38.200  -30.342  52.429 0.0000000000
63117  38.910  -30.337  52.449 0.0000000000
63090  39.646  -29.944  52.807 0.0000000000
63069  40.044  -29.349  53.604 0.0000000000
62087  41.256  -30.095  54.478 0.0000000000
63053  41.907  -29.660  55.438 0.0000000000
82172  46.791  -9.737  43.611 0.0000000000
84201  46.706  -7.826  40.800 0.0000000000
84192  46.360  -8.410  41.121 0.0000000000
82190  46.060  -9.800  39.894 0.0000000000
80215  47.136  -12.937  39.871 0.0000000000
80222  48.633  -12.614  39.348 0.0000000000
77370  41.579  -15.467  44.102 0.0000000000
76437  42.076  -16.259  43.575 0.0000000000
75444  41.794  -17.443  44.310 0.0000000000
73397  40.628  -19.382  44.878 0.0000000000
72398  43.239  -20.579  44.250 0.0000000000
72397  43.910  -20.841  44.356 0.0000000000
71359  43.541  -21.196  44.342 0.0000000000
70313  44.178  -22.515  44.800 0.0000000000
67342  41.707  -25.533  46.335 0.0000000000
68286  41.278  -24.739  46.087 0.0000000000
68284  43.192  -24.718  45.897 0.0000000000
54630  37.623  -37.953  55.550 0.0000000000
54612  38.531  -38.349  56.327 0.0000000000
77342  42.981  -14.642  48.236 0.0000000000
78230  42.776  -14.188  47.552 0.0000000000
78243  42.250  -13.990  46.696 0.0000000000
78263  41.441  -14.758  44.748 0.0000000000
49872  21.938  -43.469  61.521 0.0000000000
48852  21.699  -43.913  62.310 0.0000000000
44897  17.070  -48.119  65.916 0.0000000000
43861  16.871  -48.691  66.649 0.0000000000
42872  15.896  -49.704  67.169 0.0000000000
47749  14.167  -43.808  68.000 0.0000000000
46789  13.721  -45.392  66.905 0.0000000000
44862  12.098  -47.685  68.253 0.0000000000
44881  12.088  -48.134  67.382 0.0000000000
42885  13.253  -50.132  66.534 0.0000000000
41860  13.504  -51.046  67.213 0.0000000000
40834  13.366  -51.575  67.605 0.0000000000
40835  12.881  -51.762  67.788 0.0000000000
40823  12.323  -51.985  68.103 0.0000000000
40803  10.530  -52.396  70.240 0.0000000000
38783  10.690  -53.500  70.639 0.0000000000
38751  8.899  -52.848  73.847 0.0000000000
56668  34.542  -34.378  54.940 0.0000000000
55595  30.990  -36.488  55.275 0.0000000000
54647  31.613  -37.590  55.311 0.0000000000
53726  31.746  -38.338  55.600 0.0000000000
52824  32.488  -39.543  56.295 0.0000000000
52805  32.716  -40.026  56.968 0.0000000000
57811  26.439  -33.932  57.401 0.0000000000
57810  27.373  -33.931  56.766 0.0000000000
53643  28.779  -39.651  59.039 0.0000000000
52759  29.640  -39.922  60.144 0.0000000000
75441  44.211  -18.233  43.010 0.0000000000
74447  44.640  -18.332  42.619 0.0000000000
74445  46.589  -19.651  42.782 0.0000000000
71260  35.170  -21.203  53.021 0.0000000000
71272  35.354  -21.387  52.251 0.0000000000
70229  35.870  -22.034  51.083 0.0000000000
70230  35.329  -22.000  51.732 0.0000000000
69237  35.402  -22.649  51.275 0.0000000000
65086  33.242  -27.099  54.453 0.0000000000
66108  32.791  -26.284  55.107 0.0000000000
66123  33.543  -26.509  54.200 0.0000000000
67193  34.888  -25.807  53.603 0.0000000000
68178  37.660  -25.383  54.081 0.0000000000
68206  37.727  -25.265  52.812 0.0000000000
67238  38.322  -25.712  52.488 0.0000000000
67259  39.017  -26.266  52.113 0.0000000000
66179  39.745  -26.798  51.695 0.0000000000
55576  41.181  -36.926  56.037 0.0000000000
55587  40.839  -36.523  55.480 0.0000000000
56647  41.289  -36.287  55.608 0.0000000000
56646  41.957  -35.905  56.077 0.0000000000
57820  42.685  -34.937  56.354 0.0000000000
85272  47.855  -6.997  39.117 0.0000000000
86271  48.035  -6.618  39.312 0.0000000000
85280  47.980  -7.252  38.582 0.0000000000
85288  48.551  -7.274  37.619 0.0000000000
84252  50.762  -8.627  35.561 0.0000000000
85312  51.018  -7.755  35.199 0.0000000000
84251  51.409  -8.646  35.104 0.0000000000
54563  22.019  -37.532  61.102 0.0000000000
53632  21.863  -38.056  60.903 0.0000000000
54564  21.595  -37.499  61.586 0.0000000000
55503  23.239  -35.390  61.717 0.0000000000
55513  22.932  -36.184  61.279 0.0000000000
54562  22.651  -37.020  60.858 0.0000000000
62089  36.603  -31.100  55.368 0.0000000000
61221  37.074  -31.361  53.597 0.0000000000
61238  37.780  -31.318  52.796 0.0000000000
61219  38.792  -31.734  52.682 0.0000000000
80182  44.744  -11.317  44.086 0.0000000000
81209  44.374  -11.150  43.115 0.0000000000
81239  44.886  -11.810  40.765 0.0000000000
80217  45.253  -12.317  40.552 0.0000000000
80204  45.102  -12.841  40.976 0.0000000000
79240  45.371  -12.957  40.832 0.0000000000
79239  45.813  -13.156  40.603 0.0000000000
38773  12.736  -54.231  70.642 0.0000000000
77357  40.426  -16.142  45.674 0.0000000000
76423  40.252  -16.609  46.064 0.0000000000
74420  40.210  -18.526  45.542 0.0000000000
75420  40.030  -17.783  47.141 0.0000000000
71362  41.138  -20.737  44.622 0.0000000000
69309  39.472  -23.489  47.052 0.0000000000
65171  43.421  -27.305  48.705 0.0000000000
65154  43.767  -27.425  49.335 0.0000000000
52801  37.076  -39.822  57.363 0.0000000000
52783  37.336  -40.415  58.089 0.0000000000
77344  40.727  -15.669  47.423 0.0000000000
49873  18.978  -42.887  61.417 0.0000000000
48854  19.654  -43.890  61.578 0.0000000000
47838  19.321  -44.747  62.336 0.0000000000
46878  19.158  -45.081  62.580 0.0000000000
46879  18.851  -45.099  62.576 0.0000000000
46859  19.292  -45.370  62.840 0.0000000000
45864  17.100  -47.203  64.558 0.0000000000
44918  16.402  -47.592  64.892 0.0000000000
42860  10.982  -49.957  69.405 0.0000000000
56653  32.235  -34.454  55.990 0.0000000000
56671  31.928  -35.102  55.507 0.0000000000
57843  31.049  -34.763  55.578 0.0000000000
56672  31.132  -35.329  55.377 0.0000000000
53694  25.802  -38.427  57.162 0.0000000000
53673  26.821  -39.207  57.406 0.0000000000
52775  27.822  -40.081  58.713 0.0000000000
51903  26.943  -41.053  58.918 0.0000000000
51902  27.570  -40.729  59.172 0.0000000000
52761  28.056  -40.392  59.394 0.0000000000
73393  46.057  -20.048  44.367 0.0000000000
74418  46.732  -19.935  44.152 0.0000000000
70191  33.992  -22.429  53.874 0.0000000000
65067  36.754  -26.892  54.527 0.0000000000
66106  37.086  -26.468  54.798 0.0000000000
67173  37.701  -25.899  54.756 0.0000000000
66090  38.512  -26.600  55.555 0.0000000000
67155  38.321  -26.194  55.249 0.0000000000
68171  38.350  -25.576  54.600 0.0000000000
68176  39.471  -25.132  54.590 0.0000000000
82206  48.422  -9.954  37.797 0.0000000000
36641  9.437  -54.742  72.838 0.0000000000
70290  40.933  -21.165  48.195 0.0000000000
69294  39.414  -23.144  47.754 0.0000000000
68273  38.452  -24.557  47.632 0.0000000000
67313  38.087  -25.169  47.723 0.0000000000
66222  37.570  -25.610  48.199 0.0000000000
66207  37.304  -26.249  48.852 0.0000000000
49892  25.142  -42.856  60.768 0.0000000000
49894  23.172  -42.734  60.243 0.0000000000
49895  22.088  -42.445  60.109 0.0000000000
52746  21.008  -39.179  60.942 0.0000000000
51865  20.634  -39.571  61.012 0.0000000000
51866  20.003  -40.067  61.337 0.0000000000
50938  19.912  -41.363  60.787 0.0000000000
49886  19.461  -42.174  61.020 0.0000000000
49874  18.174  -42.578  62.138 0.0000000000
49858  17.767  -42.437  62.547 0.0000000000
49859  17.350  -42.611  62.850 0.0000000000
49844  16.743  -42.569  63.681 0.0000000000
49845  16.378  -42.583  64.226 0.0000000000
60182  29.371  -31.721  58.167 0.0000000000
60170  29.185  -31.101  59.252 0.0000000000
60183  28.187  -31.735  58.605 0.0000000000
59001  27.062  -32.365  58.441 0.0000000000
58986  26.643  -32.150  59.445 0.0000000000
59019  26.470  -33.208  58.022 0.0000000000
56616  25.862  -34.648  57.522 0.0000000000
55566  25.530  -36.273  57.285 0.0000000000
57780  24.893  -34.207  59.743 0.0000000000
56598  24.185  -35.576  59.901 0.0000000000
56597  24.667  -35.339  59.160 0.0000000000
54618  25.367  -37.572  57.241 0.0000000000
52794  23.665  -38.889  58.423 0.0000000000
51922  24.756  -40.492  58.144 0.0000000000
67139  33.619  -25.846  58.192 0.0000000000
65051  32.738  -27.417  56.073 0.0000000000
65050  33.152  -27.974  56.614 0.0000000000
64055  33.129  -28.250  55.926 0.0000000000
64067  32.946  -27.947  55.309 0.0000000000
65068  33.300  -27.867  54.558 0.0000000000
62100  36.065  -30.485  54.256 0.0000000000
63070  35.816  -30.114  53.851 0.0000000000
63092  37.480  -29.934  52.578 0.0000000000
63094  35.706  -29.285  53.457 0.0000000000
65082  37.015  -27.916  54.086 0.0000000000
65064  39.211  -27.848  55.342 0.0000000000
64072  39.591  -28.627  54.101 0.0000000000
86265  47.645  -6.720  39.943 0.0000000000
85265  47.165  -7.212  40.317 0.0000000000
85273  47.560  -7.152  39.457 0.0000000000
85281  47.347  -7.654  39.083 0.0000000000
84220  47.246  -8.228  38.691 0.0000000000
83162  47.459  -9.163  38.329 0.0000000000
82191  45.585  -10.150  40.389 0.0000000000
81246  46.330  -11.185  39.445 0.0000000000
82198  46.608  -10.162  39.293 0.0000000000
82197  47.276  -10.055  38.614 0.0000000000
82207  47.844  -9.979  38.138 0.0000000000
77376  43.264  -15.155  42.393 0.0000000000
76456  43.534  -15.733  42.257 0.0000000000
76445  43.057  -15.917  42.550 0.0000000000
75454  42.598  -16.649  43.310 0.0000000000
71348  46.263  -21.421  44.901 0.0000000000
69328  40.568  -23.689  46.019 0.0000000000
69327  41.063  -23.557  45.649 0.0000000000
69305  44.782  -24.051  45.581 0.0000000000
69304  45.872  -23.751  45.532 0.0000000000
56680  37.808  -35.441  53.843 0.0000000000
55601  38.132  -36.120  54.327 0.0000000000
54639  39.520  -36.896  55.308 0.0000000000
55577  40.504  -36.976  55.699 0.0000000000
79195  43.454  -12.739  44.546 0.0000000000
79196  42.550  -13.535  44.382 0.0000000000
49871  22.831  -43.465  62.226 0.0000000000
49814  15.035  -42.377  66.442 0.0000000000
48805  15.094  -42.776  65.664 0.0000000000
47781  14.949  -43.794  64.992 0.0000000000
46818  14.550  -45.806  64.847 0.0000000000
47783  14.148  -45.252  65.486 0.0000000000
45865  14.721  -46.754  64.829 0.0000000000
43882  14.769  -48.367  65.517 0.0000000000
45820  13.312  -45.784  68.081 0.0000000000
45849  13.181  -46.906  66.028 0.0000000000
42873  15.317  -50.024  67.120 0.0000000000
41858  14.933  -50.547  67.308 0.0000000000
42864  15.866  -50.461  68.273 0.0000000000
40810  14.330  -52.132  68.962 0.0000000000
39872  11.816  -52.826  68.933 0.0000000000
39860  12.140  -53.158  69.180 0.0000000000
38790  12.486  -53.521  69.636 0.0000000000
37703  12.391  -54.399  70.702 0.0000000000
37704  11.967  -54.468  70.667 0.0000000000
38774  10.883  -54.333  70.983 0.0000000000
65015  34.265  -27.900  58.467 0.0000000000
57853  36.966  -33.730  53.399 0.0000000000
57863  37.059  -34.349  53.396 0.0000000000
54654  36.487  -36.615  54.203 0.0000000000
53721  35.968  -37.899  55.000 0.0000000000
54645  33.779  -37.128  54.454 0.0000000000
53723  34.294  -38.290  54.949 0.0000000000
53687  35.627  -39.403  56.325 0.0000000000
52802  35.988  -40.011  57.049 0.0000000000
60193  28.904  -32.231  57.542 0.0000000000
59034  28.855  -33.144  56.611 0.0000000000
57829  28.796  -33.967  56.336 0.0000000000
57830  28.053  -34.275  56.449 0.0000000000
56657  28.365  -34.735  56.375 0.0000000000
56656  28.992  -34.777  56.287 0.0000000000
55579  29.477  -36.014  56.093 0.0000000000
55561  29.767  -37.057  56.507 0.0000000000
54616  27.402  -37.704  57.100 0.0000000000
54596  28.918  -38.196  57.799 0.0000000000
54595  29.492  -38.010  57.587 0.0000000000
53668  30.657  -38.967  57.393 0.0000000000
52789  31.141  -39.600  57.737 0.0000000000
76454  44.741  -16.304  41.783 0.0000000000
74474  46.206  -17.839  41.403 0.0000000000
74458  46.333  -18.931  41.806 0.0000000000
74417  47.492  -20.077  44.267 0.0000000000
69247  36.777  -22.831  50.025 0.0000000000
68229  36.903  -23.649  49.571 0.0000000000
66194  37.182  -26.802  49.770 0.0000000000
68153  33.089  -25.011  56.919 0.0000000000
68161  33.355  -24.339  56.908 0.0000000000
69201  33.156  -24.121  55.466 0.0000000000
69210  33.517  -23.624  53.985 0.0000000000
69222  34.476  -23.421  52.448 0.0000000000
68209  34.990  -23.728  51.967 0.0000000000
68211  36.128  -24.950  51.333 0.0000000000
66205  39.039  -27.825  49.843 0.0000000000
65142  39.643  -27.803  50.225 0.0000000000
66191  40.457  -27.230  51.244 0.0000000000
65140  41.345  -27.615  50.889 0.0000000000
57852  38.987  -34.703  53.807 0.0000000000
57851  39.573  -34.425  53.839 0.0000000000
56664  40.922  -35.611  55.104 0.0000000000
56677  40.617  -34.959  54.604 0.0000000000
59056  41.118  -33.054  54.143 0.0000000000
60212  41.519  -32.534  54.317 0.0000000000
59010  43.113  -34.409  56.671 0.0000000000
59027  42.706  -33.752  55.872 0.0000000000
60211  42.034  -32.552  54.902 0.0000000000
61199  41.833  -31.705  54.584 0.0000000000
86270  48.631  -5.861  39.644 0.0000000000
87226  50.038  -5.050  39.219 0.0000000000
87231  50.075  -5.216  38.377 0.0000000000
87236  50.341  -5.533  37.532 0.0000000000
83170  48.637  -9.217  37.479 0.0000000000
84227  48.834  -8.380  37.125 0.0000000000
85301  49.095  -7.491  36.749 0.0000000000
86298  49.050  -6.853  37.058 0.0000000000
86323  51.369  -7.190  34.995 0.0000000000
86309  51.761  -6.161  35.327 0.0000000000
39850  11.116  -53.307  69.870 0.0000000000
41862  11.825  -51.156  67.749 0.0000000000
41871  14.159  -50.558  66.876 0.0000000000
41873  13.131  -50.660  66.924 0.0000000000
43874  14.345  -49.264  66.081 0.0000000000
47821  17.823  -44.776  62.579 0.0000000000
50842  15.652  -41.581  66.338 0.0000000000
50977  25.382  -40.959  58.280 0.0000000000
50978  25.099  -41.153  58.365 0.0000000000
51904  26.366  -41.011  58.566 0.0000000000
52790  27.343  -39.986  58.137 0.0000000000
52808  26.384  -39.220  57.341 0.0000000000
52821  34.765  -39.590  56.235 0.0000000000
53634  20.810  -38.562  61.624 0.0000000000
53646  21.683  -38.538  60.712 0.0000000000
53656  28.294  -39.356  58.330 0.0000000000
53657  27.774  -39.654  58.187 0.0000000000
53658  23.703  -37.959  58.685 0.0000000000
53691  30.391  -38.342  56.807 0.0000000000
53692  27.329  -38.474  57.293 0.0000000000
53705  38.055  -38.346  56.122 0.0000000000
53713  30.729  -38.322  56.321 0.0000000000
54583  28.607  -38.805  58.002 0.0000000000
54584  28.360  -38.914  57.914 0.0000000000
54586  23.317  -37.546  59.554 0.0000000000
54632  31.076  -37.804  55.636 0.0000000000
55589  39.245  -36.458  54.936 0.0000000000
55590  38.463  -36.660  54.807 0.0000000000
56615  33.486  -33.234  58.184 0.0000000000
57838  41.026  -34.583  54.683 0.0000000000
57842  31.453  -34.907  55.607 0.0000000000
57850  40.443  -34.467  54.235 0.0000000000
60181  30.373  -31.604  58.312 0.0000000000
60201  42.633  -32.595  55.397 0.0000000000
61190  42.940  -31.742  55.592 0.0000000000
61237  38.105  -31.359  52.657 0.0000000000
62101  35.651  -30.295  54.697 0.0000000000
62113  39.382  -30.897  52.663 0.0000000000
62115  37.122  -30.850  53.037 0.0000000000
63068  40.748  -29.757  54.113 0.0000000000
63119  37.786  -30.395  52.508 0.0000000000
64089  36.060  -29.044  53.240 0.0000000000
65069  32.762  -27.120  55.064 0.0000000000
65081  37.705  -27.966  54.302 0.0000000000
65158  39.912  -27.889  49.690 0.0000000000
66124  33.042  -26.553  54.663 0.0000000000
66216  43.920  -27.032  48.496 0.0000000000
67314  37.681  -24.826  48.193 0.0000000000
68299  42.955  -24.215  45.548 0.0000000000
70219  34.373  -22.364  52.969 0.0000000000
70275  40.729  -21.661  48.456 0.0000000000
74475  45.564  -17.374  41.591 0.0000000000
75464  43.547  -16.314  42.333 0.0000000000
76413  40.629  -16.704  48.257 0.0000000000
76467  45.250  -16.044  41.571 0.0000000000
77331  40.627  -16.076  47.935 0.0000000000
79230  43.982  -13.223  41.981 0.0000000000
81211  43.818  -12.305  42.440 0.0000000000
81221  43.964  -12.112  42.207 0.0000000000
85289  48.105  -7.786  37.913 0.0000000000
