#!ascii label  , from subject sub-1633992 vox2ras=TkReg
748
99793  43.883  6.803  48.517 0.0000000000
98806  40.391  6.364  38.023 0.0000000000
104784  42.812  13.829  31.764 0.0000000000
97967  46.799  6.191  27.124 0.0000000000
95874  44.321  4.236  43.158 0.0000000000
104740  45.931  13.476  37.073 0.0000000000
98912  44.256  7.194  30.606 0.0000000000
103207  38.570  12.177  30.219 0.0000000000
103131  43.101  11.236  40.780 0.0000000000
99818  43.444  7.394  45.242 0.0000000000
98781  45.518  7.081  39.607 0.0000000000
106378  43.627  16.147  28.981 0.0000000000
103230  40.576  11.603  26.877 0.0000000000
102391  41.144  10.831  34.984 0.0000000000
101654  42.926  10.418  27.993 0.0000000000
106363  38.490  14.905  30.927 0.0000000000
101542  44.520  9.455  46.792 0.0000000000
99791  46.091  7.509  47.794 0.0000000000
97806  46.210  6.128  41.444 0.0000000000
104781  45.780  14.139  32.428 0.0000000000
106359  46.467  15.665  30.824 0.0000000000
105583  43.773  15.079  30.435 0.0000000000
104815  41.041  14.377  28.546 0.0000000000
104796  41.189  13.805  29.482 0.0000000000
101571  40.763  9.531  40.469 0.0000000000
103147  41.873  11.262  37.761 0.0000000000
101590  39.814  8.964  36.260 0.0000000000
99974  46.835  7.936  28.232 0.0000000000
100866  43.375  9.162  29.283 0.0000000000
100895  45.568  8.365  26.953 0.0000000000
100886  43.460  8.476  26.605 0.0000000000
98935  45.176  6.465  27.972 0.0000000000
95992  45.049  4.215  30.063 0.0000000000
96813  42.405  3.727  47.527 0.0000000000
96820  45.354  4.492  46.881 0.0000000000
103974  44.299  12.918  33.920 0.0000000000
97880  43.049  5.623  35.560 0.0000000000
98855  40.805  6.863  34.277 0.0000000000
98886  44.690  6.341  32.403 0.0000000000
98922  47.440  7.092  29.505 0.0000000000
103134  46.692  11.924  41.701 0.0000000000
103113  45.261  11.270  44.496 0.0000000000
101559  42.417  9.789  43.866 0.0000000000
98764  40.805  6.775  41.780 0.0000000000
97791  46.217  5.993  44.550 0.0000000000
98750  43.730  6.373  42.478 0.0000000000
97826  42.523  5.812  38.822 0.0000000000
98821  45.190  6.708  36.687 0.0000000000
95847  39.194  3.594  45.988 0.0000000000
107079  45.516  16.423  31.636 0.0000000000
107092  42.225  16.500  30.294 0.0000000000
105604  39.710  14.586  29.398 0.0000000000
103222  39.469  11.792  28.276 0.0000000000
100868  39.715  9.033  28.445 0.0000000000
103930  44.895  12.465  39.234 0.0000000000
103169  43.052  12.157  35.960 0.0000000000
103188  41.531  11.955  33.473 0.0000000000
100841  41.210  8.172  32.070 0.0000000000
101627  40.794  10.028  31.242 0.0000000000
103200  40.525  12.050  30.502 0.0000000000
102444  41.585  11.251  26.602 0.0000000000
100876  41.472  8.572  27.339 0.0000000000
106364  37.940  14.838  31.309 0.0000000000
106353  39.274  15.581  31.751 0.0000000000
100744  45.953  8.108  48.475 0.0000000000
98691  45.743  6.504  48.729 0.0000000000
104783  43.881  13.619  32.135 0.0000000000
104792  44.848  14.367  31.516 0.0000000000
104794  42.813  14.524  30.892 0.0000000000
105585  42.114  14.867  29.580 0.0000000000
104785  41.939  14.006  31.317 0.0000000000
100791  39.780  8.412  39.702 0.0000000000
101578  39.842  8.990  38.071 0.0000000000
99866  39.703  7.546  37.233 0.0000000000
99992  46.866  7.362  27.182 0.0000000000
100883  45.824  8.392  27.407 0.0000000000
99993  46.113  7.754  27.050 0.0000000000
98957  45.217  7.595  26.908 0.0000000000
97959  45.953  6.075  27.758 0.0000000000
96968  45.789  5.326  28.537 0.0000000000
96967  46.772  5.215  28.033 0.0000000000
94880  42.572  2.342  46.903 0.0000000000
104765  45.741  13.597  34.162 0.0000000000
104751  45.069  13.289  35.670 0.0000000000
98840  44.468  6.093  35.156 0.0000000000
98852  44.125  5.976  34.341 0.0000000000
98868  44.949  6.107  33.465 0.0000000000
98921  48.302  6.486  29.773 0.0000000000
98943  49.010  6.371  28.193 0.0000000000
98944  48.400  6.642  27.694 0.0000000000
100765  43.352  8.624  45.856 0.0000000000
101555  43.362  9.799  45.332 0.0000000000
100775  42.272  8.638  44.608 0.0000000000
100781  41.080  8.613  42.844 0.0000000000
98742  41.691  7.124  43.421 0.0000000000
95858  44.614  4.059  45.324 0.0000000000
96819  45.885  5.171  46.312 0.0000000000
96844  45.903  5.387  44.112 0.0000000000
98759  45.701  6.714  41.045 0.0000000000
98748  45.590  6.623  41.864 0.0000000000
98760  44.965  6.670  41.240 0.0000000000
98772  43.211  6.199  40.572 0.0000000000
98782  44.688  6.713  39.529 0.0000000000
98793  44.296  6.531  38.504 0.0000000000
98792  45.220  6.958  38.788 0.0000000000
99896  47.233  7.787  36.514 0.0000000000
106369  45.221  15.828  30.213 0.0000000000
107088  46.087  16.240  30.894 0.0000000000
107099  44.752  16.176  30.131 0.0000000000
107081  43.354  16.380  31.374 0.0000000000
107101  42.839  16.493  29.551 0.0000000000
107104  40.832  16.007  29.548 0.0000000000
107118  42.053  16.283  28.804 0.0000000000
104020  40.310  12.309  27.390 0.0000000000
104013  39.810  12.883  28.149 0.0000000000
103231  39.955  11.642  27.491 0.0000000000
101646  39.399  10.008  28.436 0.0000000000
101656  40.008  10.018  27.521 0.0000000000
103129  44.900  11.549  41.668 0.0000000000
103922  46.082  12.265  40.393 0.0000000000
103137  43.806  11.674  40.383 0.0000000000
102377  41.248  10.773  36.563 0.0000000000
103150  42.481  11.738  37.233 0.0000000000
103171  41.766  11.347  35.216 0.0000000000
103178  42.336  11.844  34.685 0.0000000000
103179  41.461  11.414  34.376 0.0000000000
98888  42.402  6.979  32.164 0.0000000000
98872  40.820  7.236  33.690 0.0000000000
99938  42.342  7.452  31.573 0.0000000000
101643  43.886  9.569  28.376 0.0000000000
100857  41.702  9.210  30.641 0.0000000000
101634  41.626  9.959  30.022 0.0000000000
102410  40.520  11.006  30.986 0.0000000000
102423  41.763  10.985  28.410 0.0000000000
103211  41.597  11.754  27.712 0.0000000000
102433  42.686  10.575  27.336 0.0000000000
99975  43.331  7.131  27.923 0.0000000000
100887  42.627  8.887  26.384 0.0000000000
99976  42.767  7.447  27.841 0.0000000000
98939  41.472  7.407  28.389 0.0000000000
104729  46.303  13.356  37.937 0.0000000000
104797  38.200  13.499  30.843 0.0000000000
104803  38.760  13.888  30.196 0.0000000000
102332  46.043  10.587  47.674 0.0000000000
102318  46.096  9.965  48.254 0.0000000000
100752  45.470  8.551  47.550 0.0000000000
99807  44.721  7.391  46.175 0.0000000000
96858  45.638  5.391  42.790 0.0000000000
105581  45.811  14.982  30.990 0.0000000000
105590  45.308  15.442  30.501 0.0000000000
105592  43.600  15.489  29.498 0.0000000000
105601  42.383  15.587  28.846 0.0000000000
105594  41.875  15.080  29.179 0.0000000000
104807  41.035  13.817  28.322 0.0000000000
104011  41.059  12.386  27.026 0.0000000000
102354  41.892  10.264  41.169 0.0000000000
102361  42.197  10.941  39.877 0.0000000000
102363  40.845  10.145  38.882 0.0000000000
102369  40.714  10.196  37.081 0.0000000000
101597  40.119  9.582  35.794 0.0000000000
99963  45.733  8.016  29.307 0.0000000000
99954  43.785  7.803  30.146 0.0000000000
100864  45.480  8.546  28.693 0.0000000000
100875  44.739  9.266  28.113 0.0000000000
101661  44.808  9.331  26.898 0.0000000000
102441  43.820  10.247  26.060 0.0000000000
101672  44.546  9.398  26.329 0.0000000000
99986  44.332  7.584  27.043 0.0000000000
97951  44.166  6.073  28.968 0.0000000000
95991  45.717  4.188  29.784 0.0000000000
97762  43.053  5.271  47.723 0.0000000000
96802  44.907  5.217  48.465 0.0000000000
95822  43.615  3.644  47.609 0.0000000000
95846  43.899  3.400  45.880 0.0000000000
95859  43.751  3.535  44.818 0.0000000000
104771  46.418  14.099  33.538 0.0000000000
104773  44.813  13.379  33.170 0.0000000000
103984  43.487  12.979  32.873 0.0000000000
97867  41.108  5.786  36.924 0.0000000000
98842  40.689  6.518  35.312 0.0000000000
97890  42.663  5.690  34.896 0.0000000000
98870  42.657  6.394  33.261 0.0000000000
98901  44.447  6.706  31.393 0.0000000000
98899  46.803  6.150  31.637 0.0000000000
98910  46.482  6.856  30.313 0.0000000000
99952  45.967  7.426  29.815 0.0000000000
99962  46.774  7.655  29.169 0.0000000000
98945  47.860  6.884  27.463 0.0000000000
96984  47.934  5.635  26.893 0.0000000000
96966  47.950  4.562  28.046 0.0000000000
103122  45.988  11.562  42.997 0.0000000000
103123  44.829  11.350  42.652 0.0000000000
102336  44.814  10.701  45.964 0.0000000000
102344  43.600  10.644  43.734 0.0000000000
102349  42.614  10.400  42.502 0.0000000000
101566  41.448  9.707  41.710 0.0000000000
100784  40.257  8.147  41.267 0.0000000000
98775  40.175  6.660  40.220 0.0000000000
97759  45.930  5.653  47.960 0.0000000000
98703  45.633  6.718  46.387 0.0000000000
98730  44.618  6.629  44.366 0.0000000000
97796  46.278  5.978  43.178 0.0000000000
98739  44.721  6.560  43.231 0.0000000000
98740  43.553  6.504  43.600 0.0000000000
98751  42.527  6.368  42.701 0.0000000000
97817  41.462  5.905  40.318 0.0000000000
97838  40.919  5.913  38.626 0.0000000000
97836  42.467  5.733  37.881 0.0000000000
98822  44.412  6.139  36.075 0.0000000000
98839  45.318  6.536  35.563 0.0000000000
99879  46.443  7.487  37.798 0.0000000000
98838  46.327  7.393  36.093 0.0000000000
97771  41.777  5.207  46.663 0.0000000000
96823  41.001  4.162  46.639 0.0000000000
94895  38.473  2.713  46.087 0.0000000000
107078  46.473  16.415  31.789 0.0000000000
106348  44.163  16.138  32.596 0.0000000000
106361  40.093  15.879  30.915 0.0000000000
105595  39.372  14.758  29.855 0.0000000000
104809  39.219  13.754  29.542 0.0000000000
105603  40.689  15.014  28.928 0.0000000000
104004  39.669  13.367  28.620 0.0000000000
103214  38.944  12.094  29.152 0.0000000000
103935  44.862  12.751  38.270 0.0000000000
103145  43.317  12.077  38.480 0.0000000000
103936  44.003  12.503  37.875 0.0000000000
103950  44.464  12.916  36.312 0.0000000000
103959  43.535  12.350  35.234 0.0000000000
103968  42.955  12.283  34.144 0.0000000000
103977  41.928  12.582  32.857 0.0000000000
99898  40.295  7.340  35.033 0.0000000000
100826  39.943  8.726  35.208 0.0000000000
101611  40.236  9.592  33.378 0.0000000000
100849  42.342  8.206  30.793 0.0000000000
100851  40.890  9.238  31.667 0.0000000000
101612  40.293  10.063  32.842 0.0000000000
103189  40.688  11.468  32.902 0.0000000000
103196  40.558  11.960  31.829 0.0000000000
103987  40.813  12.795  31.121 0.0000000000
103993  40.851  13.176  30.112 0.0000000000
103220  41.373  12.169  27.245 0.0000000000
102452  41.381  11.048  26.344 0.0000000000
101674  43.108  10.015  25.589 0.0000000000
100900  41.997  9.914  25.768 0.0000000000
101665  40.794  10.158  26.680 0.0000000000
99978  40.932  7.932  28.277 0.0000000000
95984  43.927  4.054  30.916 0.0000000000
99786  44.515  7.258  48.922 0.0000000000
98692  45.032  6.364  48.876 0.0000000000
104793  43.860  14.443  31.289 0.0000000000
99850  39.647  7.508  39.205 0.0000000000
99858  39.670  7.557  38.146 0.0000000000
98807  39.915  6.906  37.594 0.0000000000
98955  46.601  6.790  27.083 0.0000000000
98947  45.867  6.526  27.385 0.0000000000
97958  46.483  5.921  27.445 0.0000000000
96978  46.964  5.574  27.407 0.0000000000
104750  45.882  13.669  36.009 0.0000000000
104741  45.178  13.330  36.470 0.0000000000
98851  45.204  6.218  34.515 0.0000000000
98867  46.076  6.140  33.698 0.0000000000
98931  49.051  6.287  29.114 0.0000000000
97947  49.688  5.779  28.481 0.0000000000
102418  38.609  11.327  30.134 0.0000000000
99809  43.147  8.160  45.490 0.0000000000
100774  42.775  8.635  45.241 0.0000000000
99819  42.729  7.750  44.835 0.0000000000
99823  41.719  7.675  43.783 0.0000000000
99822  42.316  7.331  44.241 0.0000000000
95866  44.516  4.212  44.238 0.0000000000
96845  45.379  4.676  44.708 0.0000000000
96851  45.311  4.831  43.557 0.0000000000
98769  46.018  7.143  40.269 0.0000000000
98770  45.229  6.811  40.364 0.0000000000
98771  44.272  6.540  40.437 0.0000000000
106370  44.217  15.928  29.572 0.0000000000
107100  43.779  16.333  29.650 0.0000000000
107108  43.171  16.324  29.018 0.0000000000
107109  42.454  16.361  28.925 0.0000000000
102446  40.155  10.931  27.205 0.0000000000
101666  40.390  10.507  27.023 0.0000000000
103130  43.810  11.371  41.315 0.0000000000
103136  44.889  11.897  40.708 0.0000000000
102384  41.186  10.815  35.722 0.0000000000
103161  41.826  11.344  36.038 0.0000000000
98902  43.417  7.067  31.252 0.0000000000
98903  42.752  7.247  31.475 0.0000000000
99945  43.447  7.426  30.730 0.0000000000
101644  42.650  9.992  28.793 0.0000000000
101645  41.937  10.427  29.182 0.0000000000
102422  42.541  10.531  28.144 0.0000000000
98937  42.933  6.847  28.370 0.0000000000
98926  42.298  6.525  29.021 0.0000000000
105587  37.777  14.584  31.409 0.0000000000
105586  38.256  14.258  30.817 0.0000000000
103077  45.906  10.268  48.676 0.0000000000
102306  45.838  9.426  48.826 0.0000000000
100745  45.962  8.407  47.990 0.0000000000
99792  45.722  8.036  47.600 0.0000000000
99800  45.230  7.711  46.850 0.0000000000
99799  45.878  7.136  47.122 0.0000000000
105572  46.852  14.604  32.059 0.0000000000
105573  46.218  14.618  31.636 0.0000000000
105582  44.761  15.015  30.791 0.0000000000
105591  44.535  15.551  30.163 0.0000000000
105593  42.699  15.277  29.234 0.0000000000
104801  41.527  14.444  29.328 0.0000000000
104802  41.170  13.855  28.805 0.0000000000
104003  41.140  13.203  28.206 0.0000000000
102358  41.566  10.317  40.305 0.0000000000
102359  40.972  10.068  39.701 0.0000000000
101581  39.802  8.988  37.167 0.0000000000
101580  40.257  9.593  37.583 0.0000000000
101589  40.180  9.618  36.689 0.0000000000
100863  46.237  8.199  28.707 0.0000000000
99964  44.766  8.277  29.375 0.0000000000
100874  45.249  8.970  27.877 0.0000000000
100884  45.267  8.846  27.152 0.0000000000
101652  44.529  9.529  27.616 0.0000000000
100896  44.986  8.698  26.667 0.0000000000
98948  44.924  7.172  27.293 0.0000000000
98949  44.218  7.218  27.401 0.0000000000
97950  44.803  5.899  28.695 0.0000000000
96969  45.257  5.494  28.681 0.0000000000
96957  46.155  4.708  29.009 0.0000000000
96821  42.707  4.731  47.503 0.0000000000
96812  43.089  4.332  47.730 0.0000000000
95823  42.593  3.348  47.548 0.0000000000
94879  43.181  2.807  46.377 0.0000000000
94892  43.141  2.934  45.381 0.0000000000
94903  43.133  3.143  44.755 0.0000000000
104766  44.944  13.297  33.986 0.0000000000
104774  44.212  13.230  32.782 0.0000000000
103975  43.759  12.767  33.518 0.0000000000
97866  41.741  5.656  36.499 0.0000000000
98841  41.217  5.918  35.801 0.0000000000
97881  42.140  5.625  35.571 0.0000000000
98869  43.827  6.166  33.305 0.0000000000
98887  43.560  6.554  32.280 0.0000000000
97905  47.098  5.923  32.155 0.0000000000
98909  47.536  6.428  30.580 0.0000000000
98923  46.814  7.248  29.653 0.0000000000
99961  47.418  7.434  28.992 0.0000000000
97956  48.532  6.232  27.208 0.0000000000
99983  47.880  7.130  27.824 0.0000000000
98953  48.133  6.513  27.216 0.0000000000
98954  47.510  6.727  27.140 0.0000000000
97965  48.277  5.973  26.896 0.0000000000
103112  46.147  11.531  44.910 0.0000000000
103116  46.987  11.611  44.408 0.0000000000
103117  46.119  11.486  43.947 0.0000000000
103118  45.129  11.315  43.587 0.0000000000
102333  45.301  10.368  46.976 0.0000000000
103103  45.568  11.083  46.288 0.0000000000
102334  44.413  10.089  46.313 0.0000000000
101556  42.722  9.533  44.739 0.0000000000
102340  43.592  10.374  44.677 0.0000000000
102341  42.938  10.244  44.109 0.0000000000
102345  42.865  10.351  43.371 0.0000000000
101562  42.271  9.888  43.190 0.0000000000
102350  42.009  10.194  41.919 0.0000000000
101563  41.657  9.573  42.671 0.0000000000
99829  41.003  7.657  42.762 0.0000000000
100783  40.628  8.457  41.899 0.0000000000
99834  40.437  7.504  41.616 0.0000000000
99843  39.890  7.295  40.520 0.0000000000
99842  40.346  6.935  41.225 0.0000000000
96810  45.237  4.682  47.900 0.0000000000
97760  45.419  5.254  48.247 0.0000000000
96809  45.794  5.123  47.233 0.0000000000
97779  46.051  5.933  45.745 0.0000000000
98714  45.523  6.420  45.094 0.0000000000
97801  46.035  5.763  42.135 0.0000000000
97800  46.223  6.231  42.209 0.0000000000
98749  44.816  6.599  42.188 0.0000000000
98738  45.682  6.483  42.752 0.0000000000
97816  42.456  5.881  39.856 0.0000000000
97808  42.340  5.946  40.691 0.0000000000
97828  40.889  5.993  39.550 0.0000000000
97827  41.625  5.768  39.244 0.0000000000
97837  41.675  5.710  38.265 0.0000000000
98803  45.080  6.817  37.795 0.0000000000
98804  44.008  6.203  37.243 0.0000000000
98837  47.129  7.818  35.881 0.0000000000
97780  41.279  5.629  46.295 0.0000000000
96834  40.012  4.265  46.077 0.0000000000
96833  40.662  4.713  46.241 0.0000000000
96824  40.325  3.618  46.554 0.0000000000
95835  40.594  3.094  47.002 0.0000000000
95836  39.689  3.086  46.460 0.0000000000
107089  45.155  16.412  30.784 0.0000000000
107071  44.895  16.302  32.373 0.0000000000
107080  44.415  16.393  31.636 0.0000000000
107083  41.437  16.348  31.050 0.0000000000
107084  40.800  16.238  30.814 0.0000000000
106382  40.506  15.510  29.407 0.0000000000
106383  39.868  15.102  29.557 0.0000000000
105605  39.178  14.203  29.827 0.0000000000
105602  41.430  15.147  28.927 0.0000000000
105610  40.812  14.540  28.628 0.0000000000
104817  39.961  13.713  28.568 0.0000000000
103223  39.384  12.354  28.534 0.0000000000
104005  39.322  13.076  28.974 0.0000000000
103213  39.103  11.426  28.836 0.0000000000
102426  38.893  10.998  29.330 0.0000000000
102425  39.212  10.852  28.647 0.0000000000
103921  47.196  12.126  40.945 0.0000000000
103923  45.260  12.314  39.991 0.0000000000
103934  45.908  13.005  38.680 0.0000000000
103143  41.953  11.197  38.531 0.0000000000
103142  42.589  11.431  39.117 0.0000000000
103146  42.529  11.683  38.126 0.0000000000
103160  42.460  11.781  36.374 0.0000000000
103149  43.177  12.167  37.566 0.0000000000
103159  43.099  12.171  36.690 0.0000000000
103943  43.856  12.548  36.964 0.0000000000
103951  43.732  12.450  36.090 0.0000000000
103187  42.191  12.016  34.048 0.0000000000
103976  42.665  12.525  33.389 0.0000000000
99880  40.202  6.996  35.789 0.0000000000
99928  40.795  7.703  33.186 0.0000000000
99913  40.447  7.600  34.119 0.0000000000
100835  40.296  8.467  33.783 0.0000000000
101604  40.065  9.267  34.800 0.0000000000
100842  40.698  8.624  32.490 0.0000000000
99965  43.961  8.544  29.453 0.0000000000
99955  42.911  8.166  30.323 0.0000000000
100855  43.281  8.497  29.837 0.0000000000
101626  41.298  9.396  31.003 0.0000000000
101617  40.474  9.735  32.345 0.0000000000
101618  40.381  10.107  32.574 0.0000000000
102404  40.420  10.351  32.538 0.0000000000
102403  40.437  10.608  32.265 0.0000000000
102417  40.967  11.079  29.704 0.0000000000
103206  40.860  12.235  29.391 0.0000000000
102434  41.897  11.318  27.194 0.0000000000
101673  43.900  9.774  25.937 0.0000000000
102449  43.457  10.296  25.803 0.0000000000
100898  43.327  9.277  25.977 0.0000000000
99989  42.083  8.576  26.999 0.0000000000
100899  42.512  9.637  25.805 0.0000000000
100888  41.674  9.364  26.386 0.0000000000
101664  41.275  9.877  26.360 0.0000000000
100889  41.118  9.623  26.620 0.0000000000
100877  40.820  9.107  27.261 0.0000000000
98927  41.082  6.819  29.070 0.0000000000
96948  44.623  4.455  30.093 0.0000000000
95983  44.619  3.808  30.617 0.0000000000
106355  37.691  14.931  31.652 0.0000000000
106354  38.293  15.337  31.686 0.0000000000
106362  39.276  15.432  30.910 0.0000000000
101520  45.303  8.887  49.211 0.0000000000
100738  45.324  7.995  49.189 0.0000000000
99784  45.989  7.291  48.602 0.0000000000
98690  46.154  6.579  48.248 0.0000000000
104782  44.882  13.830  32.291 0.0000000000
104791  45.554  14.391  31.748 0.0000000000
105584  42.818  14.933  29.943 0.0000000000
104795  41.683  14.315  30.261 0.0000000000
101574  40.359  9.389  39.495 0.0000000000
101575  39.911  8.969  38.884 0.0000000000
100797  39.627  8.282  37.658 0.0000000000
100806  39.681  8.234  36.725 0.0000000000
99985  46.551  7.920  27.543 0.0000000000
100873  46.090  8.405  28.058 0.0000000000
99994  45.411  7.958  26.844 0.0000000000
98956  45.701  7.289  26.994 0.0000000000
98934  45.661  6.260  27.829 0.0000000000
97949  45.560  5.913  28.234 0.0000000000
97948  46.123  5.709  27.996 0.0000000000
96956  47.181  4.469  28.807 0.0000000000
95824  41.842  3.228  47.536 0.0000000000
94869  42.694  2.807  47.398 0.0000000000
94881  42.247  2.265  47.306 0.0000000000
104764  46.492  14.044  34.410 0.0000000000
104758  45.794  13.612  35.054 0.0000000000
104759  44.985  13.270  34.803 0.0000000000
97879  43.821  5.832  35.480 0.0000000000
97889  43.440  5.774  34.884 0.0000000000
98885  45.819  6.115  32.548 0.0000000000
98932  48.248  6.913  28.692 0.0000000000
98933  47.711  7.274  28.890 0.0000000000
101552  43.709  9.481  46.066 0.0000000000
101553  43.089  9.227  45.501 0.0000000000
101557  42.098  9.228  44.203 0.0000000000
100780  41.438  8.936  43.352 0.0000000000
100777  41.711  8.623  43.977 0.0000000000
99824  41.201  8.047  43.275 0.0000000000
98752  41.460  6.855  42.757 0.0000000000
95845  44.656  3.935  46.384 0.0000000000
96832  45.383  4.562  45.818 0.0000000000
96831  45.947  5.264  45.211 0.0000000000
98747  46.017  6.488  41.628 0.0000000000
98737  46.002  6.473  42.224 0.0000000000
98761  43.966  6.417  41.426 0.0000000000
98783  43.530  6.263  39.424 0.0000000000
98794  43.322  6.041  38.230 0.0000000000
99878  47.067  7.596  37.404 0.0000000000
99895  48.088  8.003  36.214 0.0000000000
106368  45.901  15.895  30.494 0.0000000000
107098  45.501  16.112  30.425 0.0000000000
107090  44.165  16.405  30.599 0.0000000000
107091  43.165  16.518  30.403 0.0000000000
107093  41.428  16.403  30.198 0.0000000000
107102  42.026  16.474  29.516 0.0000000000
107111  41.387  16.124  29.108 0.0000000000
107120  41.738  16.368  29.084 0.0000000000
104816  40.579  13.789  28.361 0.0000000000
104021  39.861  12.190  27.756 0.0000000000
102435  39.602  10.867  27.863 0.0000000000
100878  40.221  9.252  27.720 0.0000000000
103128  45.868  11.674  42.097 0.0000000000
103135  45.937  11.920  41.246 0.0000000000
103140  44.483  12.126  39.975 0.0000000000
102368  41.300  10.728  37.435 0.0000000000
103151  41.843  11.293  36.899 0.0000000000
103170  42.562  11.869  35.467 0.0000000000
98871  41.476  6.937  33.259 0.0000000000
98889  41.688  7.241  32.524 0.0000000000
99927  41.315  7.474  32.689 0.0000000000
99939  41.664  7.666  31.996 0.0000000000
100856  42.416  8.962  30.154 0.0000000000
100867  42.697  9.417  29.478 0.0000000000
101633  42.354  9.586  29.638 0.0000000000
101635  40.894  10.482  30.480 0.0000000000
102424  41.269  11.685  28.956 0.0000000000
102443  42.346  10.783  26.413 0.0000000000
99988  42.764  8.173  27.181 0.0000000000
99977  41.921  7.872  27.783 0.0000000000
98938  42.052  7.114  28.401 0.0000000000
103994  38.254  12.661  30.914 0.0000000000
102319  45.790  9.912  47.701 0.0000000000
101527  46.004  8.961  48.451 0.0000000000
101528  45.862  9.205  47.930 0.0000000000
101541  45.261  9.376  47.428 0.0000000000
100753  44.802  8.638  47.018 0.0000000000
99808  43.896  7.744  45.932 0.0000000000
98716  43.822  7.232  45.401 0.0000000000
96859  44.936  4.709  42.482 0.0000000000
96866  45.403  5.213  41.855 0.0000000000
97807  45.829  5.613  41.241 0.0000000000
98758  46.161  6.592  40.857 0.0000000000
98768  46.340  6.763  40.111 0.0000000000
98780  46.025  7.314  39.604 0.0000000000
98791  45.869  7.300  39.013 0.0000000000
105580  46.794  15.070  31.264 0.0000000000
106360  45.822  15.578  30.528 0.0000000000
106371  43.608  15.843  28.902 0.0000000000
106379  42.920  16.072  28.530 0.0000000000
105600  43.110  15.654  28.871 0.0000000000
104806  41.306  14.492  28.823 0.0000000000
104012  40.860  12.966  27.571 0.0000000000
104019  40.785  12.297  26.984 0.0000000000
102357  42.398  10.802  40.607 0.0000000000
102362  41.610  10.712  39.260 0.0000000000
102365  41.372  10.710  38.313 0.0000000000
101577  40.317  9.550  38.485 0.0000000000
102366  40.797  10.148  37.968 0.0000000000
102378  40.629  10.236  36.201 0.0000000000
102385  40.579  10.228  35.308 0.0000000000
99953  44.974  7.630  29.951 0.0000000000
100865  44.539  9.022  28.709 0.0000000000
101642  44.461  9.374  28.213 0.0000000000
101653  43.557  10.202  27.588 0.0000000000
101663  43.660  10.347  26.870 0.0000000000
101662  44.175  10.060  26.631 0.0000000000
100897  44.203  8.824  26.321 0.0000000000
99995  44.765  7.982  26.752 0.0000000000
100885  44.100  8.095  26.773 0.0000000000
99987  43.621  7.575  27.325 0.0000000000
98936  44.033  6.731  28.208 0.0000000000
97938  44.359  5.556  29.216 0.0000000000
98698  43.303  6.279  48.020 0.0000000000
97752  44.653  5.560  48.524 0.0000000000
97761  43.791  5.366  48.193 0.0000000000
96811  44.378  4.704  48.185 0.0000000000
95832  44.574  3.982  47.332 0.0000000000
94868  43.214  2.912  47.113 0.0000000000
95833  43.862  3.410  46.842 0.0000000000
104780  46.365  14.242  32.827 0.0000000000
104772  45.694  13.741  33.326 0.0000000000
103985  42.739  13.102  32.549 0.0000000000
97850  40.960  5.864  37.644 0.0000000000
98824  40.437  6.388  36.668 0.0000000000
98823  41.049  5.848  36.455 0.0000000000
98854  41.741  6.066  34.493 0.0000000000
98853  43.056  5.915  34.158 0.0000000000
98884  46.909  6.005  32.737 0.0000000000
98900  45.575  6.478  31.445 0.0000000000
98911  45.273  6.995  30.537 0.0000000000
99973  47.575  7.417  28.420 0.0000000000
99984  47.342  7.399  27.626 0.0000000000
97966  47.393  6.069  26.968 0.0000000000
97957  47.032  5.807  27.142 0.0000000000
96977  47.602  5.340  27.254 0.0000000000
96976  48.347  4.668  27.273 0.0000000000
103127  46.835  11.824  42.427 0.0000000000
103124  44.075  11.279  42.104 0.0000000000
103102  46.255  11.259  46.952 0.0000000000
103108  45.392  11.213  45.431 0.0000000000
102337  43.997  10.266  45.591 0.0000000000
102339  44.546  10.812  45.037 0.0000000000
102343  44.380  10.934  44.138 0.0000000000
102347  44.290  11.063  43.375 0.0000000000
102348  43.639  10.885  42.819 0.0000000000
102353  42.715  10.769  41.480 0.0000000000
101570  41.294  9.814  41.007 0.0000000000
101567  40.871  9.269  41.387 0.0000000000
101564  41.063  9.157  42.125 0.0000000000
100790  40.225  8.876  40.277 0.0000000000
100787  40.008  8.228  40.666 0.0000000000
98796  39.913  6.865  38.596 0.0000000000
97751  45.384  5.665  48.555 0.0000000000
97750  45.889  6.070  48.459 0.0000000000
98696  46.126  6.568  47.419 0.0000000000
97769  46.062  5.847  46.867 0.0000000000
98715  44.599  6.984  45.579 0.0000000000
96850  45.822  5.444  43.427 0.0000000000
97795  46.100  6.300  42.586 0.0000000000
98729  45.614  6.394  43.874 0.0000000000
98731  43.430  6.963  44.718 0.0000000000
98741  42.337  6.862  43.792 0.0000000000
98763  41.592  6.315  41.697 0.0000000000
98762  42.739  6.142  41.548 0.0000000000
98774  40.692  6.422  40.788 0.0000000000
97818  40.826  6.120  40.150 0.0000000000
98795  40.389  6.357  39.044 0.0000000000
97849  41.714  5.666  37.383 0.0000000000
97848  42.474  5.649  37.081 0.0000000000
97847  43.175  5.734  36.890 0.0000000000
97864  43.543  5.779  36.269 0.0000000000
98850  46.235  6.804  34.786 0.0000000000
98802  45.799  7.273  38.215 0.0000000000
98820  45.877  7.308  37.279 0.0000000000
99897  46.584  7.626  37.041 0.0000000000
98705  42.802  5.801  47.531 0.0000000000
97770  42.514  5.251  47.248 0.0000000000
96822  42.106  4.210  47.248 0.0000000000
97772  41.065  5.019  46.332 0.0000000000
95834  41.334  3.488  47.210 0.0000000000
95825  41.170  2.931  47.421 0.0000000000
95837  38.906  2.965  46.159 0.0000000000
94884  38.774  2.189  46.461 0.0000000000
94883  39.913  2.215  46.990 0.0000000000
106349  43.411  16.070  32.341 0.0000000000
106352  40.394  15.949  31.722 0.0000000000
107094  40.743  16.179  30.155 0.0000000000
106372  40.153  15.701  30.147 0.0000000000
106374  39.008  14.852  30.426 0.0000000000
103999  38.688  13.031  29.936 0.0000000000
106380  42.065  15.903  28.686 0.0000000000
106381  41.411  15.794  28.926 0.0000000000
105611  40.292  14.284  28.759 0.0000000000
104808  39.637  13.757  28.975 0.0000000000
103933  46.771  12.928  39.185 0.0000000000
103941  45.527  13.167  37.866 0.0000000000
103138  42.937  11.372  40.046 0.0000000000
103141  43.694  11.999  39.440 0.0000000000
103931  44.131  12.390  38.672 0.0000000000
103942  44.777  13.034  37.278 0.0000000000
103958  44.342  12.812  35.440 0.0000000000
103966  44.292  12.822  34.608 0.0000000000
103960  43.019  12.155  34.780 0.0000000000
103967  43.655  12.515  34.364 0.0000000000
98825  39.876  7.000  36.945 0.0000000000
99881  39.893  7.391  36.372 0.0000000000
100817  39.876  8.226  35.726 0.0000000000
100825  40.096  8.194  34.847 0.0000000000
101605  39.917  8.991  35.171 0.0000000000
102392  40.551  10.506  34.285 0.0000000000
99946  42.866  7.604  30.917 0.0000000000
99947  42.119  7.872  31.311 0.0000000000
100850  41.538  8.562  31.329 0.0000000000
102398  40.397  10.553  33.179 0.0000000000
103180  40.835  11.229  33.697 0.0000000000
103195  41.186  12.240  32.664 0.0000000000
103986  41.586  13.060  31.972 0.0000000000
103992  41.251  13.536  31.011 0.0000000000
103998  40.863  13.116  29.001 0.0000000000
103212  41.289  12.287  28.274 0.0000000000
103221  41.263  12.756  27.722 0.0000000000
103236  40.978  11.364  26.535 0.0000000000
102442  43.319  10.431  26.403 0.0000000000
102450  42.790  10.488  25.831 0.0000000000
101675  42.352  10.271  25.662 0.0000000000
102451  42.027  10.849  25.895 0.0000000000
101677  41.215  10.665  26.339 0.0000000000
102445  40.596  10.911  26.757 0.0000000000
101655  40.430  9.619  27.271 0.0000000000
99979  40.317  8.608  28.179 0.0000000000
93931  42.183  2.000  47.112 0.0000000000
94870  42.021  2.563  47.527 0.0000000000
95821  44.496  4.148  47.899 0.0000000000
96801  45.092  5.071  48.356 0.0000000000
97809  41.870  6.010  41.077 0.0000000000
97865  42.681  5.601  36.314 0.0000000000
97888  43.954  5.917  34.960 0.0000000000
97915  47.342  5.927  31.970 0.0000000000
98697  44.223  6.260  48.530 0.0000000000
98704  45.099  7.206  46.249 0.0000000000
98717  41.688  5.959  46.506 0.0000000000
98732  42.656  7.173  44.445 0.0000000000
98753  40.841  7.142  42.280 0.0000000000
98773  41.370  6.132  40.986 0.0000000000
98784  40.458  6.369  39.894 0.0000000000
98785  39.970  6.777  39.589 0.0000000000
98805  43.101  5.813  37.479 0.0000000000
98913  43.721  7.342  30.661 0.0000000000
98946  46.455  6.362  27.234 0.0000000000
99785  45.488  7.189  49.036 0.0000000000
99801  44.494  8.181  46.576 0.0000000000
99820  42.049  8.139  44.342 0.0000000000
99828  41.435  7.297  43.201 0.0000000000
99835  40.087  7.784  41.038 0.0000000000
99849  46.303  7.154  39.773 0.0000000000
99899  40.059  7.552  35.648 0.0000000000
99940  41.097  7.908  32.481 0.0000000000
99951  46.517  7.311  29.714 0.0000000000
99972  48.068  7.083  28.125 0.0000000000
100737  45.801  7.839  48.906 0.0000000000
100764  44.018  8.652  46.498 0.0000000000
100778  41.383  8.362  43.475 0.0000000000
100786  40.405  8.766  41.009 0.0000000000
100794  39.632  8.306  38.615 0.0000000000
100816  40.067  7.823  35.313 0.0000000000
101519  45.819  8.553  48.922 0.0000000000
101560  41.859  9.375  43.570 0.0000000000
101598  39.887  8.968  35.493 0.0000000000
101651  44.996  9.191  27.351 0.0000000000
101676  41.605  10.325  26.064 0.0000000000
102352  43.335  10.993  42.051 0.0000000000
102399  40.378  10.319  32.767 0.0000000000
102416  41.579  10.633  29.357 0.0000000000
102432  43.343  10.404  27.013 0.0000000000
102453  40.950  10.939  26.469 0.0000000000
103229  41.108  11.817  26.681 0.0000000000
103237  40.784  11.228  26.613 0.0000000000
104014  39.353  12.611  28.670 0.0000000000
105596  39.033  14.571  30.198 0.0000000000
105612  39.886  14.097  28.876 0.0000000000
106373  39.431  15.106  30.041 0.0000000000
106387  42.278  16.192  28.705 0.0000000000
106388  41.900  16.175  28.770 0.0000000000
106389  41.687  16.224  28.916 0.0000000000
107103  41.365  16.320  29.527 0.0000000000
107110  41.845  16.373  29.024 0.0000000000
107112  40.925  15.909  29.316 0.0000000000
107119  41.867  16.271  28.865 0.0000000000
