#!ascii label  , from subject sub-1633992 vox2ras=TkReg
674
110314  42.335  22.048  39.051 0.0000000000
114544  44.724  27.328  42.380 0.0000000000
108405  49.608  18.944  37.808 0.0000000000
107714  39.242  18.089  39.034 0.0000000000
106290  42.232  15.827  37.187 0.0000000000
114601  43.807  27.281  37.460 0.0000000000
114563  41.314  27.509  41.762 0.0000000000
116649  44.866  30.831  37.915 0.0000000000
106271  49.789  15.283  38.343 0.0000000000
106331  48.359  15.545  32.705 0.0000000000
113165  44.399  24.717  41.406 0.0000000000
109684  45.827  20.103  38.347 0.0000000000
111008  47.800  21.986  42.811 0.0000000000
108360  46.987  19.264  41.973 0.0000000000
118493  46.420  32.877  35.752 0.0000000000
114590  47.635  27.611  38.989 0.0000000000
107063  46.100  16.182  33.845 0.0000000000
109688  41.187  20.715  38.443 0.0000000000
107028  41.294  17.174  38.281 0.0000000000
108397  42.756  18.847  37.918 0.0000000000
113175  41.954  24.740  39.254 0.0000000000
111711  40.618  23.508  38.698 0.0000000000
116643  40.829  30.227  38.946 0.0000000000
105478  48.885  14.248  39.991 0.0000000000
105504  49.186  14.265  37.685 0.0000000000
104722  48.327  12.880  39.610 0.0000000000
116047  46.397  29.274  33.616 0.0000000000
113851  44.932  26.211  41.953 0.0000000000
111699  45.773  23.418  42.505 0.0000000000
112416  45.567  24.459  43.457 0.0000000000
110271  42.050  21.300  44.170 0.0000000000
109628  45.040  20.639  44.190 0.0000000000
108345  44.421  18.799  43.382 0.0000000000
107694  45.139  17.613  40.448 0.0000000000
115323  44.700  28.807  40.997 0.0000000000
116009  46.663  29.292  38.353 0.0000000000
115304  46.659  28.031  41.242 0.0000000000
113857  45.473  27.037  40.414 0.0000000000
109050  48.583  19.981  38.300 0.0000000000
108421  46.314  18.182  36.955 0.0000000000
107753  48.201  17.469  35.513 0.0000000000
105525  40.196  14.394  36.663 0.0000000000
105553  41.804  14.766  34.844 0.0000000000
113902  46.253  26.604  35.591 0.0000000000
113905  42.803  26.838  35.464 0.0000000000
114561  43.354  27.790  42.210 0.0000000000
113143  44.313  25.383  43.616 0.0000000000
119050  42.604  34.863  41.087 0.0000000000
119057  45.137  34.337  40.117 0.0000000000
115999  42.312  29.502  39.398 0.0000000000
107721  50.151  17.491  38.208 0.0000000000
107751  50.011  17.145  35.119 0.0000000000
106297  49.598  15.293  35.999 0.0000000000
105536  47.244  14.571  34.707 0.0000000000
111705  42.811  23.455  40.417 0.0000000000
109666  44.018  20.793  38.961 0.0000000000
110306  44.630  21.558  40.683 0.0000000000
110304  46.770  21.115  40.934 0.0000000000
110309  49.682  20.858  40.475 0.0000000000
110983  45.290  22.723  44.041 0.0000000000
109642  48.384  20.357  43.819 0.0000000000
108366  49.607  19.103  40.350 0.0000000000
107709  48.117  17.782  39.464 0.0000000000
106255  46.693  15.653  39.404 0.0000000000
117280  44.258  31.654  35.229 0.0000000000
116680  47.112  29.960  35.094 0.0000000000
116018  47.356  29.713  37.318 0.0000000000
114606  48.397  27.530  36.982 0.0000000000
113868  46.650  27.029  38.394 0.0000000000
113864  43.812  25.974  39.967 0.0000000000
108411  44.030  18.699  37.438 0.0000000000
106299  44.148  16.080  36.208 0.0000000000
106334  43.490  15.706  33.303 0.0000000000
107068  47.832  16.718  32.979 0.0000000000
110325  41.570  21.800  38.611 0.0000000000
109055  41.794  19.762  38.341 0.0000000000
109687  42.279  20.592  38.384 0.0000000000
111708  41.783  23.627  39.392 0.0000000000
111709  41.271  23.627  38.997 0.0000000000
111035  41.229  22.866  38.846 0.0000000000
110326  40.437  21.543  38.589 0.0000000000
105468  49.254  13.378  41.014 0.0000000000
104721  49.091  12.884  40.100 0.0000000000
103926  49.062  12.581  40.910 0.0000000000
106323  39.444  15.305  33.603 0.0000000000
113835  44.928  26.496  42.515 0.0000000000
113153  45.105  25.574  42.635 0.0000000000
113142  45.004  25.581  43.280 0.0000000000
108996  42.020  19.514  44.303 0.0000000000
108995  43.227  19.345  44.198 0.0000000000
115298  44.804  28.026  42.235 0.0000000000
115322  45.950  28.645  40.769 0.0000000000
115297  45.458  27.858  42.121 0.0000000000
114542  45.658  27.477  41.837 0.0000000000
109063  48.967  19.509  38.004 0.0000000000
108419  48.244  18.319  36.812 0.0000000000
108418  49.209  18.367  36.796 0.0000000000
107010  39.132  17.191  39.210 0.0000000000
107030  39.629  16.576  38.899 0.0000000000
107038  41.989  16.868  37.843 0.0000000000
106291  41.053  15.988  37.967 0.0000000000
105507  41.552  15.380  37.260 0.0000000000
105540  41.000  14.475  35.705 0.0000000000
105539  42.057  14.722  35.879 0.0000000000
114609  44.907  27.390  36.774 0.0000000000
113903  44.936  26.858  35.245 0.0000000000
114622  43.488  27.244  36.160 0.0000000000
109037  39.184  19.335  39.043 0.0000000000
108388  38.710  18.663  39.229 0.0000000000
114562  42.327  27.689  41.998 0.0000000000
114546  42.803  27.095  42.440 0.0000000000
114547  41.820  26.992  42.236 0.0000000000
115985  40.810  29.113  39.948 0.0000000000
116000  41.350  29.703  39.214 0.0000000000
115984  41.838  29.221  40.107 0.0000000000
115308  42.910  28.332  41.620 0.0000000000
107023  50.195  16.341  38.027 0.0000000000
106304  50.612  15.853  36.418 0.0000000000
106288  50.230  15.140  37.635 0.0000000000
104739  47.040  13.686  37.493 0.0000000000
105520  48.115  14.599  36.301 0.0000000000
104750  45.882  13.669  36.009 0.0000000000
111703  43.463  23.379  41.042 0.0000000000
111020  43.991  22.133  40.804 0.0000000000
111702  44.292  23.358  41.594 0.0000000000
111010  46.316  22.881  42.722 0.0000000000
110298  46.228  21.687  41.601 0.0000000000
110297  47.233  21.569  41.768 0.0000000000
109651  48.436  20.872  40.167 0.0000000000
110295  49.266  21.402  42.055 0.0000000000
112424  43.462  24.655  43.749 0.0000000000
111681  44.869  23.808  44.004 0.0000000000
110984  44.197  22.896  44.081 0.0000000000
109008  46.207  19.460  43.410 0.0000000000
108991  47.189  20.044  44.044 0.0000000000
109015  48.307  19.606  42.871 0.0000000000
109019  49.617  19.914  42.172 0.0000000000
109026  48.241  19.312  41.483 0.0000000000
108384  48.643  18.478  39.997 0.0000000000
108385  47.544  18.303  40.168 0.0000000000
107009  44.776  16.539  40.036 0.0000000000
107007  46.318  16.661  39.448 0.0000000000
117869  45.170  32.393  35.222 0.0000000000
117291  46.309  30.910  34.715 0.0000000000
117277  46.685  31.500  35.339 0.0000000000
117835  45.219  33.057  38.984 0.0000000000
118455  45.926  33.517  39.120 0.0000000000
117268  45.656  31.650  38.062 0.0000000000
115344  47.068  28.821  38.908 0.0000000000
116019  46.815  29.858  37.718 0.0000000000
115349  47.932  28.623  37.962 0.0000000000
115354  47.877  28.491  37.070 0.0000000000
114596  48.382  27.603  38.136 0.0000000000
113876  47.808  26.670  37.409 0.0000000000
114591  47.059  27.294  38.960 0.0000000000
113858  44.718  26.252  40.910 0.0000000000
113863  44.721  26.690  39.765 0.0000000000
113169  43.822  25.092  40.647 0.0000000000
113170  43.076  24.665  40.303 0.0000000000
109685  44.578  20.297  38.451 0.0000000000
109068  44.057  19.566  37.759 0.0000000000
109067  45.144  19.415  37.599 0.0000000000
107044  46.321  17.000  35.952 0.0000000000
107045  44.943  16.737  36.452 0.0000000000
106308  45.404  16.100  35.168 0.0000000000
106319  43.599  15.377  34.485 0.0000000000
106333  44.550  15.917  33.392 0.0000000000
106329  49.496  16.126  33.654 0.0000000000
107066  49.283  16.581  33.468 0.0000000000
106346  48.874  16.028  32.462 0.0000000000
108400  40.022  18.744  38.750 0.0000000000
107729  39.908  17.508  38.826 0.0000000000
108399  41.249  18.830  38.478 0.0000000000
107727  41.793  17.916  38.209 0.0000000000
107736  42.328  17.629  37.913 0.0000000000
113872  42.790  25.992  38.991 0.0000000000
109689  40.253  20.627  38.604 0.0000000000
105489  49.181  14.701  39.139 0.0000000000
105503  49.687  14.438  38.294 0.0000000000
104736  49.539  13.755  39.046 0.0000000000
104727  48.301  13.290  38.825 0.0000000000
113164  44.759  25.335  41.684 0.0000000000
112443  44.956  24.220  41.922 0.0000000000
112436  45.376  24.802  42.613 0.0000000000
111687  46.082  23.643  43.027 0.0000000000
110996  46.453  22.885  43.227 0.0000000000
110285  42.599  22.164  44.067 0.0000000000
110269  44.398  21.701  44.118 0.0000000000
109629  43.812  20.498  44.207 0.0000000000
109009  45.027  19.273  43.759 0.0000000000
108344  45.458  19.082  43.234 0.0000000000
108369  46.607  18.559  40.893 0.0000000000
108362  44.583  18.316  41.711 0.0000000000
107687  43.948  17.773  41.167 0.0000000000
106996  43.183  16.384  40.679 0.0000000000
119087  45.878  34.334  36.848 0.0000000000
115997  44.404  29.320  39.172 0.0000000000
116021  45.670  29.931  37.904 0.0000000000
115996  45.466  29.121  39.072 0.0000000000
115337  46.858  28.561  39.794 0.0000000000
115320  47.153  27.947  40.425 0.0000000000
114583  46.856  27.515  39.835 0.0000000000
114577  46.216  27.440  40.677 0.0000000000
113850  45.403  27.091  41.519 0.0000000000
109683  47.163  20.323  38.572 0.0000000000
109066  46.090  19.529  37.659 0.0000000000
109065  47.150  19.430  37.745 0.0000000000
108420  47.281  18.215  36.878 0.0000000000
107054  47.328  16.987  35.272 0.0000000000
105572  46.852  14.604  32.059 0.0000000000
105579  47.389  15.252  31.715 0.0000000000
105509  39.364  14.542  37.550 0.0000000000
106276  40.166  15.812  38.357 0.0000000000
105508  40.444  15.166  37.719 0.0000000000
105526  39.033  14.176  36.461 0.0000000000
105541  39.873  14.375  35.525 0.0000000000
105554  40.735  14.667  34.633 0.0000000000
106322  40.540  15.206  33.709 0.0000000000
113923  45.412  26.158  34.438 0.0000000000
113924  44.204  26.334  34.440 0.0000000000
114560  44.187  27.773  42.323 0.0000000000
113836  44.268  26.628  42.900 0.0000000000
113837  43.242  26.423  42.890 0.0000000000
113144  42.975  25.502  43.284 0.0000000000
112425  42.394  24.579  43.418 0.0000000000
110998  42.176  22.953  43.877 0.0000000000
110286  41.608  22.150  44.061 0.0000000000
119049  43.816  34.999  40.850 0.0000000000
118444  43.846  33.530  39.662 0.0000000000
117256  43.441  31.869  38.278 0.0000000000
116012  43.663  29.883  38.471 0.0000000000
115982  44.003  29.152  40.168 0.0000000000
115307  44.123  28.340  41.810 0.0000000000
108404  50.219  18.059  37.836 0.0000000000
108417  50.052  18.050  36.941 0.0000000000
107740  50.487  17.206  36.316 0.0000000000
106314  49.819  15.976  34.546 0.0000000000
106307  48.619  15.382  34.311 0.0000000000
105519  49.266  14.734  36.722 0.0000000000
105535  48.142  15.081  35.140 0.0000000000
105549  47.883  15.055  34.070 0.0000000000
111025  42.667  22.329  39.606 0.0000000000
110324  42.670  21.236  38.670 0.0000000000
110313  43.247  21.474  39.334 0.0000000000
110312  44.265  21.106  39.783 0.0000000000
109654  45.492  20.784  40.102 0.0000000000
110299  45.354  21.835  41.379 0.0000000000
110305  45.643  21.149  40.759 0.0000000000
109664  46.595  20.546  39.274 0.0000000000
109663  47.803  20.595  39.359 0.0000000000
109662  48.827  20.665  39.413 0.0000000000
109048  49.740  19.708  38.749 0.0000000000
113134  44.888  25.213  43.646 0.0000000000
111680  45.801  23.701  43.615 0.0000000000
110995  47.183  22.204  43.279 0.0000000000
110268  45.717  21.582  44.144 0.0000000000
110266  47.628  21.195  44.023 0.0000000000
110994  48.017  21.817  43.380 0.0000000000
110294  49.739  20.867  42.268 0.0000000000
109650  50.014  20.327  40.598 0.0000000000
108396  49.996  18.908  38.724 0.0000000000
108382  49.944  18.339  39.035 0.0000000000
107722  49.549  17.190  38.513 0.0000000000
107024  49.234  16.225  38.472 0.0000000000
108386  46.728  18.048  40.087 0.0000000000
107027  47.117  16.791  39.194 0.0000000000
106272  48.701  15.398  38.876 0.0000000000
106253  48.529  14.747  39.425 0.0000000000
116683  45.191  30.229  34.603 0.0000000000
116034  46.541  29.777  34.241 0.0000000000
115366  47.508  28.363  35.167 0.0000000000
116659  46.486  30.799  37.766 0.0000000000
117866  47.203  32.115  36.449 0.0000000000
116025  47.477  29.541  36.373 0.0000000000
115359  47.662  28.464  36.152 0.0000000000
113899  48.577  26.967  36.052 0.0000000000
113887  48.092  26.452  36.449 0.0000000000
113877  46.960  26.745  37.533 0.0000000000
113879  45.121  27.186  38.012 0.0000000000
113861  46.395  27.217  39.219 0.0000000000
113870  44.903  26.913  38.806 0.0000000000
113871  43.929  26.533  38.879 0.0000000000
113865  43.175  25.616  39.630 0.0000000000
112447  42.631  24.239  40.147 0.0000000000
109053  43.525  19.833  38.022 0.0000000000
108412  43.248  18.580  37.686 0.0000000000
107734  43.838  17.853  37.350 0.0000000000
108422  45.433  18.181  37.030 0.0000000000
107035  44.344  17.348  37.090 0.0000000000
107047  43.196  16.139  36.826 0.0000000000
105551  43.281  15.198  35.401 0.0000000000
106320  42.639  15.203  34.078 0.0000000000
107752  49.144  17.399  35.091 0.0000000000
107061  48.147  16.943  34.009 0.0000000000
107069  46.832  16.524  32.800 0.0000000000
107087  46.807  16.095  31.285 0.0000000000
107070  45.707  16.272  32.755 0.0000000000
103921  47.196  12.126  40.945 0.0000000000
103929  46.019  12.578  39.556 0.0000000000
111026  42.097  22.850  39.445 0.0000000000
111027  41.599  23.093  39.154 0.0000000000
110315  41.755  22.529  39.002 0.0000000000
104720  49.430  13.096  40.718 0.0000000000
113824  44.911  26.037  43.040 0.0000000000
114543  45.334  27.395  42.109 0.0000000000
109062  49.427  19.547  38.273 0.0000000000
108406  48.646  18.930  37.435 0.0000000000
105523  42.270  15.289  36.700 0.0000000000
106301  42.499  15.599  36.841 0.0000000000
114600  44.558  27.340  37.446 0.0000000000
114610  44.069  27.429  36.816 0.0000000000
114611  43.347  27.321  36.975 0.0000000000
108387  39.282  18.699  38.990 0.0000000000
107715  38.476  17.791  39.398 0.0000000000
115309  41.814  28.233  41.437 0.0000000000
115326  41.314  28.647  40.698 0.0000000000
106270  50.245  15.729  38.040 0.0000000000
106287  50.424  15.706  37.794 0.0000000000
104749  46.890  14.139  36.452 0.0000000000
112444  44.033  24.168  41.236 0.0000000000
111009  46.960  22.335  42.847 0.0000000000
111013  47.406  21.911  42.410 0.0000000000
110296  48.250  21.590  42.009 0.0000000000
111682  43.842  23.815  43.936 0.0000000000
109017  46.478  19.335  43.023 0.0000000000
109016  47.081  19.421  42.773 0.0000000000
109021  47.941  19.420  41.976 0.0000000000
108359  47.630  19.297  41.684 0.0000000000
108368  47.945  19.111  41.074 0.0000000000
106995  44.133  16.479  40.316 0.0000000000
118481  45.533  33.962  36.055 0.0000000000
118495  44.865  33.422  35.599 0.0000000000
118494  45.874  33.201  35.536 0.0000000000
117868  46.224  32.388  35.283 0.0000000000
117867  46.812  32.376  35.942 0.0000000000
117255  44.844  31.845  38.126 0.0000000000
115343  47.725  28.269  38.837 0.0000000000
115342  48.243  27.979  38.457 0.0000000000
115348  48.271  28.118  38.277 0.0000000000
114589  48.075  27.849  38.615 0.0000000000
114597  48.094  27.053  38.112 0.0000000000
113168  44.417  25.607  40.974 0.0000000000
109665  45.216  20.584  39.385 0.0000000000
109700  44.850  19.821  38.002 0.0000000000
109699  45.452  19.711  37.861 0.0000000000
107055  45.919  16.309  35.236 0.0000000000
106317  45.395  15.979  34.708 0.0000000000
106332  45.296  15.955  33.831 0.0000000000
106330  49.111  15.742  33.095 0.0000000000
109056  40.734  19.784  38.556 0.0000000000
108398  42.216  18.883  38.178 0.0000000000
107726  42.563  18.240  37.939 0.0000000000
113178  42.244  25.521  38.992 0.0000000000
113873  42.052  25.733  38.673 0.0000000000
112452  40.879  24.304  38.687 0.0000000000
105488  49.524  14.187  39.281 0.0000000000
104726  49.065  13.313  39.323 0.0000000000
104723  47.573  13.016  39.213 0.0000000000
104728  47.161  13.315  38.477 0.0000000000
116048  45.533  29.063  33.634 0.0000000000
115379  45.230  28.430  33.088 0.0000000000
112423  45.453  24.964  43.229 0.0000000000
112422  45.769  24.351  43.172 0.0000000000
110270  43.154  21.366  44.127 0.0000000000
109010  43.988  19.030  43.984 0.0000000000
108994  44.462  19.709  44.189 0.0000000000
108354  45.035  18.694  42.653 0.0000000000
108363  43.627  18.049  41.796 0.0000000000
107688  43.194  17.451  41.484 0.0000000000
107696  43.569  17.065  40.853 0.0000000000
106990  42.770  16.812  41.143 0.0000000000
115981  45.117  28.966  40.036 0.0000000000
115305  46.204  28.135  41.594 0.0000000000
115321  46.864  28.193  40.746 0.0000000000
114576  46.847  27.820  40.715 0.0000000000
114558  46.660  27.861  41.169 0.0000000000
109051  47.675  19.938  38.163 0.0000000000
107743  47.850  17.734  36.265 0.0000000000
107754  47.585  17.409  35.820 0.0000000000
105510  38.198  14.370  37.362 0.0000000000
105491  39.598  15.200  38.265 0.0000000000
107728  40.809  17.807  38.510 0.0000000000
107029  40.599  16.690  38.459 0.0000000000
106321  41.611  15.204  33.876 0.0000000000
113901  47.507  25.928  35.319 0.0000000000
113904  43.810  26.918  35.263 0.0000000000
113925  43.116  26.330  34.590 0.0000000000
113926  42.139  26.237  34.788 0.0000000000
114545  43.792  27.186  42.555 0.0000000000
113154  42.570  25.989  42.901 0.0000000000
111689  41.761  23.709  43.461 0.0000000000
118458  43.176  33.268  39.387 0.0000000000
118457  43.453  33.125  39.214 0.0000000000
117836  44.035  32.848  38.874 0.0000000000
116013  42.601  29.876  38.728 0.0000000000
116651  42.903  30.746  38.307 0.0000000000
115998  43.301  29.433  39.335 0.0000000000
115324  43.511  28.811  40.992 0.0000000000
108416  50.416  17.601  37.116 0.0000000000
107732  50.593  17.060  37.406 0.0000000000
106305  50.195  15.733  35.616 0.0000000000
106306  49.219  15.538  35.057 0.0000000000
105518  49.841  14.695  37.409 0.0000000000
105505  48.526  14.336  37.177 0.0000000000
105521  47.359  14.545  35.595 0.0000000000
105550  47.142  14.549  33.766 0.0000000000
104764  46.492  14.044  34.410 0.0000000000
111022  42.596  22.927  39.924 0.0000000000
111021  43.250  22.479  40.327 0.0000000000
110307  43.827  21.709  40.186 0.0000000000
110311  44.991  20.923  40.173 0.0000000000
112442  45.439  23.795  42.278 0.0000000000
111701  45.152  23.306  42.025 0.0000000000
111015  45.734  22.534  42.075 0.0000000000
109653  46.179  20.738  40.106 0.0000000000
109652  47.317  20.776  40.148 0.0000000000
110302  49.043  21.252  40.983 0.0000000000
110310  49.259  20.969  40.052 0.0000000000
109661  49.694  20.454  39.529 0.0000000000
113826  43.914  26.080  43.341 0.0000000000
110982  46.416  22.358  43.740 0.0000000000
109627  46.195  20.627  44.155 0.0000000000
109643  47.829  20.318  44.002 0.0000000000
109626  47.259  20.477  44.120 0.0000000000
109625  48.031  20.777  44.035 0.0000000000
110980  47.995  21.451  43.742 0.0000000000
110283  48.711  21.198  43.661 0.0000000000
110291  49.368  21.251  42.889 0.0000000000
110282  49.355  20.857  43.264 0.0000000000
109024  49.638  19.545  40.913 0.0000000000
109036  49.991  19.631  39.685 0.0000000000
108395  50.013  18.261  38.687 0.0000000000
108383  49.687  18.725  39.590 0.0000000000
107708  49.101  17.908  39.146 0.0000000000
107723  48.525  17.047  38.807 0.0000000000
108370  45.434  18.217  40.994 0.0000000000
107693  45.956  17.931  40.275 0.0000000000
106274  47.102  16.293  39.175 0.0000000000
106273  47.717  15.838  39.022 0.0000000000
117871  42.577  32.374  35.750 0.0000000000
116671  44.655  30.826  34.952 0.0000000000
116681  46.723  30.423  34.801 0.0000000000
116682  46.022  30.564  34.445 0.0000000000
116033  47.186  29.422  34.601 0.0000000000
116010  45.914  29.460  38.370 0.0000000000
116020  46.213  29.936  37.830 0.0000000000
116658  46.979  30.808  37.509 0.0000000000
116657  47.242  30.924  37.134 0.0000000000
116663  47.333  30.648  36.559 0.0000000000
114607  48.031  27.909  36.593 0.0000000000
114618  48.156  27.466  35.974 0.0000000000
114617  48.552  27.158  36.379 0.0000000000
113886  48.529  26.869  36.455 0.0000000000
113867  47.456  26.990  38.283 0.0000000000
113878  45.964  27.105  37.619 0.0000000000
113869  45.791  27.098  38.599 0.0000000000
114584  46.142  27.302  39.944 0.0000000000
111706  42.294  23.568  39.845 0.0000000000
109667  43.448  20.896  38.808 0.0000000000
110323  43.175  20.987  38.743 0.0000000000
109686  43.475  20.374  38.344 0.0000000000
109069  43.587  19.142  37.687 0.0000000000
108409  45.727  18.898  37.245 0.0000000000
106298  44.665  16.273  36.097 0.0000000000
107046  43.663  16.334  36.731 0.0000000000
106311  43.236  15.415  36.119 0.0000000000
106310  43.697  15.498  35.660 0.0000000000
106335  42.517  15.646  33.096 0.0000000000
107741  49.689  17.750  35.996 0.0000000000
107757  49.681  17.052  34.525 0.0000000000
107067  48.721  16.829  33.211 0.0000000000
105580  46.794  15.070  31.264 0.0000000000
106358  47.201  15.721  31.442 0.0000000000
106359  46.467  15.665  30.824 0.0000000000
112449  42.111  24.284  39.601 0.0000000000
112450  41.562  24.318  39.124 0.0000000000
111036  40.514  22.578  38.675 0.0000000000
105477  49.273  13.618  40.268 0.0000000000
104725  49.351  13.491  39.815 0.0000000000
103927  48.283  12.490  40.439 0.0000000000
109630  42.615  20.385  44.223 0.0000000000
108346  43.206  18.702  43.692 0.0000000000
115306  45.269  28.381  41.700 0.0000000000
114559  46.229  27.729  41.371 0.0000000000
113834  45.272  27.211  42.016 0.0000000000
109064  48.112  19.449  37.854 0.0000000000
107742  48.749  17.820  36.081 0.0000000000
107039  41.234  16.662  38.161 0.0000000000
105524  41.294  14.748  36.731 0.0000000000
114619  45.963  27.047  36.317 0.0000000000
114620  45.386  27.187  36.104 0.0000000000
114621  44.429  27.294  36.026 0.0000000000
109668  38.994  20.493  39.172 0.0000000000
109038  38.311  19.521  39.435 0.0000000000
116001  40.300  29.687  39.340 0.0000000000
116642  41.256  30.107  38.894 0.0000000000
115983  42.894  29.220  40.197 0.0000000000
115325  42.380  28.767  40.875 0.0000000000
107034  50.670  16.219  37.452 0.0000000000
106295  50.643  15.707  37.142 0.0000000000
106296  50.200  15.221  36.688 0.0000000000
104738  48.203  13.770  37.884 0.0000000000
104748  47.735  14.184  37.115 0.0000000000
104757  46.580  14.110  35.362 0.0000000000
111017  43.841  22.698  41.157 0.0000000000
111016  44.655  22.430  41.501 0.0000000000
111014  46.646  22.136  42.323 0.0000000000
110303  47.901  21.083  41.062 0.0000000000
112418  44.455  24.614  43.851 0.0000000000
108993  45.613  19.877  44.049 0.0000000000
108992  46.678  19.992  43.990 0.0000000000
109007  47.540  19.873  43.688 0.0000000000
109006  48.646  19.977  43.363 0.0000000000
109005  48.854  19.846  43.237 0.0000000000
109020  48.997  19.600  42.077 0.0000000000
108367  49.149  19.017  40.569 0.0000000000
107713  44.850  17.000  40.105 0.0000000000
107712  45.619  17.268  39.867 0.0000000000
107008  45.315  16.588  39.800 0.0000000000
106256  45.630  15.929  39.669 0.0000000000
118496  44.198  33.608  35.779 0.0000000000
117279  45.123  31.464  35.019 0.0000000000
117278  45.975  31.497  34.762 0.0000000000
117290  46.497  31.069  34.921 0.0000000000
116669  46.767  30.901  35.135 0.0000000000
117824  44.973  33.299  39.402 0.0000000000
118442  45.600  34.010  39.634 0.0000000000
117834  46.144  32.893  38.655 0.0000000000
116008  47.301  29.038  38.194 0.0000000000
115353  48.353  28.078  37.735 0.0000000000
113875  48.420  26.933  37.308 0.0000000000
113859  44.234  25.722  40.612 0.0000000000
113173  43.386  25.435  39.958 0.0000000000
112446  43.218  24.208  40.744 0.0000000000
109701  44.213  20.027  38.080 0.0000000000
108410  44.826  18.837  37.305 0.0000000000
107745  45.860  17.533  36.583 0.0000000000
107056  45.251  16.361  35.762 0.0000000000
106309  44.892  16.091  35.558 0.0000000000
106318  44.597  15.724  34.602 0.0000000000
107059  49.706  16.630  34.341 0.0000000000
106345  49.257  16.209  33.009 0.0000000000
107075  49.014  16.484  32.807 0.0000000000
107076  48.385  16.385  32.507 0.0000000000
107735  42.948  17.511  37.569 0.0000000000
113881  42.994  26.832  37.769 0.0000000000
113882  41.727  26.118  38.018 0.0000000000
113179  41.491  25.231  38.653 0.0000000000
109057  39.824  19.924  38.826 0.0000000000
115327  40.262  28.539  40.549 0.0000000000
104737  49.125  13.714  38.488 0.0000000000
112435  45.650  24.093  42.618 0.0000000000
110284  43.500  22.222  44.068 0.0000000000
108343  45.921  19.240  43.170 0.0000000000
108353  46.177  19.154  42.783 0.0000000000
108361  45.800  18.679  41.867 0.0000000000
108371  44.668  17.900  40.943 0.0000000000
107695  44.359  17.333  40.593 0.0000000000
116011  44.912  29.834  38.086 0.0000000000
115995  46.376  28.962  39.073 0.0000000000
115338  46.011  28.865  39.807 0.0000000000
115336  47.367  28.056  39.900 0.0000000000
114582  47.214  27.806  40.096 0.0000000000
109052  46.775  19.882  38.053 0.0000000000
108408  46.683  18.877  37.313 0.0000000000
108407  47.675  18.857  37.384 0.0000000000
107744  46.937  17.482  36.235 0.0000000000
107043  46.872  17.135  35.827 0.0000000000
107062  47.092  16.566  33.979 0.0000000000
105571  47.613  15.143  32.361 0.0000000000
106275  40.605  16.146  38.284 0.0000000000
105490  40.074  15.361  38.154 0.0000000000
105542  38.718  14.370  35.334 0.0000000000
105555  39.612  14.768  34.501 0.0000000000
113890  42.647  27.076  36.512 0.0000000000
110997  43.178  22.984  43.996 0.0000000000
118427  44.378  34.277  40.320 0.0000000000
118428  43.290  34.204  40.469 0.0000000000
118443  44.963  33.612  39.727 0.0000000000
116650  44.082  30.827  38.061 0.0000000000
116652  41.634  30.485  38.671 0.0000000000
107750  50.446  16.806  35.582 0.0000000000
107042  50.779  16.396  36.772 0.0000000000
107050  50.607  16.395  35.932 0.0000000000
107051  50.233  16.446  35.140 0.0000000000
106315  49.228  15.632  33.957 0.0000000000
106316  48.532  15.404  33.496 0.0000000000
105534  48.858  15.157  35.885 0.0000000000
105563  47.773  15.055  33.167 0.0000000000
105564  47.071  14.559  32.900 0.0000000000
109682  48.228  20.361  38.730 0.0000000000
109681  49.092  20.351  38.838 0.0000000000
109680  49.531  20.173  38.875 0.0000000000
113825  44.634  26.064  43.202 0.0000000000
112417  45.186  24.730  43.696 0.0000000000
110267  46.800  21.354  44.081 0.0000000000
110981  47.372  21.758  43.716 0.0000000000
110292  48.685  21.727  42.837 0.0000000000
110301  49.737  20.890  41.340 0.0000000000
109645  49.646  20.300  42.594 0.0000000000
109648  49.953  20.303  41.685 0.0000000000
107707  49.817  18.007  38.837 0.0000000000
107710  47.217  17.679  39.650 0.0000000000
107711  46.427  17.506  39.713 0.0000000000
107725  46.913  17.192  39.384 0.0000000000
107724  47.598  17.193  39.204 0.0000000000
107026  47.734  16.562  38.976 0.0000000000
107025  48.389  16.197  38.748 0.0000000000
116035  45.790  29.717  34.150 0.0000000000
116046  47.069  29.286  33.797 0.0000000000
115376  47.379  28.367  33.983 0.0000000000
114635  47.750  27.332  34.737 0.0000000000
119086  46.348  33.976  37.365 0.0000000000
118480  46.575  33.335  36.511 0.0000000000
116660  45.630  30.812  37.870 0.0000000000
117267  46.207  31.611  38.014 0.0000000000
117852  47.297  32.354  36.975 0.0000000000
117853  46.990  32.609  36.540 0.0000000000
117276  47.143  31.486  36.092 0.0000000000
116668  47.145  30.518  35.576 0.0000000000
116029  47.362  29.389  35.484 0.0000000000
113900  48.198  26.559  35.473 0.0000000000
113888  47.250  26.537  36.518 0.0000000000
113889  46.376  26.871  36.754 0.0000000000
114608  45.669  27.224  36.891 0.0000000000
114599  45.312  27.288  37.357 0.0000000000
113880  44.197  27.091  38.106 0.0000000000
113862  45.589  27.063  39.470 0.0000000000
113174  42.655  25.097  39.635 0.0000000000
109054  43.001  19.541  38.007 0.0000000000
107037  42.934  16.410  37.115 0.0000000000
107746  45.232  17.582  36.840 0.0000000000
107733  44.670  17.911  37.101 0.0000000000
107036  43.815  16.967  37.178 0.0000000000
106289  42.729  15.964  36.989 0.0000000000
105522  42.744  15.374  36.439 0.0000000000
105538  42.964  15.163  36.001 0.0000000000
105552  42.761  14.932  35.101 0.0000000000
107060  49.152  17.109  34.213 0.0000000000
107052  48.973  17.292  34.634 0.0000000000
107053  48.518  17.223  34.750 0.0000000000
106347  48.013  15.786  32.017 0.0000000000
107077  47.452  16.303  31.993 0.0000000000
106348  44.163  16.138  32.596 0.0000000000
103928  47.208  12.547  39.872 0.0000000000
105506  42.018  15.472  37.076 0.0000000000
105537  43.300  15.283  35.700 0.0000000000
106292  40.554  15.630  38.040 0.0000000000
106300  43.031  15.721  36.601 0.0000000000
107758  49.544  17.197  34.698 0.0000000000
108352  46.731  19.307  42.555 0.0000000000
109013  49.577  20.026  42.591 0.0000000000
109014  49.228  19.946  42.867 0.0000000000
109022  47.334  19.401  42.275 0.0000000000
109025  48.726  19.328  41.367 0.0000000000
109049  49.277  19.940  38.476 0.0000000000
109640  49.457  20.535  43.044 0.0000000000
109641  49.095  20.349  43.358 0.0000000000
109646  49.400  20.252  42.992 0.0000000000
110265  48.124  21.182  43.911 0.0000000000
110281  49.576  20.983  43.109 0.0000000000
110290  49.594  20.775  42.869 0.0000000000
113135  44.775  25.032  43.749 0.0000000000
114575  47.105  27.837  40.437 0.0000000000
114598  45.649  27.225  37.301 0.0000000000
115296  45.838  27.719  41.869 0.0000000000
116670  45.419  30.923  34.771 0.0000000000
117254  45.797  32.269  38.311 0.0000000000
117272  47.352  31.575  36.793 0.0000000000
117825  44.638  33.264  39.363 0.0000000000
117837  42.750  32.851  38.974 0.0000000000
118456  45.468  33.550  39.412 0.0000000000
118479  47.004  32.805  36.821 0.0000000000
119578  42.466  35.288  41.013 0.0000000000
