#!ascii label  , from subject sub-1633992 vox2ras=TkReg
1603
41833  16.030  -51.467  70.423 0.0000000000
69291  48.309  -23.221  46.357 0.0000000000
51858  35.960  -41.706  61.755 0.0000000000
54531  45.752  -37.451  65.520 0.0000000000
50937  25.704  -42.727  60.728 0.0000000000
47661  21.877  -45.230  70.627 0.0000000000
81228  51.818  -11.588  41.008 0.0000000000
74402  56.981  -18.636  46.702 0.0000000000
65028  41.975  -27.897  57.613 0.0000000000
86330  52.990  -6.720  33.734 0.0000000000
50817  34.041  -41.433  67.442 0.0000000000
44827  18.825  -48.116  70.798 0.0000000000
77382  54.944  -15.779  42.390 0.0000000000
73445  51.181  -19.509  41.926 0.0000000000
67256  49.851  -26.115  50.946 0.0000000000
68225  55.525  -24.973  48.719 0.0000000000
65113  45.479  -27.657  52.241 0.0000000000
55544  42.830  -37.100  58.178 0.0000000000
50888  41.878  -41.614  62.920 0.0000000000
49796  29.907  -42.585  66.724 0.0000000000
47702  27.634  -44.971  69.518 0.0000000000
48816  23.646  -44.125  65.347 0.0000000000
45861  19.385  -46.761  65.757 0.0000000000
52732  30.424  -40.461  61.941 0.0000000000
84187  55.989  -8.638  41.269 0.0000000000
80176  57.997  -12.453  44.119 0.0000000000
72363  52.896  -20.623  47.245 0.0000000000
67132  45.808  -26.374  57.826 0.0000000000
60165  46.833  -32.397  59.055 0.0000000000
83178  52.695  -10.230  36.389 0.0000000000
85297  56.317  -7.620  36.318 0.0000000000
85335  58.516  -7.338  33.682 0.0000000000
50764  33.068  -41.886  70.053 0.0000000000
42845  17.629  -50.083  71.043 0.0000000000
42824  18.593  -49.196  74.183 0.0000000000
41806  17.719  -50.693  74.470 0.0000000000
76463  48.743  -16.370  41.348 0.0000000000
66133  50.392  -26.249  53.056 0.0000000000
67231  52.891  -25.977  52.122 0.0000000000
36633  13.357  -55.675  74.263 0.0000000000
65153  44.457  -27.260  49.459 0.0000000000
51914  36.591  -40.951  58.815 0.0000000000
51894  39.753  -40.823  59.790 0.0000000000
50909  38.944  -42.027  62.433 0.0000000000
49838  27.532  -42.990  64.151 0.0000000000
48812  27.137  -43.917  65.930 0.0000000000
49855  24.530  -43.327  63.175 0.0000000000
50914  28.424  -41.483  61.861 0.0000000000
51784  30.243  -41.490  64.662 0.0000000000
47683  24.234  -44.970  70.194 0.0000000000
83134  53.076  -9.994  40.611 0.0000000000
82169  56.057  -10.302  43.254 0.0000000000
80190  54.648  -12.393  42.230 0.0000000000
75449  56.339  -17.611  44.125 0.0000000000
76442  57.786  -16.316  44.295 0.0000000000
71347  47.137  -21.435  45.145 0.0000000000
73378  48.846  -20.371  45.305 0.0000000000
70287  49.981  -22.255  46.994 0.0000000000
68160  40.369  -25.605  55.981 0.0000000000
67188  42.566  -25.585  54.994 0.0000000000
67135  42.881  -26.024  57.895 0.0000000000
55502  45.062  -37.195  61.700 0.0000000000
57771  44.636  -34.986  59.145 0.0000000000
58934  46.164  -34.345  62.770 0.0000000000
81251  50.227  -11.759  38.340 0.0000000000
83181  49.973  -9.426  36.663 0.0000000000
82204  51.909  -10.876  38.510 0.0000000000
84208  53.890  -9.457  39.226 0.0000000000
86350  56.974  -6.582  31.048 0.0000000000
85352  55.999  -7.606  32.121 0.0000000000
86320  57.418  -7.068  34.843 0.0000000000
84281  54.120  -8.604  33.557 0.0000000000
50875  35.501  -41.826  64.814 0.0000000000
50851  38.422  -42.288  65.617 0.0000000000
50814  36.964  -41.875  67.866 0.0000000000
46747  20.103  -46.379  70.272 0.0000000000
46698  22.348  -45.910  73.502 0.0000000000
45758  20.269  -46.905  74.529 0.0000000000
80202  49.683  -13.081  40.848 0.0000000000
79219  53.566  -13.345  41.299 0.0000000000
77391  51.217  -15.188  40.898 0.0000000000
75468  52.884  -17.628  41.440 0.0000000000
74441  54.403  -19.021  44.086 0.0000000000
67307  49.638  -25.459  48.492 0.0000000000
68264  51.911  -24.134  47.160 0.0000000000
67289  53.168  -25.763  49.285 0.0000000000
63053  41.907  -29.660  55.438 0.0000000000
57651  47.046  -34.563  66.682 0.0000000000
39842  14.747  -53.259  71.289 0.0000000000
40776  16.197  -52.337  74.063 0.0000000000
38749  14.860  -54.121  73.899 0.0000000000
68269  46.296  -24.923  47.077 0.0000000000
67295  47.001  -26.100  49.085 0.0000000000
66155  47.807  -26.986  52.118 0.0000000000
65076  48.470  -27.677  54.040 0.0000000000
53684  39.686  -38.617  57.229 0.0000000000
52752  42.710  -39.850  60.718 0.0000000000
52704  44.767  -39.650  64.473 0.0000000000
49806  41.104  -42.800  65.881 0.0000000000
51762  43.428  -40.530  66.692 0.0000000000
49771  30.359  -43.173  69.318 0.0000000000
48747  30.098  -44.640  70.981 0.0000000000
48774  28.407  -44.067  68.589 0.0000000000
47744  25.473  -44.750  67.733 0.0000000000
47726  22.977  -44.805  68.248 0.0000000000
48840  21.745  -44.279  63.344 0.0000000000
47764  21.180  -45.163  65.843 0.0000000000
46772  20.745  -45.611  67.540 0.0000000000
45819  19.204  -47.116  68.356 0.0000000000
43854  17.094  -48.894  67.845 0.0000000000
42864  15.866  -50.461  68.273 0.0000000000
51918  32.629  -40.649  58.520 0.0000000000
52773  30.322  -39.567  59.086 0.0000000000
51861  32.691  -41.008  61.295 0.0000000000
51797  32.592  -41.033  64.314 0.0000000000
50820  31.432  -41.825  66.986 0.0000000000
80175  58.716  -12.481  43.494 0.0000000000
78270  56.076  -13.906  43.365 0.0000000000
74443  48.082  -19.902  43.387 0.0000000000
73405  51.742  -19.750  44.810 0.0000000000
73371  54.603  -19.663  46.840 0.0000000000
70283  54.101  -22.489  47.472 0.0000000000
71304  56.140  -21.459  47.864 0.0000000000
66158  42.498  -26.965  52.889 0.0000000000
65062  45.978  -27.367  55.161 0.0000000000
65025  48.652  -28.351  57.486 0.0000000000
61183  44.335  -31.806  56.396 0.0000000000
63026  44.614  -29.768  57.345 0.0000000000
60116  47.471  -32.179  63.296 0.0000000000
62973  47.577  -29.197  60.922 0.0000000000
63988  44.550  -27.959  59.883 0.0000000000
67078  46.507  -26.272  60.550 0.0000000000
67095  48.924  -26.504  60.065 0.0000000000
84268  52.069  -8.648  34.672 0.0000000000
83176  54.249  -9.608  36.124 0.0000000000
85270  55.726  -8.182  39.053 0.0000000000
49727  34.195  -42.888  71.612 0.0000000000
42846  17.230  -50.600  70.970 0.0000000000
41819  17.429  -50.666  71.986 0.0000000000
41820  17.090  -51.367  72.610 0.0000000000
66100  51.399  -26.993  55.144 0.0000000000
66112  52.490  -26.146  54.216 0.0000000000
35649  11.598  -56.605  72.621 0.0000000000
51898  35.814  -41.402  59.722 0.0000000000
51879  37.579  -41.679  60.405 0.0000000000
50932  37.280  -41.901  62.034 0.0000000000
49867  26.705  -42.921  62.396 0.0000000000
49854  25.575  -43.303  63.223 0.0000000000
49869  25.070  -43.089  62.365 0.0000000000
50949  27.376  -41.490  59.819 0.0000000000
50936  26.572  -42.468  60.906 0.0000000000
50897  27.669  -42.487  62.835 0.0000000000
47684  23.330  -44.950  70.083 0.0000000000
46725  22.843  -45.301  71.776 0.0000000000
82182  52.507  -10.747  40.797 0.0000000000
81225  54.515  -11.381  41.849 0.0000000000
81227  52.743  -11.462  41.054 0.0000000000
74425  56.190  -18.396  45.242 0.0000000000
75438  57.651  -17.292  45.261 0.0000000000
69302  48.030  -22.565  45.764 0.0000000000
71326  49.144  -21.858  46.222 0.0000000000
69290  49.387  -23.185  46.924 0.0000000000
65046  40.552  -27.879  56.580 0.0000000000
66075  40.605  -26.759  57.132 0.0000000000
68151  41.637  -25.811  56.949 0.0000000000
66061  42.062  -26.839  58.377 0.0000000000
54543  45.461  -37.765  63.143 0.0000000000
56531  45.600  -35.865  61.916 0.0000000000
56509  45.815  -35.840  64.065 0.0000000000
81236  50.790  -12.034  40.395 0.0000000000
82205  51.196  -11.466  38.862 0.0000000000
82188  51.905  -11.040  40.410 0.0000000000
83145  52.525  -10.278  39.988 0.0000000000
86339  54.659  -6.668  32.155 0.0000000000
85354  54.280  -7.380  32.767 0.0000000000
84280  55.159  -8.492  33.412 0.0000000000
85339  53.585  -7.714  33.223 0.0000000000
50855  34.211  -41.530  65.719 0.0000000000
50832  36.583  -41.861  66.770 0.0000000000
50815  35.949  -41.686  67.679 0.0000000000
45793  19.151  -47.454  70.356 0.0000000000
45773  20.210  -46.608  72.272 0.0000000000
44813  19.569  -47.373  72.202 0.0000000000
43799  18.479  -49.404  75.873 0.0000000000
44771  18.988  -48.044  76.310 0.0000000000
79224  49.238  -13.780  41.127 0.0000000000
78290  50.642  -14.322  41.275 0.0000000000
78291  49.732  -14.468  41.401 0.0000000000
74470  50.281  -18.564  41.082 0.0000000000
75470  51.034  -17.794  40.746 0.0000000000
74468  52.270  -18.440  41.555 0.0000000000
74453  54.209  -18.724  43.200 0.0000000000
73432  52.484  -19.447  43.155 0.0000000000
67292  50.094  -25.791  49.305 0.0000000000
67291  51.072  -25.782  49.304 0.0000000000
67274  51.421  -25.969  50.187 0.0000000000
80213  49.318  -12.823  40.026 0.0000000000
39836  15.074  -53.437  72.318 0.0000000000
37684  14.346  -54.425  72.638 0.0000000000
68271  44.653  -25.454  46.709 0.0000000000
67310  46.438  -25.654  48.178 0.0000000000
67311  45.400  -26.233  48.289 0.0000000000
65137  44.739  -27.373  50.151 0.0000000000
66188  45.989  -26.930  50.275 0.0000000000
65112  46.669  -27.358  52.116 0.0000000000
66136  47.790  -27.192  52.660 0.0000000000
65096  46.397  -27.769  53.182 0.0000000000
53685  38.194  -38.945  56.950 0.0000000000
51855  41.233  -41.171  61.232 0.0000000000
52754  40.913  -40.288  60.009 0.0000000000
51853  42.540  -40.632  61.580 0.0000000000
52738  43.842  -39.763  61.834 0.0000000000
51793  43.798  -40.626  63.761 0.0000000000
49794  39.418  -42.845  67.454 0.0000000000
49821  39.535  -42.735  65.442 0.0000000000
49779  40.987  -42.873  67.813 0.0000000000
51757  42.845  -41.047  68.377 0.0000000000
52670  44.051  -39.924  67.457 0.0000000000
49784  30.411  -42.720  67.863 0.0000000000
49772  29.654  -43.586  69.157 0.0000000000
49797  29.204  -43.288  67.331 0.0000000000
48814  25.190  -44.136  65.623 0.0000000000
48799  26.375  -44.429  66.566 0.0000000000
48788  24.495  -44.458  67.039 0.0000000000
47746  23.967  -44.550  67.552 0.0000000000
48790  23.002  -44.216  66.767 0.0000000000
49872  21.938  -43.469  61.521 0.0000000000
46838  19.251  -46.156  63.797 0.0000000000
47800  20.698  -45.184  63.766 0.0000000000
46801  20.525  -45.749  65.448 0.0000000000
47748  21.262  -45.079  66.873 0.0000000000
46788  20.159  -46.160  67.147 0.0000000000
45832  19.717  -46.662  67.726 0.0000000000
45846  19.594  -46.705  66.773 0.0000000000
43855  16.644  -49.528  68.050 0.0000000000
52787  33.080  -40.539  57.710 0.0000000000
52788  31.985  -40.265  57.937 0.0000000000
52760  28.747  -40.335  59.893 0.0000000000
52743  30.900  -40.292  61.015 0.0000000000
52757  31.354  -40.339  60.045 0.0000000000
52731  31.266  -40.572  61.937 0.0000000000
51816  32.284  -40.942  63.287 0.0000000000
51817  31.284  -40.779  63.011 0.0000000000
50840  29.656  -42.346  65.847 0.0000000000
50838  31.021  -41.614  66.075 0.0000000000
50821  30.688  -42.204  66.862 0.0000000000
49770  31.184  -42.439  68.681 0.0000000000
47701  28.582  -44.869  69.919 0.0000000000
39808  15.311  -52.861  76.137 0.0000000000
40757  16.047  -51.909  76.240 0.0000000000
84177  57.101  -8.763  42.392 0.0000000000
81204  56.473  -11.325  43.808 0.0000000000
81202  58.274  -11.377  43.872 0.0000000000
80161  58.965  -13.340  43.739 0.0000000000
78278  54.278  -14.578  42.006 0.0000000000
79211  54.869  -13.432  42.597 0.0000000000
78277  55.548  -14.550  42.934 0.0000000000
78267  58.574  -15.026  43.992 0.0000000000
72375  50.609  -20.519  46.335 0.0000000000
73389  50.099  -19.973  45.179 0.0000000000
73374  52.256  -20.067  46.244 0.0000000000
73386  52.813  -19.639  45.752 0.0000000000
73360  53.325  -20.038  47.008 0.0000000000
68241  53.366  -24.885  47.782 0.0000000000
69287  52.570  -23.155  47.083 0.0000000000
68261  54.884  -24.056  47.441 0.0000000000
67236  40.450  -25.809  53.156 0.0000000000
66088  44.553  -25.986  56.350 0.0000000000
66118  44.249  -26.932  54.647 0.0000000000
66086  45.802  -27.013  55.979 0.0000000000
65044  47.477  -28.098  56.359 0.0000000000
66072  47.160  -27.473  57.441 0.0000000000
55575  41.848  -36.808  56.422 0.0000000000
56645  42.663  -35.544  56.676 0.0000000000
58980  45.705  -33.764  59.096 0.0000000000
59008  44.442  -33.597  57.509 0.0000000000
60189  45.395  -32.249  57.340 0.0000000000
62061  44.194  -30.563  56.554 0.0000000000
62049  46.073  -30.598  57.988 0.0000000000
60087  47.273  -33.018  65.009 0.0000000000
63961  47.642  -28.571  62.176 0.0000000000
62982  46.046  -28.665  59.960 0.0000000000
64968  45.981  -27.514  61.729 0.0000000000
67062  44.895  -26.614  60.894 0.0000000000
67040  46.587  -26.744  62.058 0.0000000000
82222  51.253  -10.320  36.847 0.0000000000
83189  52.040  -9.534  35.330 0.0000000000
83202  53.309  -9.372  34.802 0.0000000000
83177  53.693  -9.869  36.379 0.0000000000
84197  54.734  -8.977  40.247 0.0000000000
84207  54.732  -8.883  39.352 0.0000000000
84206  55.356  -8.524  39.844 0.0000000000
85263  56.734  -7.719  40.176 0.0000000000
85366  57.535  -7.149  31.703 0.0000000000
85310  56.676  -7.432  35.388 0.0000000000
86294  57.673  -7.022  36.456 0.0000000000
86276  56.985  -7.340  37.762 0.0000000000
50783  33.746  -41.546  69.245 0.0000000000
50781  35.651  -41.621  69.523 0.0000000000
50745  34.433  -42.093  70.888 0.0000000000
43839  18.029  -49.155  70.240 0.0000000000
43821  18.769  -48.725  72.566 0.0000000000
42838  18.485  -49.327  72.624 0.0000000000
42825  18.262  -49.834  74.656 0.0000000000
42819  18.162  -49.988  75.733 0.0000000000
75473  48.016  -17.286  41.225 0.0000000000
73448  48.542  -19.088  41.456 0.0000000000
67211  50.454  -26.198  52.495 0.0000000000
67254  51.705  -26.049  51.101 0.0000000000
67209  52.133  -26.026  52.898 0.0000000000
67207  54.001  -25.748  53.202 0.0000000000
37685  13.644  -54.883  72.384 0.0000000000
36651  12.989  -55.528  72.616 0.0000000000
35633  12.384  -56.686  74.255 0.0000000000
66236  44.325  -26.582  48.011 0.0000000000
65129  43.421  -27.694  51.540 0.0000000000
52782  38.462  -40.211  58.208 0.0000000000
51913  37.648  -40.921  58.830 0.0000000000
50945  38.838  -41.688  60.654 0.0000000000
50889  40.743  -42.056  63.127 0.0000000000
49823  28.926  -42.695  65.338 0.0000000000
49812  28.529  -43.480  66.511 0.0000000000
49825  26.933  -43.705  65.021 0.0000000000
48824  25.767  -43.941  65.056 0.0000000000
48826  24.263  -43.871  64.691 0.0000000000
45862  18.555  -47.122  65.347 0.0000000000
45883  17.405  -46.685  63.954 0.0000000000
51885  27.882  -41.018  59.923 0.0000000000
51838  28.940  -40.949  61.888 0.0000000000
51818  30.309  -40.818  62.993 0.0000000000
51819  29.307  -41.290  63.072 0.0000000000
50879  28.664  -42.258  63.836 0.0000000000
47681  26.004  -45.330  69.980 0.0000000000
83132  54.996  -9.474  41.320 0.0000000000
83131  55.860  -9.342  42.076 0.0000000000
82179  55.281  -10.337  42.249 0.0000000000
82170  55.517  -10.853  42.858 0.0000000000
80178  56.010  -12.342  43.596 0.0000000000
76451  55.410  -17.074  42.860 0.0000000000
77380  56.610  -15.688  43.377 0.0000000000
76443  56.946  -16.730  43.910 0.0000000000
76435  58.311  -16.662  44.998 0.0000000000
73392  47.109  -20.328  44.579 0.0000000000
72378  48.404  -20.829  45.382 0.0000000000
71337  49.346  -21.005  46.153 0.0000000000
71323  51.540  -21.303  47.113 0.0000000000
69274  56.446  -23.824  47.771 0.0000000000
68175  40.408  -25.034  54.767 0.0000000000
67213  41.540  -25.569  54.112 0.0000000000
68167  41.593  -25.342  55.674 0.0000000000
68156  43.206  -25.516  56.644 0.0000000000
67134  43.890  -25.866  57.645 0.0000000000
55523  44.106  -37.159  59.848 0.0000000000
56588  43.829  -36.155  58.873 0.0000000000
56568  44.667  -36.231  59.892 0.0000000000
57733  45.790  -35.046  61.190 0.0000000000
58949  46.694  -33.466  61.102 0.0000000000
81260  48.695  -10.416  37.734 0.0000000000
82215  48.977  -10.013  37.482 0.0000000000
81258  49.816  -11.172  37.687 0.0000000000
82213  50.829  -10.962  37.643 0.0000000000
82211  52.425  -10.472  37.535 0.0000000000
83168  53.014  -10.249  37.477 0.0000000000
83151  52.842  -10.249  38.941 0.0000000000
84190  53.266  -9.668  40.265 0.0000000000
87284  55.170  -5.696  31.505 0.0000000000
85367  56.659  -7.181  31.612 0.0000000000
85351  57.068  -7.695  32.270 0.0000000000
85336  57.876  -7.378  33.813 0.0000000000
84278  57.031  -7.986  33.773 0.0000000000
84263  56.554  -8.097  34.289 0.0000000000
85311  56.122  -8.078  35.445 0.0000000000
50913  35.477  -41.787  63.152 0.0000000000
50893  36.809  -41.891  63.829 0.0000000000
50874  36.483  -41.948  64.784 0.0000000000
50831  37.838  -41.989  66.947 0.0000000000
49782  38.542  -42.439  68.740 0.0000000000
46746  20.891  -45.697  69.943 0.0000000000
46726  21.965  -45.351  71.554 0.0000000000
46709  20.695  -45.978  71.837 0.0000000000
45757  20.905  -46.366  73.969 0.0000000000
44785  19.220  -48.064  74.453 0.0000000000
45751  20.120  -47.075  75.474 0.0000000000
80201  50.548  -12.679  41.058 0.0000000000
80199  52.284  -12.439  41.109 0.0000000000
79221  51.973  -13.244  41.086 0.0000000000
78288  52.173  -14.338  40.862 0.0000000000
77389  53.323  -15.794  41.201 0.0000000000
76472  50.813  -16.222  40.731 0.0000000000
76459  52.714  -16.706  41.004 0.0000000000
76452  54.401  -16.894  42.113 0.0000000000
75459  55.055  -17.916  43.146 0.0000000000
75450  55.512  -18.211  43.801 0.0000000000
74413  55.694  -18.859  45.857 0.0000000000
68245  49.159  -24.808  47.850 0.0000000000
68266  49.766  -24.053  47.311 0.0000000000
68244  50.202  -24.915  47.718 0.0000000000
67304  52.744  -25.511  48.424 0.0000000000
67288  54.437  -25.528  49.176 0.0000000000
67253  52.689  -25.982  51.177 0.0000000000
67271  54.618  -25.766  50.384 0.0000000000
67287  55.585  -25.427  49.603 0.0000000000
64051  41.370  -28.436  56.376 0.0000000000
56496  46.233  -35.936  66.252 0.0000000000
81254  47.658  -10.551  38.354 0.0000000000
81244  48.407  -11.949  38.649 0.0000000000
81237  50.095  -12.473  39.846 0.0000000000
88248  53.712  -4.705  34.488 0.0000000000
87252  52.976  -5.181  34.737 0.0000000000
40794  15.829  -52.117  71.068 0.0000000000
40782  16.157  -52.389  73.031 0.0000000000
39829  15.651  -52.915  72.694 0.0000000000
39822  15.266  -53.497  74.401 0.0000000000
38739  14.815  -53.696  76.103 0.0000000000
37670  13.896  -55.191  74.728 0.0000000000
69303  47.100  -23.170  45.596 0.0000000000
69304  45.872  -23.751  45.532 0.0000000000
68268  47.488  -24.229  46.849 0.0000000000
68246  48.080  -24.829  47.808 0.0000000000
67309  47.541  -25.537  48.445 0.0000000000
67277  48.732  -26.230  50.210 0.0000000000
66202  45.710  -26.770  49.393 0.0000000000
66186  47.601  -26.643  50.662 0.0000000000
66172  48.813  -26.409  51.101 0.0000000000
66134  49.630  -26.487  52.718 0.0000000000
66115  49.181  -27.046  53.643 0.0000000000
65058  50.347  -27.655  55.261 0.0000000000
54593  41.581  -37.999  57.763 0.0000000000
52781  39.551  -39.847  58.431 0.0000000000
53651  41.455  -39.012  58.931 0.0000000000
54572  42.814  -38.561  59.495 0.0000000000
54561  43.854  -38.580  60.506 0.0000000000
54544  45.160  -38.463  62.753 0.0000000000
53605  45.567  -38.245  65.168 0.0000000000
50891  38.694  -42.150  63.458 0.0000000000
50870  40.389  -42.481  64.052 0.0000000000
50869  41.506  -42.369  64.314 0.0000000000
50794  41.633  -42.403  68.469 0.0000000000
50829  42.208  -41.939  66.512 0.0000000000
51780  43.069  -41.113  64.893 0.0000000000
52693  44.176  -40.077  65.076 0.0000000000
53597  45.291  -38.883  65.875 0.0000000000
53588  45.573  -38.029  67.148 0.0000000000
49746  31.387  -43.362  71.111 0.0000000000
48756  30.290  -43.833  70.541 0.0000000000
48766  29.533  -44.019  69.839 0.0000000000
48768  27.919  -44.503  68.924 0.0000000000
48797  28.006  -43.925  66.982 0.0000000000
47742  27.086  -44.674  68.262 0.0000000000
47722  26.487  -44.832  68.752 0.0000000000
47724  24.728  -44.827  68.504 0.0000000000
47706  24.014  -44.891  69.278 0.0000000000
47708  22.376  -45.093  68.995 0.0000000000
49870  24.038  -43.222  62.285 0.0000000000
49842  23.373  -43.904  63.793 0.0000000000
48828  22.878  -44.232  64.279 0.0000000000
47818  21.076  -44.742  63.325 0.0000000000
47799  21.411  -44.741  64.105 0.0000000000
48804  22.380  -44.353  65.670 0.0000000000
47747  21.906  -44.628  67.140 0.0000000000
47728  21.422  -45.129  67.856 0.0000000000
47709  21.583  -45.251  68.880 0.0000000000
46761  20.133  -46.305  69.226 0.0000000000
45805  19.563  -46.838  69.094 0.0000000000
44859  18.631  -47.801  68.806 0.0000000000
44896  18.065  -47.689  66.109 0.0000000000
44860  17.921  -48.327  68.293 0.0000000000
44842  18.250  -48.478  69.406 0.0000000000
43846  17.579  -49.111  69.035 0.0000000000
42858  16.621  -50.141  68.984 0.0000000000
41837  16.200  -50.705  69.219 0.0000000000
41839  14.979  -51.685  68.909 0.0000000000
40810  14.330  -52.132  68.962 0.0000000000
52785  35.203  -40.564  57.760 0.0000000000
51916  34.431  -40.867  58.627 0.0000000000
51881  34.938  -41.474  60.758 0.0000000000
52771  31.957  -40.510  59.133 0.0000000000
51883  32.894  -40.946  60.221 0.0000000000
51860  33.886  -41.504  61.630 0.0000000000
51833  33.981  -41.538  62.784 0.0000000000
51796  33.588  -41.333  64.578 0.0000000000
50835  33.711  -41.396  66.492 0.0000000000
51783  31.102  -41.292  65.003 0.0000000000
51770  32.186  -41.134  65.737 0.0000000000
50818  33.122  -41.380  67.314 0.0000000000
50784  32.839  -41.665  69.080 0.0000000000
49758  31.578  -42.536  69.963 0.0000000000
40775  16.763  -51.900  74.271 0.0000000000
41793  16.930  -51.127  76.330 0.0000000000
83114  57.570  -9.747  43.638 0.0000000000
80197  54.022  -12.383  41.496 0.0000000000
79204  55.653  -13.321  43.250 0.0000000000
79203  56.443  -13.295  43.670 0.0000000000
78269  56.730  -14.483  43.519 0.0000000000
78268  58.039  -14.498  43.911 0.0000000000
79187  58.214  -13.483  44.010 0.0000000000
74457  47.201  -19.089  41.635 0.0000000000
73435  49.575  -19.893  42.340 0.0000000000
73408  48.704  -20.008  44.051 0.0000000000
73407  49.841  -19.947  44.320 0.0000000000
73422  51.638  -19.757  43.854 0.0000000000
73403  53.380  -19.390  45.106 0.0000000000
74414  54.722  -19.265  45.771 0.0000000000
74403  56.052  -19.165  46.638 0.0000000000
69288  51.478  -23.103  46.964 0.0000000000
70285  52.233  -21.955  47.223 0.0000000000
70269  53.077  -21.557  47.469 0.0000000000
70280  56.358  -22.789  47.607 0.0000000000
71321  55.434  -21.903  47.716 0.0000000000
72348  53.969  -20.769  47.538 0.0000000000
72360  55.122  -20.274  47.455 0.0000000000
73356  56.888  -19.519  47.574 0.0000000000
65131  41.646  -27.354  51.591 0.0000000000
65115  43.207  -27.491  52.624 0.0000000000
66139  42.264  -26.219  53.912 0.0000000000
66137  43.981  -27.250  54.041 0.0000000000
65097  45.237  -27.755  53.328 0.0000000000
65077  47.280  -27.956  54.109 0.0000000000
64061  48.542  -28.507  55.755 0.0000000000
64046  50.433  -28.478  57.064 0.0000000000
57801  43.784  -34.584  57.636 0.0000000000
62073  43.052  -30.608  55.892 0.0000000000
63039  43.108  -29.767  56.278 0.0000000000
64033  42.922  -28.683  57.637 0.0000000000
57674  46.333  -34.450  64.531 0.0000000000
58916  46.447  -33.834  63.543 0.0000000000
60134  47.561  -32.101  61.971 0.0000000000
61148  48.086  -31.147  61.599 0.0000000000
61154  47.848  -31.075  60.272 0.0000000000
62994  46.957  -29.725  59.488 0.0000000000
62996  44.671  -28.898  58.911 0.0000000000
65010  42.938  -27.778  58.740 0.0000000000
67101  43.251  -26.538  59.337 0.0000000000
67099  44.662  -26.054  59.628 0.0000000000
67115  45.633  -26.282  58.694 0.0000000000
67059  47.410  -26.248  61.475 0.0000000000
67077  47.550  -26.309  60.663 0.0000000000
66038  47.242  -26.860  59.050 0.0000000000
66057  48.643  -27.515  58.774 0.0000000000
87261  52.596  -5.823  34.562 0.0000000000
86331  52.509  -7.244  34.093 0.0000000000
84266  53.712  -9.011  34.231 0.0000000000
83200  54.595  -9.415  35.097 0.0000000000
85298  55.664  -8.363  36.222 0.0000000000
84225  54.071  -9.662  37.449 0.0000000000
85278  55.140  -8.540  37.677 0.0000000000
85285  56.325  -7.610  37.392 0.0000000000
86269  56.965  -7.350  38.486 0.0000000000
49729  32.263  -43.290  71.423 0.0000000000
49728  33.169  -42.958  71.575 0.0000000000
41826  16.812  -51.164  71.230 0.0000000000
66099  52.695  -26.294  54.910 0.0000000000
51880  36.328  -41.685  61.030 0.0000000000
50933  36.335  -41.785  62.125 0.0000000000
49879  26.420  -42.811  61.853 0.0000000000
49868  26.030  -42.978  62.432 0.0000000000
49880  25.658  -42.868  61.510 0.0000000000
50916  27.077  -42.616  62.021 0.0000000000
47685  22.496  -45.045  69.936 0.0000000000
47659  23.542  -45.042  71.007 0.0000000000
47660  22.653  -45.073  70.855 0.0000000000
74412  56.677  -18.418  45.887 0.0000000000
75431  57.381  -17.820  45.642 0.0000000000
74411  57.444  -18.169  46.179 0.0000000000
70289  48.691  -22.243  46.028 0.0000000000
65029  41.120  -27.591  57.237 0.0000000000
65030  40.333  -27.308  56.799 0.0000000000
66062  41.262  -26.801  57.746 0.0000000000
65012  41.698  -27.324  57.919 0.0000000000
54537  45.654  -37.538  64.411 0.0000000000
55483  45.663  -36.723  63.664 0.0000000000
55475  45.799  -36.660  64.793 0.0000000000
81235  51.390  -11.634  40.673 0.0000000000
82196  51.275  -11.492  39.897 0.0000000000
82189  51.367  -11.559  40.410 0.0000000000
86340  53.804  -6.723  32.890 0.0000000000
50834  34.590  -41.543  66.596 0.0000000000
50833  35.534  -41.700  66.671 0.0000000000
50816  34.974  -41.537  67.553 0.0000000000
45782  19.155  -47.611  71.006 0.0000000000
44814  18.987  -47.842  71.744 0.0000000000
79225  48.217  -13.829  40.819 0.0000000000
78292  48.743  -14.564  41.356 0.0000000000
74469  51.327  -18.736  41.245 0.0000000000
74456  51.790  -19.110  41.896 0.0000000000
74455  52.430  -18.973  42.302 0.0000000000
73433  51.570  -19.622  42.733 0.0000000000
67276  49.589  -26.040  50.112 0.0000000000
67275  50.468  -25.968  50.154 0.0000000000
38765  14.368  -54.013  72.013 0.0000000000
67339  44.369  -25.523  46.630 0.0000000000
67325  44.520  -25.955  47.310 0.0000000000
65128  44.548  -27.637  51.314 0.0000000000
65127  45.705  -27.268  51.114 0.0000000000
50906  41.678  -41.429  62.172 0.0000000000
51854  41.938  -40.811  61.246 0.0000000000
51830  42.113  -41.029  62.102 0.0000000000
51829  42.863  -40.678  62.203 0.0000000000
50887  42.598  -41.329  63.156 0.0000000000
49781  39.266  -42.762  68.459 0.0000000000
49780  40.117  -42.930  68.152 0.0000000000
49785  29.627  -43.391  68.471 0.0000000000
48815  24.373  -44.068  65.502 0.0000000000
48800  25.341  -44.420  66.457 0.0000000000
48801  24.442  -44.238  66.310 0.0000000000
48789  23.687  -44.299  67.035 0.0000000000
48802  23.672  -44.161  66.176 0.0000000000
46817  19.796  -46.262  65.044 0.0000000000
46816  20.260  -45.749  64.350 0.0000000000
46802  20.023  -46.215  66.124 0.0000000000
52745  29.274  -40.405  60.940 0.0000000000
52759  29.640  -39.922  60.144 0.0000000000
52744  30.085  -40.225  60.959 0.0000000000
52719  31.135  -40.691  62.466 0.0000000000
52720  30.887  -40.626  62.480 0.0000000000
49810  29.732  -42.440  66.174 0.0000000000
50839  30.111  -42.066  66.063 0.0000000000
39802  14.911  -53.015  77.264 0.0000000000
40748  15.409  -52.212  77.302 0.0000000000
84186  56.892  -8.376  41.672 0.0000000000
84178  56.484  -8.827  42.077 0.0000000000
80177  56.930  -12.346  44.014 0.0000000000
81203  57.439  -11.351  44.090 0.0000000000
80162  58.557  -13.050  43.921 0.0000000000
78279  53.751  -15.186  41.511 0.0000000000
73362  51.862  -20.439  46.574 0.0000000000
73375  51.280  -20.185  46.197 0.0000000000
73361  52.577  -20.274  46.779 0.0000000000
72362  53.645  -20.408  47.324 0.0000000000
68240  54.370  -24.777  47.954 0.0000000000
68262  53.956  -24.148  47.328 0.0000000000
68239  55.377  -24.489  47.970 0.0000000000
67149  45.281  -26.136  57.259 0.0000000000
66087  45.228  -26.345  56.491 0.0000000000
66073  46.398  -26.944  57.251 0.0000000000
65027  47.077  -27.594  56.909 0.0000000000
55559  42.000  -37.041  57.114 0.0000000000
56626  42.189  -36.519  56.617 0.0000000000
55558  42.640  -36.765  57.573 0.0000000000
58979  46.348  -33.115  59.208 0.0000000000
60177  45.838  -32.670  58.085 0.0000000000
60176  46.474  -32.049  58.286 0.0000000000
61174  46.170  -31.594  57.892 0.0000000000
61173  46.741  -31.416  58.410 0.0000000000
63950  47.616  -28.194  63.043 0.0000000000
63976  46.146  -28.110  61.405 0.0000000000
64957  46.501  -27.478  62.127 0.0000000000
66002  46.180  -27.100  61.960 0.0000000000
67020  47.040  -26.923  62.541 0.0000000000
83179  51.652  -9.950  36.159 0.0000000000
83180  50.760  -9.540  36.202 0.0000000000
83188  53.015  -9.839  35.420 0.0000000000
84188  55.125  -8.898  40.824 0.0000000000
84196  55.576  -8.525  40.466 0.0000000000
85257  56.240  -8.163  40.568 0.0000000000
85350  57.925  -7.404  32.786 0.0000000000
85365  58.339  -7.073  31.829 0.0000000000
85349  58.715  -7.401  32.656 0.0000000000
85334  59.165  -7.598  33.462 0.0000000000
86295  57.087  -7.110  35.957 0.0000000000
86283  57.016  -7.288  36.856 0.0000000000
86282  57.597  -7.169  37.306 0.0000000000
50763  34.089  -41.793  70.126 0.0000000000
50746  33.591  -42.129  70.710 0.0000000000
43830  18.221  -49.287  71.376 0.0000000000
42839  18.010  -49.843  72.445 0.0000000000
41812  17.528  -50.799  73.305 0.0000000000
42831  17.979  -50.101  73.663 0.0000000000
41800  17.754  -50.629  75.508 0.0000000000
75474  46.990  -17.144  41.309 0.0000000000
74472  48.327  -18.238  41.161 0.0000000000
74473  47.240  -18.253  41.267 0.0000000000
67210  51.110  -26.072  52.881 0.0000000000
37686  12.888  -55.277  72.155 0.0000000000
35641  12.211  -56.622  73.306 0.0000000000
52784  36.287  -40.482  57.946 0.0000000000
52783  37.336  -40.415  58.089 0.0000000000
50946  38.272  -41.780  60.911 0.0000000000
50930  39.224  -41.842  61.282 0.0000000000
50929  40.277  -41.711  61.397 0.0000000000
50908  39.983  -41.974  62.229 0.0000000000
49837  28.291  -42.794  64.545 0.0000000000
49824  28.161  -43.235  65.388 0.0000000000
49839  26.136  -43.676  64.240 0.0000000000
49840  24.928  -43.612  64.003 0.0000000000
48825  25.101  -43.919  64.832 0.0000000000
50935  27.455  -41.724  60.412 0.0000000000
51886  27.322  -41.251  59.460 0.0000000000
51864  28.089  -41.276  60.788 0.0000000000
51863  28.621  -40.830  60.911 0.0000000000
51839  28.381  -41.286  61.422 0.0000000000
50880  27.866  -42.675  63.543 0.0000000000
50860  28.731  -42.627  64.836 0.0000000000
47705  24.927  -44.932  69.387 0.0000000000
47682  25.156  -45.238  70.250 0.0000000000
83133  53.936  -9.763  40.810 0.0000000000
82180  54.279  -10.436  41.393 0.0000000000
81216  55.109  -11.443  42.596 0.0000000000
81215  55.693  -11.422  43.237 0.0000000000
80189  55.251  -12.385  42.989 0.0000000000
76444  56.093  -17.217  43.576 0.0000000000
76450  56.222  -16.501  43.271 0.0000000000
72384  47.567  -20.835  45.039 0.0000000000
71339  48.014  -21.451  45.345 0.0000000000
71325  49.663  -21.453  46.479 0.0000000000
72366  50.371  -20.917  46.586 0.0000000000
71324  50.592  -21.419  46.937 0.0000000000
68170  39.017  -25.446  54.925 0.0000000000
68169  39.820  -25.356  55.396 0.0000000000
68168  40.726  -25.312  55.550 0.0000000000
67136  41.941  -26.075  57.560 0.0000000000
68150  42.323  -25.744  57.105 0.0000000000
68149  43.055  -25.669  57.158 0.0000000000
68148  43.467  -25.654  57.057 0.0000000000
55522  44.459  -37.235  60.321 0.0000000000
55510  45.070  -36.470  61.033 0.0000000000
57712  45.897  -35.056  62.328 0.0000000000
58967  46.083  -34.137  60.485 0.0000000000
58950  46.194  -34.268  61.694 0.0000000000
81252  49.198  -11.596  38.108 0.0000000000
81259  49.095  -10.777  37.637 0.0000000000
82212  51.792  -10.674  37.543 0.0000000000
82203  52.311  -10.603  38.097 0.0000000000
83159  52.842  -10.303  38.296 0.0000000000
83160  52.498  -10.486  38.644 0.0000000000
83144  52.904  -9.940  40.283 0.0000000000
84189  53.575  -9.590  40.411 0.0000000000
86338  55.332  -7.147  32.018 0.0000000000
84292  56.582  -8.094  32.879 0.0000000000
84291  57.379  -7.835  33.083 0.0000000000
84279  56.157  -8.321  33.582 0.0000000000
84264  55.894  -8.519  34.468 0.0000000000
50895  35.069  -41.814  63.982 0.0000000000
50894  35.913  -41.878  63.930 0.0000000000
50813  37.898  -42.057  68.221 0.0000000000
49795  38.577  -42.547  67.751 0.0000000000
46728  20.402  -46.159  71.106 0.0000000000
46727  21.158  -45.566  71.123 0.0000000000
45765  20.253  -46.774  73.487 0.0000000000
45764  20.773  -46.203  72.958 0.0000000000
43813  18.885  -48.586  73.715 0.0000000000
80200  51.423  -12.510  41.191 0.0000000000
79222  51.018  -13.382  41.298 0.0000000000
78289  51.409  -14.089  41.095 0.0000000000
77390  52.317  -15.665  40.679 0.0000000000
76462  50.007  -16.333  41.083 0.0000000000
75469  52.000  -17.619  40.946 0.0000000000
75480  51.491  -17.132  40.634 0.0000000000
76453  53.539  -16.785  41.527 0.0000000000
75461  53.688  -17.799  41.946 0.0000000000
74442  53.732  -19.091  43.516 0.0000000000
75451  54.763  -18.401  43.345 0.0000000000
74440  55.044  -18.806  44.424 0.0000000000
74426  55.460  -18.739  44.936 0.0000000000
74427  54.687  -19.118  44.938 0.0000000000
67290  52.088  -25.834  49.290 0.0000000000
67305  51.693  -25.504  48.433 0.0000000000
67252  53.713  -25.868  51.278 0.0000000000
67270  55.701  -25.671  50.614 0.0000000000
67286  56.657  -25.347  49.880 0.0000000000
64063  40.906  -28.723  55.660 0.0000000000
63041  41.542  -29.099  55.718 0.0000000000
81245  47.300  -11.220  38.766 0.0000000000
80212  50.103  -12.648  40.458 0.0000000000
39841  15.107  -52.595  70.710 0.0000000000
39835  15.455  -52.808  71.677 0.0000000000
39830  15.270  -53.510  73.331 0.0000000000
39814  15.174  -53.407  75.346 0.0000000000
38743  14.757  -54.194  75.114 0.0000000000
36639  13.279  -55.591  73.287 0.0000000000
37677  13.859  -55.130  73.709 0.0000000000
69321  46.469  -22.599  45.196 0.0000000000
69322  45.945  -22.876  45.179 0.0000000000
68282  45.567  -24.596  46.157 0.0000000000
68281  46.635  -24.170  46.161 0.0000000000
68247  47.041  -25.021  47.718 0.0000000000
67294  48.056  -26.046  49.368 0.0000000000
66204  44.372  -27.135  49.026 0.0000000000
66215  44.726  -26.753  48.568 0.0000000000
66203  44.950  -27.012  49.341 0.0000000000
66174  47.123  -26.944  51.400 0.0000000000
66187  46.831  -26.770  50.475 0.0000000000
66185  48.241  -26.486  50.697 0.0000000000
66173  48.051  -26.718  51.327 0.0000000000
66154  48.685  -26.665  51.980 0.0000000000
65094  48.243  -27.389  53.417 0.0000000000
65075  49.660  -27.415  54.449 0.0000000000
53683  40.389  -38.411  57.403 0.0000000000
54610  40.615  -37.814  56.787 0.0000000000
54594  40.767  -38.283  57.513 0.0000000000
52770  39.086  -40.500  58.797 0.0000000000
52769  39.819  -40.327  59.151 0.0000000000
52753  41.892  -40.179  60.379 0.0000000000
52767  41.375  -39.733  59.660 0.0000000000
53640  41.967  -39.402  59.670 0.0000000000
53650  42.328  -38.866  59.362 0.0000000000
53639  42.752  -39.171  60.069 0.0000000000
54571  43.550  -38.113  59.824 0.0000000000
53638  43.477  -38.912  60.424 0.0000000000
52727  44.690  -39.634  63.092 0.0000000000
53623  44.808  -39.047  62.439 0.0000000000
53615  45.109  -38.993  63.567 0.0000000000
53614  45.483  -38.333  64.207 0.0000000000
53606  45.229  -38.978  64.796 0.0000000000
50873  37.515  -41.985  64.677 0.0000000000
50892  37.738  -41.994  63.658 0.0000000000
50872  38.456  -42.190  64.443 0.0000000000
49807  40.356  -42.912  66.173 0.0000000000
49836  40.138  -42.689  64.750 0.0000000000
49835  40.834  -42.695  64.676 0.0000000000
49834  41.184  -42.620  64.681 0.0000000000
50849  41.715  -42.449  65.557 0.0000000000
52671  43.320  -40.557  67.707 0.0000000000
51763  42.849  -41.179  67.208 0.0000000000
51769  42.888  -41.170  66.012 0.0000000000
51768  43.554  -40.576  65.572 0.0000000000
52681  44.739  -39.374  66.609 0.0000000000
53589  45.264  -38.655  66.905 0.0000000000
49759  30.738  -43.316  70.358 0.0000000000
49747  30.735  -43.621  70.883 0.0000000000
48773  29.085  -43.791  68.959 0.0000000000
48767  28.544  -44.390  69.290 0.0000000000
48798  27.264  -44.174  66.742 0.0000000000
47761  26.155  -44.680  67.258 0.0000000000
48786  26.752  -44.548  67.180 0.0000000000
47743  26.439  -44.727  67.896 0.0000000000
47723  25.643  -44.849  68.614 0.0000000000
48776  23.443  -44.579  67.710 0.0000000000
47725  23.807  -44.787  68.297 0.0000000000
47707  23.147  -44.940  69.147 0.0000000000
48851  22.337  -43.864  62.975 0.0000000000
49871  22.831  -43.465  62.226 0.0000000000
49857  22.953  -43.814  63.247 0.0000000000
48839  22.509  -44.105  63.640 0.0000000000
47837  19.996  -44.524  62.074 0.0000000000
47819  20.292  -44.922  62.746 0.0000000000
47780  20.992  -45.220  64.780 0.0000000000
47779  21.760  -44.671  65.129 0.0000000000
48818  22.427  -44.378  64.910 0.0000000000
48791  22.404  -44.323  66.523 0.0000000000
47763  21.799  -44.638  66.219 0.0000000000
46760  20.811  -45.649  68.616 0.0000000000
45818  19.781  -46.627  68.518 0.0000000000
45806  19.128  -47.314  69.405 0.0000000000
44916  17.988  -47.400  65.361 0.0000000000
44879  17.626  -48.263  67.046 0.0000000000
42863  16.109  -49.846  67.779 0.0000000000
42859  16.083  -50.616  68.902 0.0000000000
41848  14.809  -51.447  68.299 0.0000000000
40809  15.036  -51.871  69.340 0.0000000000
51917  33.440  -40.813  58.540 0.0000000000
51899  34.680  -41.131  59.636 0.0000000000
51900  33.664  -40.958  59.475 0.0000000000
53653  30.486  -39.288  58.277 0.0000000000
52772  31.019  -40.013  58.880 0.0000000000
52742  31.779  -40.670  61.054 0.0000000000
52741  32.357  -40.863  60.664 0.0000000000
51834  33.007  -41.135  62.460 0.0000000000
51815  33.238  -41.239  63.527 0.0000000000
50856  33.504  -41.332  65.586 0.0000000000
51781  32.779  -41.120  65.267 0.0000000000
51800  29.841  -41.305  63.926 0.0000000000
51799  30.719  -41.024  63.988 0.0000000000
51771  31.548  -41.263  65.646 0.0000000000
50837  31.856  -41.375  66.342 0.0000000000
50836  32.774  -41.241  66.290 0.0000000000
50819  32.220  -41.517  67.182 0.0000000000
50801  32.532  -41.601  68.137 0.0000000000
46707  22.155  -45.608  72.536 0.0000000000
46706  23.039  -45.699  72.663 0.0000000000
40781  16.701  -51.942  73.309 0.0000000000
41794  16.388  -51.498  76.815 0.0000000000
40756  16.752  -51.497  75.779 0.0000000000
41782  17.195  -50.836  77.156 0.0000000000
82178  55.883  -9.751  42.647 0.0000000000
83123  56.491  -9.326  42.782 0.0000000000
83115  56.853  -9.672  43.471 0.0000000000
79220  52.762  -13.387  40.983 0.0000000000
80198  53.128  -12.443  41.039 0.0000000000
77375  57.480  -15.559  43.797 0.0000000000
78261  58.455  -14.038  43.924 0.0000000000
79186  58.689  -13.721  43.869 0.0000000000
74445  46.589  -19.651  42.782 0.0000000000
73438  47.002  -19.493  42.097 0.0000000000
73427  47.343  -19.744  42.562 0.0000000000
73436  48.657  -19.788  42.100 0.0000000000
73425  48.704  -19.980  43.114 0.0000000000
73391  48.129  -20.320  44.682 0.0000000000
74416  47.867  -20.149  44.319 0.0000000000
73390  49.115  -19.948  44.918 0.0000000000
73388  51.024  -19.975  45.436 0.0000000000
73406  50.829  -19.937  44.584 0.0000000000
73423  50.686  -19.929  43.602 0.0000000000
73421  52.485  -19.533  44.111 0.0000000000
73404  52.599  -19.544  44.985 0.0000000000
73372  53.899  -19.623  46.624 0.0000000000
73385  53.774  -19.407  45.838 0.0000000000
74405  54.488  -19.478  46.427 0.0000000000
74404  55.147  -19.395  46.431 0.0000000000
73370  55.303  -19.628  46.930 0.0000000000
68265  50.819  -24.123  47.142 0.0000000000
69289  50.390  -23.154  47.023 0.0000000000
69286  53.555  -23.264  47.219 0.0000000000
70284  53.221  -22.332  47.355 0.0000000000
70268  53.794  -21.737  47.618 0.0000000000
71320  55.899  -21.960  47.736 0.0000000000
71305  55.143  -21.247  47.746 0.0000000000
72347  54.757  -20.724  47.582 0.0000000000
72346  55.733  -20.528  47.797 0.0000000000
66177  41.756  -26.979  52.120 0.0000000000
66176  42.278  -27.231  52.295 0.0000000000
65130  42.326  -27.521  51.779 0.0000000000
65116  42.568  -27.343  52.399 0.0000000000
67212  42.138  -25.694  54.484 0.0000000000
66120  42.546  -25.913  54.540 0.0000000000
66117  44.928  -27.057  54.844 0.0000000000
65079  45.017  -27.466  54.390 0.0000000000
65098  44.084  -27.533  53.519 0.0000000000
65078  46.154  -27.797  54.230 0.0000000000
65043  48.127  -28.366  56.829 0.0000000000
64049  48.131  -28.480  56.257 0.0000000000
64048  48.810  -28.616  56.605 0.0000000000
64047  49.778  -28.608  56.645 0.0000000000
64031  50.027  -28.556  57.536 0.0000000000
57772  44.178  -35.448  58.896 0.0000000000
57788  43.495  -35.467  57.986 0.0000000000
57786  44.414  -34.651  58.561 0.0000000000
60190  44.781  -32.897  57.274 0.0000000000
59009  43.813  -33.861  57.107 0.0000000000
60191  43.928  -32.736  56.413 0.0000000000
61189  43.582  -31.780  56.008 0.0000000000
62072  43.824  -31.175  56.147 0.0000000000
63025  45.260  -29.966  57.511 0.0000000000
63027  43.323  -29.320  56.999 0.0000000000
63013  43.957  -29.085  58.166 0.0000000000
56495  46.610  -35.322  66.465 0.0000000000
57662  46.229  -35.028  65.080 0.0000000000
57661  46.658  -34.600  65.577 0.0000000000
60101  46.953  -32.921  63.978 0.0000000000
60117  47.020  -32.932  62.795 0.0000000000
62963  48.126  -29.351  62.037 0.0000000000
62008  48.321  -30.289  62.434 0.0000000000
62018  48.219  -30.137  61.187 0.0000000000
62025  47.804  -29.964  60.286 0.0000000000
62038  47.223  -30.450  59.248 0.0000000000
62980  47.332  -29.507  60.131 0.0000000000
63987  45.134  -28.127  60.311 0.0000000000
63997  45.593  -28.505  59.922 0.0000000000
63998  44.968  -28.447  59.593 0.0000000000
64015  43.714  -28.460  58.643 0.0000000000
64991  43.307  -27.509  59.236 0.0000000000
64990  44.086  -27.468  59.802 0.0000000000
67079  45.550  -26.251  60.483 0.0000000000
67080  44.635  -26.389  60.438 0.0000000000
67098  45.595  -26.164  59.619 0.0000000000
67038  48.270  -26.289  62.343 0.0000000000
67037  49.234  -26.142  62.371 0.0000000000
67076  48.638  -26.243  60.753 0.0000000000
67096  47.847  -26.585  59.929 0.0000000000
66037  48.218  -26.975  59.282 0.0000000000
66036  49.263  -26.960  59.509 0.0000000000
87253  52.396  -5.536  35.333 0.0000000000
83169  49.261  -9.327  37.071 0.0000000000
85326  52.229  -7.807  34.256 0.0000000000
86322  52.081  -6.699  34.658 0.0000000000
85340  52.822  -7.774  33.778 0.0000000000
84267  52.814  -8.658  34.251 0.0000000000
83187  53.788  -9.656  35.514 0.0000000000
83201  54.089  -9.441  34.910 0.0000000000
83186  54.448  -9.513  35.584 0.0000000000
84236  55.403  -8.942  36.002 0.0000000000
84237  54.922  -9.259  36.354 0.0000000000
84217  53.815  -9.720  38.387 0.0000000000
84226  53.591  -9.984  37.758 0.0000000000
85271  55.143  -8.534  38.496 0.0000000000
85277  55.678  -8.012  38.011 0.0000000000
85276  56.385  -7.624  38.342 0.0000000000
85269  56.645  -7.562  39.257 0.0000000000
85262  57.344  -7.793  40.407 0.0000000000
86366  55.969  -5.710  30.931 0.0000000000
87303  56.143  -5.104  30.669 0.0000000000
86365  56.520  -5.815  30.761 0.0000000000
85322  58.220  -7.093  34.523 0.0000000000
41813  17.123  -51.514  73.573 0.0000000000
66114  50.504  -26.574  53.992 0.0000000000
67186  51.558  -26.132  53.576 0.0000000000
66113  51.828  -26.380  54.252 0.0000000000
51897  36.989  -41.488  59.649 0.0000000000
50947  37.397  -41.813  61.273 0.0000000000
50931  38.168  -41.922  61.754 0.0000000000
49852  27.487  -42.829  63.406 0.0000000000
49853  26.799  -43.052  63.144 0.0000000000
50950  26.731  -41.810  59.522 0.0000000000
50915  27.786  -41.896  61.603 0.0000000000
50898  27.103  -42.829  62.588 0.0000000000
46724  23.726  -45.561  71.786 0.0000000000
82181  53.291  -10.533  41.049 0.0000000000
81226  53.672  -11.404  41.265 0.0000000000
75439  56.863  -17.663  44.924 0.0000000000
75430  58.140  -17.491  45.952 0.0000000000
70300  47.594  -22.138  45.372 0.0000000000
70299  48.306  -21.980  45.598 0.0000000000
70288  49.227  -22.374  46.493 0.0000000000
66076  39.954  -26.718  56.559 0.0000000000
67138  40.352  -26.256  56.738 0.0000000000
68159  41.099  -25.668  56.329 0.0000000000
67137  41.053  -26.126  57.206 0.0000000000
67120  41.686  -26.424  57.849 0.0000000000
67119  42.334  -26.390  58.195 0.0000000000
54552  45.261  -37.242  62.197 0.0000000000
55501  45.250  -36.625  61.606 0.0000000000
55492  45.502  -36.677  62.588 0.0000000000
56519  45.713  -35.854  62.994 0.0000000000
57692  45.933  -35.001  63.394 0.0000000000
81242  50.583  -12.059  39.370 0.0000000000
82195  51.913  -10.943  39.549 0.0000000000
83135  52.621  -10.394  40.439 0.0000000000
85353  55.046  -7.696  32.565 0.0000000000
84293  55.763  -8.119  32.865 0.0000000000
85338  54.391  -8.056  33.005 0.0000000000
50854  35.060  -41.680  65.714 0.0000000000
50853  36.052  -41.834  65.743 0.0000000000
45781  19.606  -47.002  71.120 0.0000000000
44803  19.712  -47.325  73.075 0.0000000000
43805  18.701  -48.928  74.957 0.0000000000
79223  50.133  -13.588  41.277 0.0000000000
77392  50.267  -15.246  41.237 0.0000000000
75471  50.143  -17.453  40.846 0.0000000000
74467  52.954  -18.332  41.961 0.0000000000
74454  53.442  -18.800  42.688 0.0000000000
67273  52.429  -25.960  50.217 0.0000000000
80203  48.930  -13.304  40.617 0.0000000000
38771  14.059  -53.719  71.018 0.0000000000
38757  14.774  -54.051  72.909 0.0000000000
37676  14.377  -54.601  73.301 0.0000000000
68270  45.204  -25.260  46.820 0.0000000000
67323  46.234  -25.341  47.625 0.0000000000
67324  45.690  -25.571  47.547 0.0000000000
67296  46.114  -26.302  48.923 0.0000000000
66189  45.369  -27.073  49.903 0.0000000000
65136  45.445  -27.168  50.365 0.0000000000
65126  46.464  -27.123  51.409 0.0000000000
66156  47.241  -27.129  52.025 0.0000000000
65111  47.412  -27.256  52.411 0.0000000000
65095  47.576  -27.482  53.118 0.0000000000
51876  40.261  -40.903  60.325 0.0000000000
52755  40.292  -40.449  59.696 0.0000000000
51875  41.076  -40.782  60.601 0.0000000000
52740  42.475  -40.344  61.041 0.0000000000
52739  43.154  -40.045  61.428 0.0000000000
52729  43.565  -40.324  62.306 0.0000000000
52718  43.862  -40.427  62.887 0.0000000000
52705  44.228  -40.164  64.162 0.0000000000
49809  38.770  -42.622  66.711 0.0000000000
50850  38.951  -42.422  64.950 0.0000000000
49808  39.561  -42.873  66.495 0.0000000000
49793  40.263  -42.926  67.147 0.0000000000
49792  41.046  -42.855  66.795 0.0000000000
52648  43.503  -40.473  69.378 0.0000000000
48783  28.949  -43.710  68.209 0.0000000000
48813  26.152  -44.088  65.646 0.0000000000
48787  25.104  -44.611  67.181 0.0000000000
47745  24.574  -44.689  67.709 0.0000000000
48777  22.949  -44.464  67.499 0.0000000000
48852  21.699  -43.913  62.310 0.0000000000
46837  19.967  -45.497  63.367 0.0000000000
46787  20.655  -45.656  66.510 0.0000000000
46773  20.251  -46.189  68.139 0.0000000000
45833  19.192  -47.064  67.374 0.0000000000
43862  16.297  -49.312  67.030 0.0000000000
53641  29.922  -39.535  59.497 0.0000000000
52758  30.481  -39.871  59.996 0.0000000000
51862  32.011  -40.802  61.583 0.0000000000
51835  31.942  -40.819  62.224 0.0000000000
51798  31.651  -40.943  64.126 0.0000000000
50859  29.542  -42.140  65.075 0.0000000000
50858  30.500  -41.673  65.409 0.0000000000
50802  31.629  -41.937  67.939 0.0000000000
49783  31.084  -42.327  68.008 0.0000000000
39813  15.694  -52.815  74.921 0.0000000000
40767  16.213  -52.181  75.058 0.0000000000
39807  15.813  -52.432  75.602 0.0000000000
40747  16.032  -51.744  77.280 0.0000000000
82162  57.009  -10.392  43.917 0.0000000000
80174  59.266  -13.353  43.366 0.0000000000
78286  53.846  -13.957  41.559 0.0000000000
77368  58.808  -16.148  44.775 0.0000000000
77374  58.459  -15.677  44.252 0.0000000000
74444  47.478  -19.868  43.215 0.0000000000
73376  50.368  -20.182  45.880 0.0000000000
73377  49.559  -20.260  45.580 0.0000000000
73387  51.941  -19.847  45.620 0.0000000000
73373  53.087  -19.822  46.423 0.0000000000
73359  54.083  -19.946  47.137 0.0000000000
68242  52.329  -24.931  47.718 0.0000000000
68263  52.955  -24.147  47.256 0.0000000000
69285  54.478  -23.290  47.329 0.0000000000
72345  56.785  -20.571  48.058 0.0000000000
66160  40.662  -26.231  52.642 0.0000000000
66159  41.421  -26.253  52.943 0.0000000000
66105  43.510  -25.888  55.441 0.0000000000
66119  43.227  -26.166  54.785 0.0000000000
66104  44.200  -26.145  55.662 0.0000000000
66103  45.050  -26.794  55.423 0.0000000000
66102  45.552  -27.060  55.383 0.0000000000
65045  46.646  -27.492  56.141 0.0000000000
65026  47.730  -27.915  57.343 0.0000000000
58981  44.997  -34.258  58.982 0.0000000000
58993  44.658  -33.992  58.200 0.0000000000
58992  45.335  -33.407  58.340 0.0000000000
60178  45.123  -33.206  58.004 0.0000000000
61182  44.973  -31.636  57.004 0.0000000000
62059  45.851  -31.119  57.595 0.0000000000
62050  45.542  -30.161  57.678 0.0000000000
58887  47.150  -33.725  65.825 0.0000000000
58886  47.581  -33.382  66.255 0.0000000000
60075  47.521  -33.039  65.744 0.0000000000
60100  47.501  -32.268  64.402 0.0000000000
63974  47.667  -28.866  61.612 0.0000000000
62981  46.704  -28.920  60.213 0.0000000000
63985  46.573  -28.546  60.880 0.0000000000
63977  45.465  -28.059  60.902 0.0000000000
64979  45.042  -27.772  60.785 0.0000000000
66014  44.666  -27.208  60.698 0.0000000000
66013  44.924  -26.988  61.022 0.0000000000
67061  45.571  -26.639  61.179 0.0000000000
67060  46.490  -26.426  61.338 0.0000000000
82223  50.511  -10.156  36.879 0.0000000000
84251  51.409  -8.646  35.104 0.0000000000
83203  52.618  -9.247  34.838 0.0000000000
84238  54.346  -9.510  36.739 0.0000000000
85264  56.049  -8.064  39.930 0.0000000000
86349  57.932  -6.517  31.130 0.0000000000
85364  58.942  -7.170  31.761 0.0000000000
86308  57.259  -7.032  35.218 0.0000000000
86307  57.738  -6.923  35.653 0.0000000000
86292  58.402  -7.289  36.848 0.0000000000
50799  34.376  -41.468  68.409 0.0000000000
50782  34.704  -41.551  69.372 0.0000000000
50762  35.027  -41.763  70.286 0.0000000000
49743  34.788  -42.477  71.448 0.0000000000
43838  18.463  -48.753  70.842 0.0000000000
43829  18.645  -48.662  71.571 0.0000000000
43822  18.458  -49.188  72.111 0.0000000000
42830  18.490  -49.413  73.403 0.0000000000
43806  18.422  -49.550  75.311 0.0000000000
42814  18.165  -49.887  76.529 0.0000000000
75472  49.101  -17.352  41.146 0.0000000000
74471  49.305  -18.364  41.116 0.0000000000
73447  49.456  -19.296  41.507 0.0000000000
67234  50.176  -26.172  51.806 0.0000000000
67255  50.770  -26.059  51.028 0.0000000000
67233  51.022  -26.155  51.905 0.0000000000
67232  51.921  -26.082  52.030 0.0000000000
67185  52.350  -26.053  53.671 0.0000000000
67208  53.050  -25.890  53.027 0.0000000000
37693  13.376  -54.585  71.526 0.0000000000
37694  12.597  -54.856  71.351 0.0000000000
36652  12.279  -55.863  72.280 0.0000000000
36640  12.747  -55.984  73.035 0.0000000000
36634  12.770  -56.099  73.823 0.0000000000
36629  12.835  -56.252  74.766 0.0000000000
65138  43.617  -27.667  50.443 0.0000000000
51912  38.460  -40.841  58.935 0.0000000000
51895  39.005  -40.975  59.521 0.0000000000
51896  38.042  -41.336  59.533 0.0000000000
51878  38.515  -41.533  60.194 0.0000000000
51877  39.373  -41.378  60.331 0.0000000000
51857  39.961  -41.499  60.804 0.0000000000
50907  41.045  -41.662  61.994 0.0000000000
49811  29.212  -42.766  66.052 0.0000000000
49826  26.255  -43.863  64.980 0.0000000000
45881  19.130  -46.693  64.803 0.0000000000
45882  18.405  -46.723  64.200 0.0000000000
45863  17.826  -47.133  64.770 0.0000000000
52733  29.701  -40.528  61.634 0.0000000000
51837  29.743  -40.769  62.329 0.0000000000
51801  29.358  -41.685  63.742 0.0000000000
50896  28.501  -41.753  62.511 0.0000000000
50878  29.478  -41.835  64.196 0.0000000000
83142  54.558  -9.279  40.699 0.0000000000
77381  55.883  -15.781  42.889 0.0000000000
76436  57.537  -16.939  44.669 0.0000000000
71338  48.846  -21.416  45.895 0.0000000000
72376  49.841  -20.652  46.176 0.0000000000
72365  51.162  -20.741  46.745 0.0000000000
72364  52.066  -20.757  46.952 0.0000000000
68224  56.539  -24.924  48.987 0.0000000000
68238  56.381  -24.358  48.145 0.0000000000
68190  39.926  -25.038  54.122 0.0000000000
67214  40.671  -25.257  53.925 0.0000000000
68174  41.138  -25.095  55.087 0.0000000000
67170  42.215  -25.330  55.439 0.0000000000
68158  41.919  -25.597  56.439 0.0000000000
68166  42.316  -25.444  56.003 0.0000000000
67169  42.761  -25.469  55.661 0.0000000000
67151  43.774  -25.692  56.784 0.0000000000
67150  44.562  -25.897  56.962 0.0000000000
67133  44.980  -26.039  57.854 0.0000000000
55532  43.326  -37.145  58.737 0.0000000000
56589  43.314  -36.618  58.424 0.0000000000
56569  44.121  -36.676  59.465 0.0000000000
56587  44.357  -35.710  59.179 0.0000000000
57757  44.955  -35.448  59.779 0.0000000000
56543  45.248  -35.902  60.797 0.0000000000
56567  45.075  -35.630  60.110 0.0000000000
57756  45.364  -34.938  59.976 0.0000000000
58966  46.568  -33.259  59.893 0.0000000000
82214  49.761  -10.318  37.217 0.0000000000
82221  52.037  -10.416  36.867 0.0000000000
82220  52.532  -10.374  37.047 0.0000000000
84218  53.352  -10.067  38.229 0.0000000000
84209  53.255  -9.961  39.035 0.0000000000
84200  52.886  -10.052  39.556 0.0000000000
84199  53.162  -9.707  39.835 0.0000000000
84198  53.847  -9.311  40.015 0.0000000000
87283  55.593  -5.378  31.124 0.0000000000
86351  55.733  -6.456  31.387 0.0000000000
86352  54.980  -6.119  31.688 0.0000000000
84290  57.720  -7.560  33.325 0.0000000000
84277  57.509  -7.633  33.622 0.0000000000
85337  57.445  -7.508  34.101 0.0000000000
85324  57.070  -7.476  34.647 0.0000000000
85325  56.488  -7.913  34.870 0.0000000000
51859  35.245  -41.718  62.110 0.0000000000
50912  36.224  -41.810  63.075 0.0000000000
50852  37.157  -41.954  65.748 0.0000000000
50798  35.329  -41.542  68.540 0.0000000000
50797  36.287  -41.701  68.700 0.0000000000
50796  37.216  -41.887  68.912 0.0000000000
50779  37.482  -41.992  69.850 0.0000000000
50795  38.048  -42.049  69.164 0.0000000000
49892  25.142  -42.856  60.768 0.0000000000
47662  21.388  -45.379  70.392 0.0000000000
46708  21.261  -45.781  72.251 0.0000000000
45772  20.698  -46.095  72.347 0.0000000000
46699  21.504  -45.929  73.284 0.0000000000
46691  21.693  -46.196  74.242 0.0000000000
44804  19.165  -47.926  72.827 0.0000000000
44794  19.362  -47.880  73.618 0.0000000000
44793  19.774  -47.434  74.025 0.0000000000
44778  19.059  -48.094  75.423 0.0000000000
44784  19.692  -47.557  74.965 0.0000000000
81229  51.093  -11.979  41.014 0.0000000000
78287  53.302  -14.535  41.165 0.0000000000
77383  54.025  -15.833  41.804 0.0000000000
77393  49.311  -15.409  41.427 0.0000000000
77406  51.529  -15.947  40.585 0.0000000000
75481  50.887  -16.980  40.585 0.0000000000
76471  51.437  -16.529  40.572 0.0000000000
77405  51.839  -16.203  40.551 0.0000000000
75460  54.485  -17.995  42.667 0.0000000000
75440  56.132  -18.184  44.572 0.0000000000
68267  48.683  -24.026  47.248 0.0000000000
68243  51.268  -24.954  47.668 0.0000000000
67306  50.661  -25.473  48.455 0.0000000000
67303  53.762  -25.377  48.460 0.0000000000
68226  54.811  -24.986  48.479 0.0000000000
67272  53.511  -25.888  50.250 0.0000000000
64052  40.478  -28.272  56.035 0.0000000000
64035  41.801  -28.206  57.032 0.0000000000
55466  45.931  -36.644  65.929 0.0000000000
56486  46.458  -35.932  66.997 0.0000000000
81253  48.289  -10.853  38.065 0.0000000000
81243  49.523  -12.381  38.986 0.0000000000
80222  48.633  -12.614  39.348 0.0000000000
87260  53.084  -5.559  33.988 0.0000000000
40793  16.341  -51.850  71.534 0.0000000000
40788  16.023  -52.334  72.051 0.0000000000
39821  15.709  -52.903  73.748 0.0000000000
38735  14.843  -53.360  76.685 0.0000000000
37669  14.379  -54.693  74.312 0.0000000000
38744  14.365  -54.629  75.517 0.0000000000
38740  14.379  -54.417  76.074 0.0000000000
38736  14.396  -53.907  77.058 0.0000000000
70310  46.777  -22.154  45.158 0.0000000000
69292  47.556  -23.652  46.228 0.0000000000
68280  47.219  -23.839  46.188 0.0000000000
67308  48.601  -25.459  48.535 0.0000000000
67293  49.123  -25.881  49.324 0.0000000000
67257  49.261  -26.200  50.704 0.0000000000
67312  44.747  -26.388  48.041 0.0000000000
67297  45.644  -26.523  48.859 0.0000000000
66201  46.512  -26.600  49.660 0.0000000000
66200  47.341  -26.453  49.897 0.0000000000
66199  48.004  -26.410  50.160 0.0000000000
66171  49.329  -26.251  51.104 0.0000000000
66153  49.402  -26.319  51.626 0.0000000000
66135  48.409  -27.033  52.929 0.0000000000
65074  50.270  -27.185  54.632 0.0000000000
66101  50.621  -27.103  54.768 0.0000000000
65057  51.093  -27.535  55.879 0.0000000000
54627  40.530  -37.296  56.071 0.0000000000
54609  41.439  -37.564  57.055 0.0000000000
54592  42.369  -37.664  58.075 0.0000000000
53667  38.436  -39.601  57.609 0.0000000000
53666  39.143  -39.365  57.739 0.0000000000
53665  40.475  -38.896  58.095 0.0000000000
52768  40.671  -39.806  59.297 0.0000000000
53652  40.704  -39.330  58.774 0.0000000000
53664  41.318  -38.594  58.298 0.0000000000
54581  42.533  -38.050  58.796 0.0000000000
54580  43.314  -37.626  59.148 0.0000000000
54570  44.137  -37.647  60.181 0.0000000000
54560  44.347  -38.078  60.772 0.0000000000
53630  43.856  -39.122  61.136 0.0000000000
53629  44.539  -38.747  61.585 0.0000000000
54553  44.971  -37.951  61.939 0.0000000000
50911  37.045  -41.869  62.896 0.0000000000
50910  37.971  -41.966  62.690 0.0000000000
50871  39.410  -42.406  64.333 0.0000000000
50890  39.687  -42.276  63.245 0.0000000000
50812  41.707  -42.508  67.323 0.0000000000
50811  42.294  -41.821  67.852 0.0000000000
50830  41.600  -42.577  66.412 0.0000000000
50848  42.424  -41.865  65.200 0.0000000000
50868  42.652  -41.558  63.932 0.0000000000
51794  43.297  -40.967  64.063 0.0000000000
51779  43.695  -40.600  64.590 0.0000000000
52682  44.115  -40.000  66.158 0.0000000000
52692  44.769  -39.542  65.505 0.0000000000
53596  45.617  -38.144  66.213 0.0000000000
54524  45.792  -37.431  66.617 0.0000000000
49730  31.743  -43.589  71.443 0.0000000000
48746  30.668  -44.120  71.216 0.0000000000
48757  29.901  -44.408  70.657 0.0000000000
48765  30.223  -43.571  70.042 0.0000000000
47700  29.280  -44.769  70.326 0.0000000000
49798  28.543  -43.680  67.125 0.0000000000
48784  28.330  -43.920  67.727 0.0000000000
48785  27.401  -44.387  67.567 0.0000000000
48775  27.746  -44.394  68.315 0.0000000000
47721  27.260  -44.737  68.871 0.0000000000
47703  26.655  -45.024  69.460 0.0000000000
47704  25.815  -44.981  69.426 0.0000000000
49881  24.630  -42.998  61.450 0.0000000000
49856  23.605  -43.460  63.140 0.0000000000
49841  24.022  -43.597  63.922 0.0000000000
48827  23.561  -44.048  64.523 0.0000000000
48841  21.127  -44.462  62.706 0.0000000000
48829  22.101  -44.331  64.257 0.0000000000
48817  22.999  -44.284  65.135 0.0000000000
48803  23.002  -44.208  65.966 0.0000000000
48778  22.489  -44.432  67.197 0.0000000000
47727  22.258  -44.842  67.960 0.0000000000
47686  21.740  -45.221  69.815 0.0000000000
45792  19.602  -46.869  69.920 0.0000000000
44841  18.728  -47.926  69.842 0.0000000000
45847  18.929  -47.218  66.474 0.0000000000
44878  18.527  -47.654  67.498 0.0000000000
44828  18.493  -48.502  70.222 0.0000000000
42852  17.433  -49.822  69.755 0.0000000000
43847  17.001  -49.425  68.625 0.0000000000
42857  17.178  -49.628  69.095 0.0000000000
42853  17.069  -50.475  70.299 0.0000000000
41832  16.409  -50.860  69.879 0.0000000000
41838  15.634  -51.216  69.101 0.0000000000
40800  15.327  -51.979  70.079 0.0000000000
40801  14.790  -52.280  69.700 0.0000000000
39847  14.889  -52.446  70.129 0.0000000000
39858  13.875  -52.624  69.279 0.0000000000
39848  14.249  -52.907  70.044 0.0000000000
39849  13.569  -53.315  69.904 0.0000000000
52786  34.120  -40.594  57.673 0.0000000000
51915  35.497  -40.921  58.739 0.0000000000
51901  32.777  -40.809  59.325 0.0000000000
51882  33.769  -41.238  60.487 0.0000000000
51832  34.690  -41.703  63.282 0.0000000000
51813  34.473  -41.641  63.999 0.0000000000
51814  34.013  -41.494  63.734 0.0000000000
50876  34.496  -41.599  64.774 0.0000000000
50877  33.950  -41.440  65.162 0.0000000000
51782  31.971  -41.017  65.041 0.0000000000
51772  31.176  -41.385  65.580 0.0000000000
50800  33.443  -41.474  68.279 0.0000000000
50785  31.991  -41.957  68.941 0.0000000000
50765  32.350  -41.983  69.684 0.0000000000
49757  32.385  -42.186  70.204 0.0000000000
49745  32.617  -42.527  70.903 0.0000000000
40787  16.580  -51.886  72.286 0.0000000000
41807  17.252  -51.359  74.360 0.0000000000
40766  16.752  -51.719  75.187 0.0000000000
41801  17.267  -51.240  75.299 0.0000000000
41792  17.721  -50.520  76.434 0.0000000000
83122  57.311  -9.255  43.028 0.0000000000
79212  54.215  -13.352  41.841 0.0000000000
79202  57.394  -13.402  43.934 0.0000000000
78276  56.216  -15.113  43.134 0.0000000000
73449  47.802  -18.893  41.427 0.0000000000
73434  50.536  -19.867  42.583 0.0000000000
74429  47.901  -19.939  43.930 0.0000000000
74428  48.341  -19.948  43.663 0.0000000000
73424  49.670  -19.982  43.358 0.0000000000
73431  53.127  -19.320  43.514 0.0000000000
73419  53.800  -19.283  44.617 0.0000000000
73384  54.301  -19.267  45.412 0.0000000000
70286  51.003  -22.157  47.094 0.0000000000
70270  52.686  -21.376  47.374 0.0000000000
71308  52.987  -21.088  47.479 0.0000000000
68259  56.016  -24.035  47.736 0.0000000000
69284  55.338  -23.264  47.433 0.0000000000
70282  54.975  -22.536  47.514 0.0000000000
70265  56.716  -22.335  47.747 0.0000000000
70281  55.887  -22.507  47.587 0.0000000000
70267  54.608  -21.834  47.683 0.0000000000
71307  53.562  -21.172  47.587 0.0000000000
72349  53.390  -20.808  47.475 0.0000000000
72361  54.379  -20.342  47.381 0.0000000000
73358  54.876  -19.957  47.201 0.0000000000
73340  56.485  -20.007  47.860 0.0000000000
73357  55.865  -19.761  47.397 0.0000000000
74397  56.630  -19.203  47.147 0.0000000000
65139  42.516  -27.718  50.690 0.0000000000
65114  44.326  -27.719  52.423 0.0000000000
67235  41.137  -25.749  53.545 0.0000000000
66140  41.587  -25.945  53.624 0.0000000000
66138  43.341  -26.985  53.782 0.0000000000
66157  43.106  -27.229  53.144 0.0000000000
65061  47.038  -28.000  55.238 0.0000000000
65060  48.057  -28.237  54.967 0.0000000000
65059  49.200  -28.208  55.115 0.0000000000
65042  49.862  -28.331  55.840 0.0000000000
65041  50.611  -28.129  56.351 0.0000000000
56609  43.097  -36.070  58.040 0.0000000000
57802  43.256  -35.113  57.313 0.0000000000
58994  44.036  -34.342  57.833 0.0000000000
62074  42.382  -30.014  55.556 0.0000000000
62062  43.479  -30.004  56.345 0.0000000000
63040  42.410  -29.345  56.150 0.0000000000
63028  42.587  -28.949  56.756 0.0000000000
64034  42.481  -28.528  57.207 0.0000000000
64017  42.553  -28.211  57.822 0.0000000000
56503  46.004  -35.772  65.179 0.0000000000
57675  45.991  -35.076  64.360 0.0000000000
58917  46.133  -34.411  63.388 0.0000000000
58900  46.774  -33.743  64.752 0.0000000000
58933  46.620  -33.638  62.272 0.0000000000
60135  47.058  -32.910  61.738 0.0000000000
60152  47.359  -32.412  60.573 0.0000000000
61127  47.850  -31.518  63.892 0.0000000000
61999  48.181  -30.700  63.512 0.0000000000
61138  47.951  -31.337  62.776 0.0000000000
60151  47.814  -31.720  61.081 0.0000000000
61155  47.472  -31.819  59.718 0.0000000000
61167  47.330  -31.226  59.203 0.0000000000
62048  46.846  -30.596  58.684 0.0000000000
63012  45.356  -29.562  58.108 0.0000000000
62995  45.872  -29.001  59.301 0.0000000000
64016  43.110  -28.361  58.270 0.0000000000
65011  42.372  -27.618  58.341 0.0000000000
66042  42.388  -27.165  58.743 0.0000000000
66060  42.499  -26.556  58.652 0.0000000000
67118  42.992  -26.317  58.842 0.0000000000
67081  44.074  -26.577  60.059 0.0000000000
67100  43.827  -26.335  59.566 0.0000000000
67117  43.812  -26.089  58.725 0.0000000000
67116  44.740  -26.043  58.701 0.0000000000
67114  46.263  -26.586  58.555 0.0000000000
67039  47.408  -26.478  62.227 0.0000000000
67058  48.411  -26.175  61.542 0.0000000000
67097  46.622  -26.502  59.531 0.0000000000
66039  46.679  -26.738  58.886 0.0000000000
66059  46.716  -26.873  58.332 0.0000000000
66058  47.501  -27.376  58.228 0.0000000000
65009  48.304  -27.866  58.039 0.0000000000
65008  49.108  -28.021  58.270 0.0000000000
66056  49.661  -27.515  58.945 0.0000000000
65007  50.080  -28.183  58.344 0.0000000000
86321  52.667  -6.205  34.218 0.0000000000
84282  53.350  -8.406  33.731 0.0000000000
84265  54.818  -9.161  34.464 0.0000000000
84249  55.598  -8.806  35.355 0.0000000000
83167  53.469  -10.082  37.091 0.0000000000
84216  54.529  -9.143  38.305 0.0000000000
84224  54.726  -9.116  37.260 0.0000000000
85287  55.246  -8.646  36.855 0.0000000000
85286  55.690  -8.072  37.076 0.0000000000
85268  57.324  -7.487  39.645 0.0000000000
40758  15.358  -52.436  76.769 0.0000000000
41825  17.307  -50.642  71.302 0.0000000000
41827  16.274  -51.652  71.063 0.0000000000
47762  25.689  -44.637  67.016 0.0000000000
48811  27.853  -43.793  66.287 0.0000000000
49819  41.171  -42.688  65.064 0.0000000000
49820  40.534  -42.816  65.323 0.0000000000
49822  39.046  -42.695  66.054 0.0000000000
49843  22.974  -44.093  63.714 0.0000000000
50803  31.062  -42.205  67.534 0.0000000000
50857  30.952  -41.480  65.528 0.0000000000
50928  40.801  -41.511  61.357 0.0000000000
50934  35.814  -41.760  62.604 0.0000000000
50948  36.826  -41.814  61.598 0.0000000000
51785  29.801  -41.696  64.463 0.0000000000
51795  34.140  -41.512  64.267 0.0000000000
51810  43.817  -40.580  63.271 0.0000000000
51811  43.225  -40.853  63.140 0.0000000000
51812  42.529  -41.097  62.708 0.0000000000
51831  41.617  -41.261  61.730 0.0000000000
51836  31.373  -40.734  62.408 0.0000000000
51856  40.595  -41.272  60.943 0.0000000000
51874  41.544  -40.761  60.844 0.0000000000
51884  28.347  -40.869  60.392 0.0000000000
52716  44.665  -39.778  63.722 0.0000000000
52717  44.217  -40.187  63.338 0.0000000000
52728  44.232  -39.864  62.513 0.0000000000
52730  31.720  -40.720  61.715 0.0000000000
52756  32.164  -40.708  60.078 0.0000000000
52780  40.242  -39.639  58.749 0.0000000000
52800  37.904  -39.818  57.625 0.0000000000
53624  44.299  -39.341  61.875 0.0000000000
53631  43.206  -39.435  60.741 0.0000000000
54582  41.743  -38.439  58.427 0.0000000000
55511  44.863  -37.019  60.995 0.0000000000
55531  43.757  -37.156  59.294 0.0000000000
55545  42.338  -37.352  57.696 0.0000000000
55560  41.464  -37.292  56.639 0.0000000000
56502  46.349  -35.332  65.709 0.0000000000
56544  44.978  -36.400  60.681 0.0000000000
56608  43.618  -35.681  58.292 0.0000000000
56625  42.569  -36.141  57.052 0.0000000000
57691  46.111  -34.528  63.847 0.0000000000
57770  45.176  -34.481  59.301 0.0000000000
57787  43.970  -35.021  58.297 0.0000000000
58875  47.458  -33.909  66.544 0.0000000000
60086  47.715  -32.395  65.343 0.0000000000
60166  46.192  -32.988  58.850 0.0000000000
61166  47.550  -30.758  59.576 0.0000000000
61181  45.662  -31.663  57.440 0.0000000000
62037  47.556  -30.283  59.733 0.0000000000
62060  45.310  -30.660  57.320 0.0000000000
62974  46.991  -28.798  60.855 0.0000000000
62993  47.445  -29.854  59.882 0.0000000000
62997  44.067  -28.686  58.765 0.0000000000
63010  46.850  -30.167  59.023 0.0000000000
63011  46.401  -29.869  58.678 0.0000000000
63014  43.273  -28.919  57.811 0.0000000000
63963  46.343  -27.775  61.899 0.0000000000
63975  47.096  -28.536  61.420 0.0000000000
63986  45.948  -28.397  60.509 0.0000000000
63999  44.082  -28.171  59.207 0.0000000000
64000  43.414  -28.037  58.820 0.0000000000
64032  49.324  -28.603  57.235 0.0000000000
64050  42.134  -28.666  56.691 0.0000000000
64060  49.247  -28.578  55.968 0.0000000000
64062  47.832  -28.353  55.709 0.0000000000
64969  45.396  -27.563  61.210 0.0000000000
64970  44.888  -27.413  60.859 0.0000000000
64980  44.636  -27.554  60.415 0.0000000000
64992  42.688  -27.381  58.888 0.0000000000
65024  49.425  -28.402  57.803 0.0000000000
65063  45.340  -27.093  54.998 0.0000000000
65080  44.320  -27.353  54.163 0.0000000000
65099  43.422  -27.352  53.273 0.0000000000
66001  46.734  -27.119  62.361 0.0000000000
66012  45.640  -27.083  61.492 0.0000000000
66024  44.693  -26.698  60.691 0.0000000000
66025  44.383  -26.940  60.379 0.0000000000
66040  43.602  -26.862  59.710 0.0000000000
66041  42.740  -26.852  59.091 0.0000000000
66074  45.702  -26.394  57.198 0.0000000000
66116  48.567  -27.302  53.519 0.0000000000
66175  46.405  -26.964  50.954 0.0000000000
66214  45.299  -26.691  48.874 0.0000000000
67041  45.976  -26.853  61.686 0.0000000000
67131  46.294  -26.679  57.991 0.0000000000
67152  40.513  -25.923  56.481 0.0000000000
67167  44.115  -25.834  56.352 0.0000000000
67168  43.470  -25.616  55.998 0.0000000000
67187  43.116  -25.712  55.362 0.0000000000
67189  41.808  -25.229  54.864 0.0000000000
67190  41.135  -25.124  54.523 0.0000000000
67302  54.365  -25.218  48.490 0.0000000000
68157  42.612  -25.529  56.595 0.0000000000
68165  42.874  -25.428  56.189 0.0000000000
68248  46.505  -25.234  47.657 0.0000000000
68260  55.581  -23.885  47.552 0.0000000000
70266  56.162  -22.050  47.736 0.0000000000
71306  54.282  -21.226  47.676 0.0000000000
71322  52.396  -21.144  47.278 0.0000000000
72377  49.124  -20.700  45.797 0.0000000000
73402  54.061  -19.287  45.008 0.0000000000
73409  48.121  -20.087  44.311 0.0000000000
73420  53.365  -19.346  44.275 0.0000000000
73426  47.991  -19.866  42.740 0.0000000000
73437  47.763  -19.560  41.915 0.0000000000
73446  50.410  -19.466  41.645 0.0000000000
74415  54.193  -19.435  46.211 0.0000000000
75482  50.454  -16.685  40.773 0.0000000000
76460  52.008  -16.664  40.629 0.0000000000
76461  50.576  -15.741  40.972 0.0000000000
76473  50.428  -16.417  40.843 0.0000000000
79235  52.436  -13.022  41.054 0.0000000000
79236  52.249  -12.874  41.120 0.0000000000
80210  52.640  -12.836  41.039 0.0000000000
80211  52.434  -12.762  41.100 0.0000000000
83143  54.087  -9.371  40.418 0.0000000000
83152  52.529  -10.435  39.267 0.0000000000
84210  52.909  -10.136  39.265 0.0000000000
84250  55.039  -9.303  35.480 0.0000000000
85299  55.352  -8.788  36.407 0.0000000000
85323  57.631  -7.181  34.509 0.0000000000
86293  58.164  -7.088  36.883 0.0000000000
86319  57.763  -6.957  34.999 0.0000000000
