#!ascii label  , from subject sub-1633992 vox2ras=TkReg
743
48736  31.989  -43.768  71.526 0.0000000000
66085  51.617  -27.265  55.964 0.0000000000
67282  61.862  -25.642  49.644 0.0000000000
62950  50.973  -29.512  63.787 0.0000000000
49767  39.927  -42.842  69.119 0.0000000000
47649  37.656  -44.568  71.104 0.0000000000
67227  57.010  -25.654  52.908 0.0000000000
67143  57.677  -26.233  56.964 0.0000000000
60046  48.769  -33.097  66.753 0.0000000000
50773  44.556  -41.603  69.662 0.0000000000
77360  60.014  -16.034  45.175 0.0000000000
71301  59.461  -21.372  48.834 0.0000000000
65986  47.251  -27.173  62.837 0.0000000000
68111  53.025  -25.357  61.622 0.0000000000
50743  36.298  -41.975  71.305 0.0000000000
47635  35.098  -43.420  71.476 0.0000000000
67183  54.140  -25.737  54.112 0.0000000000
67179  57.610  -25.764  55.209 0.0000000000
67147  55.430  -25.400  56.464 0.0000000000
53604  49.119  -38.711  65.023 0.0000000000
48753  41.403  -43.752  70.671 0.0000000000
51742  42.549  -41.389  70.191 0.0000000000
47692  43.348  -44.120  68.958 0.0000000000
75429  58.904  -17.224  46.171 0.0000000000
75428  60.380  -17.490  45.758 0.0000000000
75418  59.653  -17.946  47.275 0.0000000000
68222  58.757  -24.619  49.551 0.0000000000
69272  58.451  -23.378  48.555 0.0000000000
69270  61.086  -23.278  48.809 0.0000000000
69281  61.086  -22.805  47.589 0.0000000000
67333  60.285  -24.927  46.547 0.0000000000
61071  50.417  -31.382  66.469 0.0000000000
62940  48.487  -29.442  64.839 0.0000000000
64903  50.180  -27.919  65.413 0.0000000000
67016  50.000  -26.302  63.155 0.0000000000
64938  52.522  -26.852  63.345 0.0000000000
64967  54.284  -27.235  61.667 0.0000000000
62970  52.945  -29.441  61.630 0.0000000000
49722  38.890  -43.022  71.769 0.0000000000
67270  55.701  -25.671  50.614 0.0000000000
67266  60.276  -25.798  51.058 0.0000000000
66152  59.269  -26.752  52.988 0.0000000000
64069  58.870  -27.993  54.100 0.0000000000
54508  46.964  -37.750  68.875 0.0000000000
55451  49.389  -36.298  67.694 0.0000000000
56501  50.202  -35.162  66.001 0.0000000000
58914  50.300  -33.362  63.718 0.0000000000
60133  50.863  -31.841  61.385 0.0000000000
52657  45.004  -38.969  68.400 0.0000000000
51756  46.863  -40.392  68.258 0.0000000000
76441  60.918  -16.334  43.439 0.0000000000
73338  58.332  -19.576  48.126 0.0000000000
72373  60.464  -20.593  47.815 0.0000000000
71345  59.121  -21.666  45.769 0.0000000000
66053  52.513  -26.605  58.481 0.0000000000
67088  55.961  -25.483  59.127 0.0000000000
64012  56.590  -27.942  58.502 0.0000000000
47654  32.540  -44.272  70.955 0.0000000000
47637  33.094  -43.660  71.291 0.0000000000
47652  34.582  -43.631  71.012 0.0000000000
66099  52.695  -26.294  54.910 0.0000000000
67148  54.411  -25.746  56.152 0.0000000000
66070  53.554  -26.200  56.817 0.0000000000
47668  42.272  -44.409  69.821 0.0000000000
75430  58.140  -17.491  45.952 0.0000000000
75424  59.400  -17.422  46.611 0.0000000000
75419  59.124  -18.040  47.157 0.0000000000
68220  60.976  -24.576  49.918 0.0000000000
69252  60.627  -23.572  49.222 0.0000000000
68235  62.053  -24.535  48.928 0.0000000000
68257  61.810  -24.311  47.691 0.0000000000
61979  51.070  -30.258  65.099 0.0000000000
62933  50.215  -29.698  66.329 0.0000000000
63941  50.954  -28.498  64.618 0.0000000000
65945  50.898  -27.294  64.585 0.0000000000
63948  51.850  -27.990  63.569 0.0000000000
63958  52.975  -28.008  62.624 0.0000000000
62959  51.886  -28.953  62.515 0.0000000000
49740  37.602  -42.475  71.778 0.0000000000
47632  38.020  -44.166  71.783 0.0000000000
47647  39.485  -44.478  71.290 0.0000000000
67229  54.885  -25.692  52.432 0.0000000000
67251  54.756  -25.755  51.435 0.0000000000
67249  56.916  -25.699  51.856 0.0000000000
67268  57.882  -25.594  51.038 0.0000000000
67248  58.065  -25.843  52.051 0.0000000000
67247  59.319  -26.307  52.199 0.0000000000
67226  57.983  -25.940  53.180 0.0000000000
67161  57.473  -25.824  56.082 0.0000000000
66111  58.395  -26.674  54.941 0.0000000000
65056  58.379  -27.199  55.540 0.0000000000
63061  58.213  -28.597  54.700 0.0000000000
64043  57.900  -27.721  56.369 0.0000000000
52668  48.087  -39.327  67.655 0.0000000000
55437  48.513  -36.785  68.595 0.0000000000
53587  49.074  -38.617  66.651 0.0000000000
54536  49.719  -37.409  64.854 0.0000000000
57673  50.681  -34.428  65.102 0.0000000000
51740  43.826  -41.348  69.930 0.0000000000
52647  44.013  -40.069  69.313 0.0000000000
52646  44.993  -39.459  69.226 0.0000000000
52645  45.901  -39.577  69.124 0.0000000000
50772  45.703  -41.294  69.221 0.0000000000
77368  58.808  -16.148  44.775 0.0000000000
77359  60.416  -16.037  44.729 0.0000000000
74408  60.262  -18.361  46.209 0.0000000000
70263  58.988  -22.225  48.699 0.0000000000
70265  56.716  -22.335  47.747 0.0000000000
71302  58.422  -21.322  48.503 0.0000000000
73339  57.318  -19.878  47.989 0.0000000000
72343  58.858  -20.414  48.592 0.0000000000
73336  59.835  -19.710  48.207 0.0000000000
72359  60.396  -20.646  48.307 0.0000000000
69316  59.324  -23.363  45.922 0.0000000000
70306  59.632  -22.497  46.152 0.0000000000
58874  47.891  -33.590  66.811 0.0000000000
60074  47.902  -32.692  66.190 0.0000000000
63943  48.194  -28.306  63.990 0.0000000000
62952  48.308  -29.480  62.854 0.0000000000
67035  51.267  -25.825  62.246 0.0000000000
67057  49.441  -26.002  61.534 0.0000000000
67074  50.648  -25.797  60.675 0.0000000000
66034  51.193  -26.614  59.444 0.0000000000
67072  52.417  -25.393  60.428 0.0000000000
67090  53.797  -25.411  59.662 0.0000000000
67070  54.215  -25.465  60.750 0.0000000000
63984  54.988  -28.201  60.465 0.0000000000
64978  55.670  -27.131  59.992 0.0000000000
62991  55.818  -28.596  58.938 0.0000000000
63024  55.742  -29.531  57.713 0.0000000000
49726  35.177  -42.804  71.807 0.0000000000
47634  36.053  -43.637  71.678 0.0000000000
47672  36.935  -44.349  70.530 0.0000000000
47673  36.126  -43.942  70.491 0.0000000000
67205  56.032  -25.501  53.665 0.0000000000
67204  57.024  -25.583  53.957 0.0000000000
67181  56.113  -25.443  54.678 0.0000000000
67163  56.207  -25.391  55.678 0.0000000000
67128  56.535  -25.410  57.475 0.0000000000
50738  40.771  -42.668  70.748 0.0000000000
50775  41.325  -42.260  69.611 0.0000000000
50736  41.888  -42.396  70.695 0.0000000000
49753  42.817  -42.674  70.414 0.0000000000
49765  44.252  -42.487  69.542 0.0000000000
49778  45.137  -42.373  68.468 0.0000000000
48772  44.271  -43.448  68.338 0.0000000000
76427  59.392  -16.685  45.731 0.0000000000
76425  60.380  -16.736  45.391 0.0000000000
76421  59.804  -17.018  46.234 0.0000000000
75422  60.284  -17.732  46.593 0.0000000000
74400  60.358  -18.565  46.947 0.0000000000
68223  57.571  -24.826  49.298 0.0000000000
69254  58.778  -23.972  48.996 0.0000000000
69271  59.196  -22.887  48.815 0.0000000000
70262  60.671  -22.723  48.826 0.0000000000
71319  60.764  -21.694  48.223 0.0000000000
69280  61.405  -23.188  47.786 0.0000000000
68277  60.924  -24.346  46.831 0.0000000000
61072  49.891  -31.889  66.650 0.0000000000
61088  48.624  -31.661  66.406 0.0000000000
62924  49.209  -30.169  66.516 0.0000000000
63922  48.935  -28.545  65.777 0.0000000000
65949  48.839  -27.427  64.738 0.0000000000
67018  48.223  -26.498  63.099 0.0000000000
66999  49.752  -26.467  63.942 0.0000000000
65984  51.387  -26.559  63.528 0.0000000000
67013  52.660  -26.178  62.736 0.0000000000
67032  53.748  -25.922  62.109 0.0000000000
64953  53.718  -27.161  62.312 0.0000000000
63972  54.021  -28.378  61.587 0.0000000000
62013  53.767  -30.378  60.719 0.0000000000
50780  36.583  -41.782  69.689 0.0000000000
50759  37.796  -42.100  70.676 0.0000000000
50757  39.444  -42.515  70.525 0.0000000000
49737  40.094  -43.095  71.248 0.0000000000
46733  40.732  -45.035  70.304 0.0000000000
67285  57.722  -25.272  50.128 0.0000000000
68216  59.353  -25.024  50.211 0.0000000000
67265  61.198  -26.073  50.547 0.0000000000
67245  60.779  -26.611  50.943 0.0000000000
65109  60.001  -27.334  51.837 0.0000000000
65110  59.588  -27.664  52.281 0.0000000000
67225  58.522  -26.368  53.511 0.0000000000
65092  59.240  -27.604  53.172 0.0000000000
55454  46.085  -36.656  67.175 0.0000000000
56476  47.420  -36.157  68.206 0.0000000000
56483  48.592  -35.796  68.016 0.0000000000
57636  48.752  -34.662  67.327 0.0000000000
53594  49.452  -38.078  66.175 0.0000000000
55464  49.908  -35.806  66.343 0.0000000000
57649  49.689  -34.514  66.604 0.0000000000
58872  50.437  -33.645  66.073 0.0000000000
60073  50.926  -32.686  65.280 0.0000000000
61114  50.952  -31.349  64.098 0.0000000000
62006  50.822  -30.336  62.778 0.0000000000
58931  50.065  -32.800  62.334 0.0000000000
54509  46.080  -37.733  68.514 0.0000000000
52656  46.986  -39.662  68.465 0.0000000000
50809  47.290  -40.503  67.336 0.0000000000
49791  45.372  -42.476  67.635 0.0000000000
49804  46.069  -41.974  66.245 0.0000000000
78265  60.108  -14.926  43.304 0.0000000000
74396  57.384  -18.874  47.291 0.0000000000
74394  59.282  -18.548  47.602 0.0000000000
74393  59.840  -18.761  47.686 0.0000000000
73369  60.216  -19.815  46.855 0.0000000000
71335  60.673  -21.513  47.631 0.0000000000
71344  59.865  -21.519  46.352 0.0000000000
72382  59.325  -20.505  45.905 0.0000000000
61990  48.135  -30.966  64.518 0.0000000000
65006  51.124  -27.959  58.191 0.0000000000
65021  52.262  -27.139  57.842 0.0000000000
66052  53.509  -26.021  57.952 0.0000000000
67111  55.276  -25.349  58.412 0.0000000000
68138  56.799  -25.689  58.469 0.0000000000
66010  55.099  -26.456  60.927 0.0000000000
66022  56.078  -26.549  59.777 0.0000000000
66051  57.415  -26.647  58.024 0.0000000000
64045  56.956  -28.640  56.874 0.0000000000
61146  51.791  -31.059  61.265 0.0000000000
61144  53.301  -31.240  60.732 0.0000000000
47638  32.295  -44.045  71.448 0.0000000000
47655  31.777  -44.606  71.261 0.0000000000
48735  32.727  -43.501  71.467 0.0000000000
66084  52.419  -26.849  56.209 0.0000000000
66083  53.447  -26.154  55.708 0.0000000000
75425  58.671  -17.819  46.715 0.0000000000
74401  57.854  -18.260  46.746 0.0000000000
67283  61.410  -25.276  50.073 0.0000000000
68219  61.702  -24.757  49.646 0.0000000000
67301  62.070  -25.459  48.495 0.0000000000
66228  61.779  -26.160  48.242 0.0000000000
62938  50.851  -29.389  65.471 0.0000000000
62944  50.944  -29.408  64.621 0.0000000000
63949  51.207  -28.573  64.022 0.0000000000
63960  51.531  -28.708  63.278 0.0000000000
62960  51.202  -29.499  62.863 0.0000000000
47633  37.012  -43.993  71.823 0.0000000000
48730  37.531  -43.455  72.033 0.0000000000
46716  38.536  -44.879  70.819 0.0000000000
67228  55.937  -25.575  52.648 0.0000000000
67160  57.812  -26.185  56.263 0.0000000000
66097  58.162  -26.537  55.730 0.0000000000
66082  58.024  -26.659  56.394 0.0000000000
64058  58.140  -27.821  55.897 0.0000000000
66068  57.775  -26.687  57.168 0.0000000000
52680  48.137  -39.687  67.155 0.0000000000
52667  48.576  -38.968  67.531 0.0000000000
51766  48.338  -39.682  66.616 0.0000000000
51750  43.610  -40.721  69.776 0.0000000000
51749  44.410  -40.601  69.625 0.0000000000
51748  45.364  -40.496  69.425 0.0000000000
77361  59.707  -16.270  45.350 0.0000000000
77367  59.297  -15.805  44.653 0.0000000000
77366  59.988  -15.528  44.437 0.0000000000
72342  59.713  -20.475  48.641 0.0000000000
68293  59.010  -23.881  45.763 0.0000000000
58861  48.477  -33.755  66.986 0.0000000000
60062  48.386  -32.753  66.636 0.0000000000
64941  47.782  -27.776  63.587 0.0000000000
63951  47.190  -27.814  62.757 0.0000000000
67034  52.439  -25.622  62.089 0.0000000000
67055  51.458  -25.566  61.396 0.0000000000
67054  52.319  -25.370  61.214 0.0000000000
67073  51.561  -25.558  60.569 0.0000000000
68121  52.928  -25.292  61.024 0.0000000000
67071  53.284  -25.319  60.462 0.0000000000
68120  53.500  -25.393  61.247 0.0000000000
62979  54.802  -29.191  60.092 0.0000000000
62992  55.178  -29.328  59.419 0.0000000000
63009  55.433  -29.447  58.616 0.0000000000
48733  34.629  -43.159  71.631 0.0000000000
48732  35.586  -43.187  71.892 0.0000000000
47651  35.597  -43.729  71.113 0.0000000000
67184  53.153  -25.929  53.976 0.0000000000
67206  54.999  -25.575  53.404 0.0000000000
67182  55.095  -25.499  54.386 0.0000000000
67164  55.231  -25.468  55.405 0.0000000000
67146  56.341  -25.375  56.636 0.0000000000
67129  55.725  -25.294  57.436 0.0000000000
49736  41.109  -42.935  70.847 0.0000000000
50737  41.561  -42.491  70.660 0.0000000000
48741  41.581  -43.190  70.782 0.0000000000
47667  42.958  -43.973  69.482 0.0000000000
48751  43.022  -43.326  69.931 0.0000000000
48762  43.449  -43.493  69.434 0.0000000000
49752  43.697  -42.399  69.958 0.0000000000
48761  44.036  -43.222  69.066 0.0000000000
76428  58.765  -16.863  45.653 0.0000000000
76434  58.947  -16.402  45.208 0.0000000000
75423  59.950  -17.440  46.778 0.0000000000
75417  60.150  -18.013  47.287 0.0000000000
75416  60.317  -18.200  47.114 0.0000000000
68236  58.230  -24.263  48.933 0.0000000000
69253  59.501  -23.498  49.097 0.0000000000
70249  60.059  -22.710  49.008 0.0000000000
70261  60.866  -22.604  48.498 0.0000000000
69269  61.541  -23.452  48.498 0.0000000000
68258  61.393  -24.948  47.219 0.0000000000
68276  61.419  -23.891  47.225 0.0000000000
68278  59.652  -24.348  46.118 0.0000000000
61966  49.477  -30.898  66.598 0.0000000000
61965  50.067  -30.752  66.581 0.0000000000
63932  50.402  -28.903  65.769 0.0000000000
63920  49.782  -28.697  65.946 0.0000000000
64888  49.387  -28.265  65.725 0.0000000000
64905  49.013  -27.905  65.401 0.0000000000
65948  49.317  -27.309  64.994 0.0000000000
65965  49.520  -26.790  64.569 0.0000000000
65947  49.939  -27.154  65.134 0.0000000000
64921  51.546  -27.159  64.033 0.0000000000
65963  51.200  -26.957  64.188 0.0000000000
65983  52.072  -26.711  63.451 0.0000000000
67014  51.863  -26.242  62.855 0.0000000000
65982  52.710  -26.601  63.050 0.0000000000
66000  53.228  -26.282  62.590 0.0000000000
64954  53.101  -27.093  62.939 0.0000000000
62958  52.661  -28.770  62.265 0.0000000000
63973  53.363  -28.614  61.971 0.0000000000
62969  53.606  -29.355  61.300 0.0000000000
50761  35.965  -41.753  70.470 0.0000000000
50781  35.651  -41.621  69.523 0.0000000000
49739  38.485  -42.635  71.602 0.0000000000
50741  38.137  -42.272  71.292 0.0000000000
50758  38.625  -42.301  70.687 0.0000000000
50740  38.993  -42.463  71.153 0.0000000000
50739  39.859  -42.656  70.958 0.0000000000
49721  39.419  -43.065  71.550 0.0000000000
67286  56.657  -25.347  49.880 0.0000000000
67267  59.129  -25.626  51.028 0.0000000000
68214  60.868  -25.372  50.419 0.0000000000
67246  60.389  -26.492  51.339 0.0000000000
66170  59.636  -26.790  52.439 0.0000000000
66169  60.016  -26.843  52.004 0.0000000000
66150  60.095  -27.101  51.945 0.0000000000
65125  59.835  -27.659  51.732 0.0000000000
66151  59.694  -27.154  52.490 0.0000000000
67203  57.780  -25.820  54.253 0.0000000000
67202  58.180  -26.236  54.553 0.0000000000
65073  58.683  -27.312  54.437 0.0000000000
65093  58.981  -27.324  53.726 0.0000000000
65072  58.913  -27.749  53.953 0.0000000000
64100  59.157  -28.143  52.876 0.0000000000
64084  58.959  -28.045  53.725 0.0000000000
55439  46.681  -36.719  68.132 0.0000000000
55453  46.541  -36.220  67.471 0.0000000000
55438  47.594  -36.833  68.734 0.0000000000
54515  49.145  -37.243  68.101 0.0000000000
56474  48.451  -36.186  68.549 0.0000000000
56482  49.104  -35.373  67.432 0.0000000000
53595  49.177  -38.720  65.850 0.0000000000
55473  50.209  -35.918  65.685 0.0000000000
55474  49.849  -36.619  66.047 0.0000000000
56493  49.889  -35.087  66.435 0.0000000000
57648  50.120  -34.436  66.234 0.0000000000
58873  49.978  -33.675  66.425 0.0000000000
57660  50.463  -34.432  65.743 0.0000000000
57689  50.449  -34.392  64.350 0.0000000000
58899  50.755  -33.523  64.733 0.0000000000
60085  50.787  -32.482  64.389 0.0000000000
60099  50.460  -32.156  63.387 0.0000000000
50774  42.002  -41.554  70.021 0.0000000000
50794  41.633  -42.403  68.469 0.0000000000
50793  42.192  -41.663  69.038 0.0000000000
52669  44.780  -39.106  67.646 0.0000000000
53589  45.264  -38.655  66.905 0.0000000000
53582  45.356  -38.276  67.815 0.0000000000
54517  45.547  -37.951  67.910 0.0000000000
53572  45.531  -38.510  68.640 0.0000000000
51747  46.278  -40.385  68.934 0.0000000000
52644  46.592  -39.341  68.877 0.0000000000
51755  47.383  -39.853  67.957 0.0000000000
50810  46.874  -40.895  67.631 0.0000000000
50847  46.568  -41.479  65.850 0.0000000000
77365  60.495  -15.673  43.911 0.0000000000
76419  60.296  -17.215  46.029 0.0000000000
69273  57.100  -23.402  47.848 0.0000000000
69283  56.184  -23.350  47.582 0.0000000000
69282  56.619  -22.976  47.630 0.0000000000
73340  56.485  -20.007  47.860 0.0000000000
73355  57.666  -19.281  47.717 0.0000000000
73356  56.888  -19.519  47.574 0.0000000000
74395  58.414  -18.622  47.478 0.0000000000
74380  58.975  -19.073  47.922 0.0000000000
73353  60.127  -19.644  47.893 0.0000000000
73354  59.897  -19.296  47.932 0.0000000000
73368  60.280  -19.546  47.304 0.0000000000
72374  60.394  -20.573  47.231 0.0000000000
70279  60.986  -22.382  47.872 0.0000000000
70297  60.773  -22.328  47.375 0.0000000000
72381  60.059  -20.543  46.611 0.0000000000
72383  58.567  -21.002  45.305 0.0000000000
61973  48.733  -30.662  66.189 0.0000000000
61981  48.172  -31.226  65.154 0.0000000000
61980  48.423  -30.588  65.380 0.0000000000
67017  49.054  -26.329  63.181 0.0000000000
67075  49.667  -26.034  60.736 0.0000000000
66033  51.972  -26.392  59.262 0.0000000000
66055  50.667  -27.425  58.959 0.0000000000
66054  51.599  -27.101  58.819 0.0000000000
65005  51.936  -27.292  58.205 0.0000000000
65004  52.239  -27.021  58.184 0.0000000000
66071  52.801  -26.750  57.416 0.0000000000
67113  53.356  -25.790  58.867 0.0000000000
67089  54.866  -25.369  59.549 0.0000000000
67112  54.248  -25.491  58.665 0.0000000000
67110  55.900  -25.229  57.952 0.0000000000
66011  54.327  -26.199  61.692 0.0000000000
67051  54.748  -25.719  61.206 0.0000000000
64989  55.948  -27.578  59.494 0.0000000000
64977  56.002  -27.016  59.700 0.0000000000
64988  56.505  -27.106  59.106 0.0000000000
66031  56.995  -26.590  58.632 0.0000000000
65002  57.045  -27.119  58.330 0.0000000000
64028  57.121  -27.690  57.806 0.0000000000
64029  56.817  -28.350  57.543 0.0000000000
63037  56.100  -29.633  56.666 0.0000000000
61137  50.727  -31.061  62.199 0.0000000000
62017  51.030  -30.455  62.068 0.0000000000
48734  33.634  -43.273  71.548 0.0000000000
47636  34.084  -43.451  71.358 0.0000000000
47653  33.547  -43.773  70.950 0.0000000000
66098  53.423  -25.993  55.090 0.0000000000
67165  54.156  -25.737  55.073 0.0000000000
47669  41.473  -44.380  70.405 0.0000000000
48752  42.134  -43.512  70.465 0.0000000000
47693  42.711  -44.620  69.251 0.0000000000
68221  59.947  -24.388  49.759 0.0000000000
69251  61.458  -23.972  49.233 0.0000000000
67320  61.676  -25.507  47.618 0.0000000000
61971  50.957  -30.479  65.784 0.0000000000
61972  50.598  -30.641  66.283 0.0000000000
62932  50.705  -29.905  66.054 0.0000000000
63931  50.668  -28.321  65.073 0.0000000000
64902  50.667  -27.628  64.837 0.0000000000
64922  51.152  -27.588  64.360 0.0000000000
64940  51.427  -27.913  64.070 0.0000000000
64939  52.001  -27.252  63.681 0.0000000000
64955  52.466  -27.656  63.166 0.0000000000
63959  52.247  -28.262  62.894 0.0000000000
62971  52.209  -29.489  61.907 0.0000000000
49741  36.667  -42.359  71.846 0.0000000000
49724  37.077  -42.794  72.161 0.0000000000
49723  38.043  -42.925  72.007 0.0000000000
48729  38.574  -43.584  71.891 0.0000000000
48744  39.276  -43.927  71.698 0.0000000000
47631  38.799  -44.212  71.681 0.0000000000
67230  53.869  -25.802  52.254 0.0000000000
67250  55.820  -25.681  51.636 0.0000000000
67269  56.784  -25.625  50.838 0.0000000000
67178  57.997  -26.136  55.475 0.0000000000
64070  58.588  -28.128  54.631 0.0000000000
64059  58.010  -28.378  55.499 0.0000000000
63048  57.555  -28.705  55.879 0.0000000000
54507  47.952  -37.798  68.770 0.0000000000
53569  48.252  -38.605  68.179 0.0000000000
53579  48.934  -38.328  67.589 0.0000000000
53578  49.194  -37.926  67.240 0.0000000000
53611  49.346  -38.095  64.680 0.0000000000
55481  50.373  -35.891  64.933 0.0000000000
56508  50.423  -35.184  65.385 0.0000000000
56517  50.435  -35.166  64.747 0.0000000000
51741  43.096  -41.334  70.194 0.0000000000
51751  42.865  -40.945  69.536 0.0000000000
52671  43.320  -40.557  67.707 0.0000000000
52658  44.363  -39.581  68.501 0.0000000000
53561  45.759  -38.936  69.056 0.0000000000
50791  46.308  -41.133  68.645 0.0000000000
76433  60.847  -16.563  44.372 0.0000000000
70264  57.900  -22.321  48.140 0.0000000000
71303  57.313  -21.371  48.106 0.0000000000
72344  57.838  -20.474  48.295 0.0000000000
73337  59.234  -19.672  48.316 0.0000000000
73335  60.130  -20.096  48.250 0.0000000000
69301  60.238  -23.382  46.408 0.0000000000
70298  60.415  -22.406  46.695 0.0000000000
70307  58.831  -22.560  45.630 0.0000000000
57650  47.575  -34.295  67.009 0.0000000000
63942  48.424  -28.829  64.422 0.0000000000
61989  48.350  -30.134  64.222 0.0000000000
62945  48.349  -29.181  63.737 0.0000000000
62953  48.061  -28.870  62.871 0.0000000000
67036  50.245  -26.012  62.326 0.0000000000
67037  49.234  -26.142  62.371 0.0000000000
67056  50.458  -25.793  61.484 0.0000000000
67094  49.916  -26.247  60.028 0.0000000000
67093  50.864  -26.039  59.966 0.0000000000
67092  51.762  -25.860  59.836 0.0000000000
67091  52.714  -25.727  59.550 0.0000000000
67069  55.400  -25.615  60.359 0.0000000000
63971  54.525  -28.068  61.113 0.0000000000
64966  54.895  -27.391  60.833 0.0000000000
63996  55.520  -28.272  59.686 0.0000000000
63008  56.183  -28.834  58.133 0.0000000000
50744  35.353  -41.992  71.118 0.0000000000
49743  34.788  -42.477  71.448 0.0000000000
49742  35.725  -42.359  71.718 0.0000000000
49725  36.102  -42.737  72.118 0.0000000000
48731  36.539  -43.303  72.060 0.0000000000
47650  36.560  -44.042  71.183 0.0000000000
47671  37.586  -44.660  70.364 0.0000000000
67207  54.001  -25.748  53.202 0.0000000000
67180  57.010  -25.460  54.954 0.0000000000
67162  56.982  -25.478  55.893 0.0000000000
67145  56.989  -25.585  56.747 0.0000000000
67127  57.062  -25.656  57.368 0.0000000000
51777  48.392  -39.700  65.887 0.0000000000
50756  40.468  -42.520  70.322 0.0000000000
50776  40.489  -42.638  69.620 0.0000000000
50755  41.394  -42.164  70.428 0.0000000000
50754  42.276  -42.098  70.533 0.0000000000
50753  43.334  -41.939  70.306 0.0000000000
50752  43.877  -41.829  69.973 0.0000000000
49764  44.894  -42.223  69.133 0.0000000000
48760  44.607  -42.769  68.747 0.0000000000
48771  44.688  -42.836  68.439 0.0000000000
48782  44.300  -43.944  67.481 0.0000000000
76426  59.937  -16.587  45.737 0.0000000000
76420  60.122  -17.076  46.175 0.0000000000
73381  60.261  -19.112  46.741 0.0000000000
68237  57.434  -24.288  48.517 0.0000000000
70250  59.612  -22.506  48.924 0.0000000000
71291  59.891  -21.981  48.913 0.0000000000
71300  60.373  -21.610  48.729 0.0000000000
71299  60.684  -22.063  48.422 0.0000000000
70278  61.093  -22.621  48.244 0.0000000000
69299  61.495  -23.660  47.447 0.0000000000
69300  61.048  -23.252  47.150 0.0000000000
60045  49.254  -32.795  66.662 0.0000000000
60061  48.825  -32.392  66.660 0.0000000000
61073  49.163  -31.731  66.667 0.0000000000
61967  49.011  -30.867  66.540 0.0000000000
62925  48.926  -30.274  66.442 0.0000000000
62923  49.661  -30.158  66.562 0.0000000000
62934  49.481  -29.467  66.321 0.0000000000
62935  48.824  -29.543  65.984 0.0000000000
63933  48.601  -28.496  65.007 0.0000000000
64923  48.142  -27.676  64.105 0.0000000000
65985  47.738  -27.269  63.520 0.0000000000
67019  47.548  -26.813  62.976 0.0000000000
67001  48.252  -26.766  63.753 0.0000000000
67000  48.924  -26.578  63.884 0.0000000000
65964  50.305  -26.769  64.523 0.0000000000
66998  50.633  -26.502  63.819 0.0000000000
67015  50.940  -26.220  63.041 0.0000000000
68110  53.510  -25.544  61.779 0.0000000000
67033  53.260  -25.704  62.162 0.0000000000
65999  53.757  -26.609  62.257 0.0000000000
63957  53.644  -27.755  62.250 0.0000000000
62968  54.265  -29.095  60.793 0.0000000000
49781  39.266  -42.762  68.459 0.0000000000
50760  36.890  -41.938  70.603 0.0000000000
50778  38.348  -42.286  69.935 0.0000000000
49768  39.082  -42.572  69.487 0.0000000000
49755  39.801  -42.631  69.907 0.0000000000
48742  40.801  -43.610  70.943 0.0000000000
48743  39.965  -43.838  71.405 0.0000000000
47646  40.414  -44.434  70.845 0.0000000000
47645  41.007  -44.142  70.703 0.0000000000
67284  58.592  -25.257  50.373 0.0000000000
68215  60.143  -25.141  50.400 0.0000000000
67264  61.610  -26.158  50.101 0.0000000000
66210  61.840  -26.332  49.061 0.0000000000
66183  61.412  -26.394  50.251 0.0000000000
66184  60.978  -26.850  50.485 0.0000000000
66168  60.441  -26.994  51.432 0.0000000000
66132  58.774  -26.813  53.911 0.0000000000
66131  59.245  -27.125  53.260 0.0000000000
56485  46.937  -35.607  67.486 0.0000000000
56484  47.782  -35.555  67.845 0.0000000000
57638  47.465  -34.898  67.350 0.0000000000
57637  48.083  -34.636  67.390 0.0000000000
58860  48.993  -33.776  66.933 0.0000000000
52691  48.767  -39.220  66.279 0.0000000000
54523  49.574  -37.357  66.490 0.0000000000
54530  49.690  -37.391  65.700 0.0000000000
55465  49.640  -36.507  66.821 0.0000000000
56494  49.554  -35.463  66.931 0.0000000000
57635  49.234  -34.606  66.978 0.0000000000
58859  49.473  -33.733  66.671 0.0000000000
60044  49.785  -32.960  66.546 0.0000000000
60060  50.331  -32.686  66.343 0.0000000000
61087  50.432  -31.929  66.451 0.0000000000
58885  50.744  -33.625  65.508 0.0000000000
60059  50.678  -32.885  65.864 0.0000000000
61086  50.872  -31.734  65.975 0.0000000000
61102  51.141  -31.733  64.996 0.0000000000
61101  51.178  -30.931  64.718 0.0000000000
61988  51.035  -30.769  64.115 0.0000000000
62961  50.880  -29.937  63.362 0.0000000000
61126  50.622  -31.190  63.118 0.0000000000
60115  50.448  -31.788  62.467 0.0000000000
58932  49.605  -33.686  62.228 0.0000000000
58948  49.805  -33.420  61.538 0.0000000000
49766  40.789  -42.748  68.845 0.0000000000
50811  42.294  -41.821  67.852 0.0000000000
54524  45.792  -37.431  66.617 0.0000000000
55440  46.122  -37.168  67.914 0.0000000000
53560  46.332  -38.819  69.039 0.0000000000
53559  46.751  -38.842  68.910 0.0000000000
53570  47.267  -38.734  68.708 0.0000000000
52655  47.613  -39.256  68.198 0.0000000000
51760  47.566  -40.152  67.437 0.0000000000
51767  47.902  -40.036  66.892 0.0000000000
50792  45.617  -41.761  68.777 0.0000000000
49777  45.923  -41.746  68.118 0.0000000000
49790  46.114  -41.847  67.203 0.0000000000
50828  46.757  -41.265  66.641 0.0000000000
47639  31.611  -44.230  71.515 0.0000000000
77372  60.585  -15.612  42.873 0.0000000000
74379  59.500  -19.142  47.920 0.0000000000
74392  60.184  -18.738  47.401 0.0000000000
73382  59.868  -19.426  46.259 0.0000000000
71336  60.449  -21.473  46.980 0.0000000000
72393  58.649  -20.071  45.297 0.0000000000
65040  51.553  -27.611  56.614 0.0000000000
61089  48.259  -32.182  66.316 0.0000000000
61115  47.920  -31.675  64.857 0.0000000000
66035  50.261  -26.809  59.531 0.0000000000
64013  50.813  -28.241  57.734 0.0000000000
65022  51.733  -27.659  57.554 0.0000000000
65039  52.183  -27.255  57.125 0.0000000000
67130  54.600  -25.566  57.429 0.0000000000
68146  56.859  -25.562  57.869 0.0000000000
67126  57.393  -25.911  57.634 0.0000000000
67052  53.977  -25.653  61.608 0.0000000000
66023  55.785  -26.245  60.219 0.0000000000
67068  56.074  -25.865  59.791 0.0000000000
68129  56.711  -25.855  59.036 0.0000000000
67109  57.347  -26.123  58.221 0.0000000000
66050  57.598  -26.362  57.735 0.0000000000
65020  57.609  -27.187  57.361 0.0000000000
64044  57.601  -28.035  56.662 0.0000000000
63035  57.220  -28.786  56.386 0.0000000000
63023  56.450  -29.026  57.267 0.0000000000
63036  56.765  -29.090  56.607 0.0000000000
62005  51.221  -29.982  62.300 0.0000000000
62972  51.626  -29.592  62.237 0.0000000000
62015  52.434  -30.284  61.419 0.0000000000
60132  51.977  -31.960  60.738 0.0000000000
61145  52.645  -31.217  60.998 0.0000000000
62014  53.169  -30.330  61.150 0.0000000000
46731  42.028  -44.960  69.672 0.0000000000
47670  40.909  -44.514  70.571 0.0000000000
47691  43.702  -43.740  68.875 0.0000000000
48728  39.396  -43.398  71.672 0.0000000000
48750  43.746  -42.974  69.634 0.0000000000
49735  41.776  -42.636  70.734 0.0000000000
49738  39.291  -42.809  71.413 0.0000000000
49754  42.149  -42.806  70.685 0.0000000000
49756  39.338  -42.514  70.061 0.0000000000
49769  38.500  -42.352  69.336 0.0000000000
50742  37.235  -42.126  71.346 0.0000000000
50771  46.147  -40.975  68.990 0.0000000000
50777  38.973  -42.429  70.179 0.0000000000
50795  38.048  -42.049  69.164 0.0000000000
50827  47.412  -40.553  66.889 0.0000000000
51761  47.175  -40.316  67.817 0.0000000000
52648  43.503  -40.473  69.378 0.0000000000
52659  43.530  -40.299  68.668 0.0000000000
52679  48.631  -39.178  67.089 0.0000000000
53568  48.691  -38.336  68.090 0.0000000000
53571  45.999  -38.383  68.988 0.0000000000
53580  48.499  -38.850  67.756 0.0000000000
53581  45.550  -37.977  67.569 0.0000000000
53586  49.273  -37.977  66.894 0.0000000000
53603  49.471  -38.107  65.393 0.0000000000
54496  46.762  -38.471  68.915 0.0000000000
54497  46.435  -38.224  68.909 0.0000000000
54506  48.660  -37.887  68.324 0.0000000000
54510  45.602  -37.982  68.161 0.0000000000
54514  49.388  -37.414  67.287 0.0000000000
54516  45.747  -37.679  67.669 0.0000000000
55452  49.042  -36.491  68.299 0.0000000000
55482  50.064  -36.658  65.222 0.0000000000
55489  50.269  -35.698  64.477 0.0000000000
56475  48.073  -36.160  68.479 0.0000000000
56518  50.142  -35.261  64.140 0.0000000000
61085  51.165  -31.027  65.370 0.0000000000
61103  48.484  -31.135  65.993 0.0000000000
61104  48.182  -31.685  65.751 0.0000000000
61113  51.104  -30.859  64.336 0.0000000000
61147  51.160  -30.900  61.663 0.0000000000
61987  51.014  -30.305  64.317 0.0000000000
61996  50.915  -30.096  63.926 0.0000000000
61997  50.879  -30.507  63.691 0.0000000000
61998  48.380  -29.941  63.250 0.0000000000
62007  48.380  -29.856  62.755 0.0000000000
62016  51.625  -30.218  61.768 0.0000000000
62939  50.594  -29.458  65.988 0.0000000000
62946  48.073  -28.613  63.416 0.0000000000
62951  50.885  -30.003  63.697 0.0000000000
62962  48.350  -29.735  62.503 0.0000000000
63921  49.240  -28.745  66.023 0.0000000000
63934  48.348  -28.013  64.495 0.0000000000
63962  46.896  -28.009  62.213 0.0000000000
63995  56.115  -27.901  59.188 0.0000000000
64011  56.879  -27.514  58.314 0.0000000000
64014  50.523  -28.312  57.891 0.0000000000
64030  50.557  -28.365  57.511 0.0000000000
64071  58.180  -28.529  54.949 0.0000000000
64887  49.743  -28.131  65.625 0.0000000000
64889  49.153  -28.350  65.788 0.0000000000
64904  49.601  -27.755  65.431 0.0000000000
64906  48.561  -27.754  64.676 0.0000000000
64942  47.391  -27.594  63.088 0.0000000000
64956  46.985  -27.503  62.572 0.0000000000
64987  56.869  -27.088  58.640 0.0000000000
65003  56.764  -27.397  58.579 0.0000000000
65019  57.805  -27.053  57.049 0.0000000000
65023  51.018  -28.156  57.289 0.0000000000
65037  57.915  -27.315  56.591 0.0000000000
65038  57.718  -27.504  56.865 0.0000000000
65946  50.548  -27.245  64.825 0.0000000000
65962  51.711  -26.972  63.885 0.0000000000
65966  48.839  -26.953  64.412 0.0000000000
65967  48.302  -27.211  64.160 0.0000000000
66032  56.682  -26.374  59.119 0.0000000000
66069  57.637  -26.685  57.587 0.0000000000
66197  61.584  -26.425  49.862 0.0000000000
67002  47.919  -26.950  63.654 0.0000000000
67053  53.640  -25.683  61.940 0.0000000000
67086  56.890  -26.089  58.849 0.0000000000
67087  56.529  -25.905  59.249 0.0000000000
67108  57.556  -26.113  57.814 0.0000000000
67125  57.615  -26.234  57.511 0.0000000000
67144  57.414  -25.889  56.873 0.0000000000
67166  53.495  -25.920  54.634 0.0000000000
68099  53.372  -25.581  61.960 0.0000000000
68100  53.147  -25.489  61.970 0.0000000000
68109  53.736  -25.603  61.687 0.0000000000
68119  53.792  -25.544  61.461 0.0000000000
68128  57.018  -25.798  58.787 0.0000000000
68130  56.523  -25.676  58.847 0.0000000000
68137  57.126  -26.033  58.685 0.0000000000
68139  56.456  -25.474  58.356 0.0000000000
68145  57.123  -25.789  58.157 0.0000000000
68147  56.484  -25.396  57.900 0.0000000000
69274  56.446  -23.824  47.771 0.0000000000
71292  59.558  -21.978  48.876 0.0000000000
71318  60.910  -22.209  48.137 0.0000000000
72341  60.151  -20.457  48.505 0.0000000000
74378  59.749  -19.181  47.908 0.0000000000
