#!ascii label  , from subject sub-1633992 vox2ras=TkReg
1059
52578  14.440  -40.332  81.951 0.0000000000
47841  11.357  -44.598  62.306 0.0000000000
45734  8.966  -46.408  78.290 0.0000000000
53516  9.261  -38.984  75.483 0.0000000000
58834  8.680  -34.730  69.993 0.0000000000
47600  11.502  -43.490  80.520 0.0000000000
51692  9.147  -40.042  81.374 0.0000000000
49686  17.989  -40.577  80.923 0.0000000000
45722  13.795  -44.730  79.311 0.0000000000
42799  10.978  -48.064  77.168 0.0000000000
59946  8.461  -33.815  77.821 0.0000000000
54479  7.561  -36.905  72.442 0.0000000000
59986  10.252  -32.644  74.963 0.0000000000
43816  7.318  -48.329  73.888 0.0000000000
48740  7.911  -44.204  71.800 0.0000000000
49705  8.713  -42.939  77.164 0.0000000000
54435  8.678  -36.983  80.224 0.0000000000
51759  10.839  -40.354  68.608 0.0000000000
52689  8.613  -38.263  66.004 0.0000000000
57709  7.472  -35.782  64.205 0.0000000000
61976  11.296  -30.862  66.415 0.0000000000
48681  12.885  -41.912  81.839 0.0000000000
51676  11.941  -40.679  82.506 0.0000000000
50684  16.882  -40.970  81.955 0.0000000000
48704  15.844  -42.448  80.139 0.0000000000
48693  14.535  -42.490  81.224 0.0000000000
45712  12.546  -44.326  80.515 0.0000000000
61016  9.363  -32.722  76.593 0.0000000000
44781  7.364  -47.401  75.629 0.0000000000
47624  7.806  -44.784  75.085 0.0000000000
47615  8.582  -44.562  77.990 0.0000000000
54408  9.951  -37.582  82.242 0.0000000000
53485  8.965  -38.357  80.979 0.0000000000
43778  10.054  -47.454  78.263 0.0000000000
40750  9.958  -49.887  76.432 0.0000000000
42812  8.321  -49.296  77.128 0.0000000000
41804  7.566  -50.334  75.259 0.0000000000
50730  10.166  -41.190  73.996 0.0000000000
50769  9.595  -42.563  70.520 0.0000000000
52636  10.929  -39.535  72.119 0.0000000000
57613  7.903  -35.793  71.055 0.0000000000
52654  8.027  -37.789  69.311 0.0000000000
55436  7.274  -36.438  68.515 0.0000000000
53602  6.928  -37.621  65.168 0.0000000000
57646  7.649  -35.060  66.794 0.0000000000
46669  10.256  -44.908  79.918 0.0000000000
48705  9.819  -43.034  79.504 0.0000000000
49684  10.869  -41.648  81.007 0.0000000000
53455  10.631  -39.392  82.357 0.0000000000
51704  19.493  -39.757  79.283 0.0000000000
51719  16.921  -40.294  76.550 0.0000000000
49698  17.131  -41.791  78.805 0.0000000000
47617  14.695  -43.985  77.473 0.0000000000
44752  12.748  -46.218  78.428 0.0000000000
44749  11.262  -45.871  79.424 0.0000000000
55403  7.188  -36.229  77.476 0.0000000000
53527  8.002  -37.120  74.100 0.0000000000
57571  7.507  -35.049  75.602 0.0000000000
58786  8.223  -34.824  73.954 0.0000000000
58817  10.132  -34.139  72.137 0.0000000000
53473  16.209  -39.048  81.428 0.0000000000
53506  21.351  -37.257  76.644 0.0000000000
54444  21.671  -36.073  78.911 0.0000000000
52585  20.206  -38.623  81.221 0.0000000000
53471  18.228  -38.502  82.047 0.0000000000
43842  7.322  -48.735  71.009 0.0000000000
45796  7.369  -46.507  70.371 0.0000000000
46712  7.517  -45.723  72.301 0.0000000000
49716  8.425  -43.406  73.887 0.0000000000
50717  9.589  -40.705  76.316 0.0000000000
50707  9.262  -41.243  79.494 0.0000000000
51711  8.960  -39.619  79.194 0.0000000000
53500  8.331  -37.225  78.382 0.0000000000
57507  8.262  -35.230  78.730 0.0000000000
47751  8.536  -45.055  68.792 0.0000000000
49816  9.644  -43.488  67.367 0.0000000000
50864  10.973  -41.798  65.753 0.0000000000
53556  9.032  -38.396  70.416 0.0000000000
52675  10.439  -38.892  67.638 0.0000000000
51843  11.580  -40.666  63.254 0.0000000000
51847  8.779  -39.668  62.335 0.0000000000
53635  7.846  -38.356  61.698 0.0000000000
61044  12.045  -31.179  73.450 0.0000000000
60026  11.755  -32.851  70.175 0.0000000000
61962  12.759  -30.650  69.489 0.0000000000
60056  9.832  -32.894  67.662 0.0000000000
60098  8.442  -33.825  65.508 0.0000000000
50678  13.360  -41.150  81.944 0.0000000000
51674  12.798  -40.762  82.139 0.0000000000
52579  13.601  -40.191  81.831 0.0000000000
51682  15.802  -40.633  82.064 0.0000000000
49672  15.862  -41.528  81.789 0.0000000000
50686  15.014  -41.229  82.131 0.0000000000
48685  13.641  -42.174  81.541 0.0000000000
46896  10.528  -45.435  61.345 0.0000000000
48874  11.037  -43.538  60.787 0.0000000000
45741  8.109  -46.505  77.370 0.0000000000
46682  7.817  -45.561  76.760 0.0000000000
46677  8.805  -45.266  78.310 0.0000000000
52626  18.079  -38.428  74.962 0.0000000000
44759  9.288  -47.367  78.165 0.0000000000
43787  9.068  -48.270  77.995 0.0000000000
44766  8.770  -47.550  77.854 0.0000000000
43794  7.895  -48.471  76.968 0.0000000000
52629  9.994  -39.854  74.880 0.0000000000
51735  10.788  -40.405  72.703 0.0000000000
53532  10.081  -39.087  74.240 0.0000000000
58820  8.279  -35.310  70.515 0.0000000000
55427  7.173  -36.498  69.735 0.0000000000
57627  7.780  -35.155  68.637 0.0000000000
56480  7.511  -35.665  67.728 0.0000000000
58848  8.195  -34.713  68.584 0.0000000000
46664  10.725  -44.399  79.986 0.0000000000
47604  10.630  -43.659  79.962 0.0000000000
48690  11.303  -42.163  80.875 0.0000000000
52572  10.987  -39.991  82.684 0.0000000000
54406  10.825  -37.864  82.193 0.0000000000
50700  18.861  -39.918  80.278 0.0000000000
50709  18.057  -40.960  78.740 0.0000000000
49694  17.663  -41.272  79.681 0.0000000000
47606  14.917  -43.126  79.718 0.0000000000
48707  15.834  -42.640  79.430 0.0000000000
47610  14.576  -44.125  78.719 0.0000000000
45728  13.393  -45.433  78.849 0.0000000000
46652  12.414  -43.351  81.036 0.0000000000
45718  12.087  -44.969  80.183 0.0000000000
45714  11.555  -44.468  80.313 0.0000000000
44744  10.774  -45.285  79.853 0.0000000000
57535  7.526  -35.104  77.502 0.0000000000
56437  7.040  -35.588  76.040 0.0000000000
58758  8.066  -34.588  77.199 0.0000000000
61026  9.913  -32.313  76.035 0.0000000000
59975  9.056  -33.612  75.204 0.0000000000
59987  9.542  -33.610  74.563 0.0000000000
58792  8.784  -34.504  73.332 0.0000000000
59993  10.115  -33.573  73.927 0.0000000000
53487  20.691  -38.258  80.276 0.0000000000
43825  7.329  -48.616  72.954 0.0000000000
44818  7.282  -47.104  71.702 0.0000000000
44798  7.650  -47.302  73.372 0.0000000000
48718  8.089  -43.924  75.597 0.0000000000
48721  8.062  -44.025  74.503 0.0000000000
49709  8.562  -43.107  76.064 0.0000000000
50722  9.535  -41.651  75.745 0.0000000000
49708  9.168  -42.259  76.494 0.0000000000
49689  9.863  -41.490  80.624 0.0000000000
49696  9.502  -42.176  79.546 0.0000000000
50699  9.423  -40.948  80.943 0.0000000000
54434  8.838  -37.594  80.630 0.0000000000
52599  8.698  -38.941  80.084 0.0000000000
53494  8.578  -37.903  79.342 0.0000000000
52608  9.036  -39.103  78.697 0.0000000000
53495  8.353  -37.215  78.864 0.0000000000
54449  8.120  -36.730  78.455 0.0000000000
55386  8.463  -36.285  79.784 0.0000000000
49711  15.702  -41.704  76.112 0.0000000000
50723  15.966  -40.287  75.355 0.0000000000
42815  11.956  -47.700  76.487 0.0000000000
42821  11.694  -48.657  75.236 0.0000000000
41795  11.103  -48.858  76.125 0.0000000000
40751  9.418  -50.315  76.369 0.0000000000
40760  9.879  -50.410  75.844 0.0000000000
42828  7.333  -49.354  74.636 0.0000000000
42835  7.229  -49.451  73.671 0.0000000000
47690  7.800  -45.143  70.862 0.0000000000
47732  8.015  -45.679  69.575 0.0000000000
47712  8.128  -44.841  70.356 0.0000000000
50789  10.289  -41.543  69.848 0.0000000000
50808  9.745  -42.691  68.808 0.0000000000
50825  9.810  -42.233  68.128 0.0000000000
49830  10.186  -43.238  66.184 0.0000000000
50844  10.813  -41.357  66.840 0.0000000000
53536  7.892  -37.122  72.885 0.0000000000
53542  8.849  -38.018  72.624 0.0000000000
53550  8.047  -37.653  71.144 0.0000000000
52666  8.221  -38.098  68.134 0.0000000000
52665  8.695  -39.043  68.176 0.0000000000
52688  9.341  -38.730  66.317 0.0000000000
52708  11.285  -39.644  65.368 0.0000000000
52710  9.930  -39.113  64.674 0.0000000000
51845  10.080  -40.176  62.562 0.0000000000
51808  8.507  -38.713  64.005 0.0000000000
55480  6.965  -36.534  64.688 0.0000000000
53619  7.293  -38.064  63.544 0.0000000000
54557  7.261  -37.183  63.127 0.0000000000
61955  12.363  -30.700  72.448 0.0000000000
60002  12.025  -32.146  72.051 0.0000000000
61056  12.435  -31.631  71.115 0.0000000000
62931  12.748  -29.279  66.805 0.0000000000
61081  12.357  -31.026  67.983 0.0000000000
60054  11.285  -32.474  68.522 0.0000000000
61083  10.382  -32.264  67.289 0.0000000000
60071  9.058  -33.065  66.757 0.0000000000
61978  10.080  -32.002  66.026 0.0000000000
48688  12.211  -42.152  81.798 0.0000000000
49677  11.748  -41.675  82.068 0.0000000000
50680  12.325  -41.136  82.352 0.0000000000
51690  17.874  -40.441  81.794 0.0000000000
48697  17.170  -41.516  80.433 0.0000000000
48691  16.422  -41.926  81.045 0.0000000000
48692  15.538  -42.199  81.173 0.0000000000
46660  14.019  -43.520  80.598 0.0000000000
46661  13.564  -44.043  80.431 0.0000000000
47597  13.724  -43.009  81.245 0.0000000000
47590  13.021  -42.926  81.401 0.0000000000
59931  8.962  -32.416  78.483 0.0000000000
59945  9.024  -32.948  77.749 0.0000000000
61007  9.502  -31.725  77.691 0.0000000000
61923  9.946  -31.314  77.114 0.0000000000
61025  10.284  -31.558  76.209 0.0000000000
43808  7.222  -48.262  74.986 0.0000000000
45760  7.716  -46.484  73.972 0.0000000000
45753  7.454  -46.482  75.109 0.0000000000
47621  7.874  -44.710  76.197 0.0000000000
48713  8.630  -43.666  77.854 0.0000000000
53466  9.865  -38.523  81.912 0.0000000000
51693  8.794  -39.804  81.356 0.0000000000
53467  9.540  -38.384  81.628 0.0000000000
55371  9.294  -36.523  81.590 0.0000000000
55378  9.028  -36.431  81.234 0.0000000000
57493  8.764  -34.961  80.948 0.0000000000
42800  10.449  -48.191  77.401 0.0000000000
41785  10.557  -48.948  76.448 0.0000000000
41778  9.878  -49.019  77.110 0.0000000000
41787  9.594  -49.575  76.955 0.0000000000
41797  8.392  -50.568  76.556 0.0000000000
40763  7.798  -51.071  75.673 0.0000000000
42817  7.795  -49.356  76.517 0.0000000000
43801  7.513  -48.405  76.083 0.0000000000
49733  8.698  -43.034  72.188 0.0000000000
50751  9.222  -43.078  71.199 0.0000000000
50749  10.035  -41.680  71.895 0.0000000000
51739  10.311  -41.355  71.272 0.0000000000
51745  10.858  -40.410  70.551 0.0000000000
55419  7.349  -36.508  71.999 0.0000000000
54487  7.377  -37.144  71.246 0.0000000000
54495  7.016  -37.039  70.134 0.0000000000
53577  7.604  -37.533  68.640 0.0000000000
53585  7.582  -37.584  67.448 0.0000000000
53601  7.310  -37.922  65.397 0.0000000000
54521  7.069  -37.146  66.794 0.0000000000
55463  7.167  -36.434  66.306 0.0000000000
57672  7.371  -35.329  65.202 0.0000000000
61975  12.244  -30.051  66.061 0.0000000000
61985  10.734  -31.179  65.622 0.0000000000
61994  10.869  -31.149  64.994 0.0000000000
45730  9.516  -45.668  79.134 0.0000000000
46674  9.265  -44.841  78.839 0.0000000000
47605  10.402  -43.868  79.820 0.0000000000
48696  10.243  -41.892  80.363 0.0000000000
50690  10.138  -40.776  81.733 0.0000000000
50688  11.383  -41.302  82.047 0.0000000000
51686  10.246  -40.308  82.240 0.0000000000
52582  10.025  -39.505  82.099 0.0000000000
53465  10.278  -38.687  82.157 0.0000000000
51712  19.303  -39.587  77.783 0.0000000000
52617  18.426  -39.526  76.712 0.0000000000
51714  17.934  -40.322  77.415 0.0000000000
48706  16.608  -42.216  79.142 0.0000000000
48715  15.860  -42.433  77.725 0.0000000000
47619  14.839  -43.107  76.146 0.0000000000
43786  12.426  -47.155  77.061 0.0000000000
43777  12.191  -47.123  77.878 0.0000000000
45724  12.834  -45.262  79.593 0.0000000000
44747  12.240  -45.938  79.312 0.0000000000
43770  11.193  -46.930  78.521 0.0000000000
43771  10.589  -46.890  78.539 0.0000000000
44753  10.108  -46.500  78.802 0.0000000000
53511  8.060  -37.130  76.588 0.0000000000
53526  8.436  -37.796  74.459 0.0000000000
54460  7.562  -36.654  75.984 0.0000000000
54465  7.631  -36.674  74.827 0.0000000000
56454  7.304  -35.755  73.823 0.0000000000
59965  8.553  -33.790  76.150 0.0000000000
57581  7.645  -35.212  74.493 0.0000000000
57592  7.684  -35.432  73.351 0.0000000000
58793  8.189  -35.126  72.811 0.0000000000
58804  8.755  -34.823  72.221 0.0000000000
58832  9.985  -34.379  71.160 0.0000000000
52577  15.389  -40.179  81.996 0.0000000000
52614  20.633  -38.311  76.672 0.0000000000
56414  22.694  -34.578  77.878 0.0000000000
56402  22.357  -34.675  78.758 0.0000000000
55393  22.133  -35.371  78.364 0.0000000000
54451  21.538  -36.785  77.595 0.0000000000
53496  21.123  -37.692  78.155 0.0000000000
52605  20.556  -38.579  78.191 0.0000000000
51694  19.926  -39.253  80.171 0.0000000000
51688  19.213  -39.554  81.165 0.0000000000
53470  19.065  -38.701  82.048 0.0000000000
51679  18.389  -40.031  81.991 0.0000000000
52575  17.583  -39.741  82.170 0.0000000000
52576  16.601  -39.783  82.036 0.0000000000
45785  7.294  -46.419  71.210 0.0000000000
47643  7.617  -44.954  72.128 0.0000000000
46701  7.816  -45.618  73.490 0.0000000000
47630  7.911  -44.868  73.021 0.0000000000
49720  8.329  -43.529  72.896 0.0000000000
49715  8.925  -42.676  74.291 0.0000000000
50725  9.816  -41.095  75.081 0.0000000000
52618  9.423  -39.628  76.016 0.0000000000
47612  9.054  -44.374  78.523 0.0000000000
48712  8.937  -43.050  78.342 0.0000000000
49699  9.140  -42.271  78.676 0.0000000000
51702  8.816  -39.696  80.579 0.0000000000
51706  9.038  -40.353  79.351 0.0000000000
50710  9.127  -41.126  78.631 0.0000000000
51710  9.064  -40.016  78.462 0.0000000000
52607  9.200  -38.959  77.849 0.0000000000
53504  8.652  -37.693  77.274 0.0000000000
54452  7.724  -36.650  77.828 0.0000000000
56419  7.354  -35.659  77.838 0.0000000000
58726  8.290  -34.610  78.593 0.0000000000
58705  8.764  -34.285  80.571 0.0000000000
59902  8.647  -33.620  79.949 0.0000000000
59913  8.728  -32.533  79.114 0.0000000000
41814  11.466  -49.760  73.913 0.0000000000
41796  10.741  -49.548  75.764 0.0000000000
49776  8.903  -43.773  69.586 0.0000000000
48794  9.044  -44.292  68.440 0.0000000000
48845  11.304  -43.212  63.863 0.0000000000
53541  9.612  -38.373  73.091 0.0000000000
53554  10.449  -38.761  71.594 0.0000000000
53575  10.587  -38.915  69.904 0.0000000000
52641  8.622  -38.436  69.779 0.0000000000
52651  9.742  -38.744  69.211 0.0000000000
52674  11.040  -39.448  68.089 0.0000000000
51775  11.478  -40.186  66.109 0.0000000000
50883  11.666  -41.359  64.368 0.0000000000
48864  11.975  -42.929  62.480 0.0000000000
50940  10.644  -41.621  61.395 0.0000000000
52725  7.843  -38.595  63.568 0.0000000000
51848  8.379  -39.294  62.243 0.0000000000
61941  11.310  -30.786  75.164 0.0000000000
62863  11.662  -29.548  74.750 0.0000000000
59991  11.161  -32.138  74.394 0.0000000000
59998  10.691  -33.348  73.174 0.0000000000
60004  10.924  -33.525  71.997 0.0000000000
60015  10.309  -34.068  70.309 0.0000000000
61061  12.474  -31.872  69.892 0.0000000000
60040  10.782  -33.100  68.851 0.0000000000
60030  9.203  -34.095  68.706 0.0000000000
60058  8.719  -33.737  67.336 0.0000000000
58883  8.165  -34.144  66.388 0.0000000000
58913  7.770  -34.531  65.159 0.0000000000
58929  8.737  -34.364  64.510 0.0000000000
51684  13.802  -40.747  81.997 0.0000000000
51673  13.226  -40.858  82.003 0.0000000000
51683  14.768  -40.728  82.159 0.0000000000
50687  14.172  -41.110  82.007 0.0000000000
49674  13.937  -41.562  81.749 0.0000000000
46880  11.101  -45.321  62.318 0.0000000000
46895  11.034  -45.237  61.794 0.0000000000
47856  10.577  -44.939  60.882 0.0000000000
47855  11.013  -44.500  61.132 0.0000000000
45740  8.560  -47.029  77.681 0.0000000000
45735  8.505  -45.893  77.915 0.0000000000
52621  19.260  -38.397  75.823 0.0000000000
52625  18.960  -38.084  75.114 0.0000000000
44767  8.237  -47.604  77.360 0.0000000000
53515  9.469  -39.274  75.240 0.0000000000
52628  10.105  -39.484  74.449 0.0000000000
53524  9.685  -39.167  74.781 0.0000000000
57620  7.843  -35.537  69.885 0.0000000000
58835  8.184  -34.968  69.449 0.0000000000
46659  11.215  -43.946  80.266 0.0000000000
47601  10.831  -43.312  80.183 0.0000000000
47593  11.512  -42.841  80.761 0.0000000000
50697  18.372  -40.261  80.671 0.0000000000
50702  18.038  -40.787  79.811 0.0000000000
49690  17.976  -40.622  80.665 0.0000000000
46666  14.578  -43.555  79.727 0.0000000000
46671  14.615  -43.679  79.501 0.0000000000
46672  14.374  -44.252  79.102 0.0000000000
46675  14.308  -44.584  78.447 0.0000000000
45727  13.879  -45.007  78.682 0.0000000000
46657  12.202  -43.917  80.779 0.0000000000
46658  11.487  -44.048  80.323 0.0000000000
46663  11.076  -44.398  80.112 0.0000000000
58742  8.116  -34.585  77.953 0.0000000000
59973  10.103  -32.319  75.656 0.0000000000
59974  9.722  -32.898  75.400 0.0000000000
59994  9.716  -33.772  74.125 0.0000000000
44806  7.499  -47.841  73.110 0.0000000000
50695  9.640  -40.780  81.320 0.0000000000
54426  9.034  -36.945  80.796 0.0000000000
53492  8.651  -38.257  80.352 0.0000000000
54442  8.563  -37.564  80.001 0.0000000000
54443  8.408  -37.009  79.335 0.0000000000
42808  11.404  -48.087  76.673 0.0000000000
42809  10.966  -48.455  76.668 0.0000000000
40761  9.192  -51.062  75.650 0.0000000000
47665  7.785  -44.770  71.420 0.0000000000
47689  8.040  -44.715  70.943 0.0000000000
48749  8.127  -44.345  71.275 0.0000000000
50806  10.368  -41.053  69.071 0.0000000000
50807  10.018  -41.877  68.879 0.0000000000
50824  10.458  -41.361  68.054 0.0000000000
50845  10.031  -42.078  67.282 0.0000000000
53544  7.721  -37.315  71.798 0.0000000000
52677  8.765  -38.450  67.169 0.0000000000
52698  10.054  -38.983  65.595 0.0000000000
52699  9.178  -38.668  65.174 0.0000000000
52711  9.358  -38.896  64.349 0.0000000000
52700  8.343  -38.374  64.975 0.0000000000
56516  7.263  -36.075  64.417 0.0000000000
55488  6.996  -36.568  64.024 0.0000000000
55498  7.244  -36.718  63.439 0.0000000000
62895  11.964  -28.915  72.495 0.0000000000
62894  12.294  -29.826  72.040 0.0000000000
61958  12.516  -30.741  71.594 0.0000000000
61969  12.341  -30.553  67.232 0.0000000000
61970  11.609  -31.037  67.088 0.0000000000
61082  11.555  -31.664  67.703 0.0000000000
61098  10.689  -31.542  66.879 0.0000000000
61099  9.853  -32.381  66.502 0.0000000000
61977  10.398  -31.548  66.173 0.0000000000
48687  12.733  -42.319  81.703 0.0000000000
48683  12.085  -41.976  82.094 0.0000000000
49669  12.614  -41.497  82.093 0.0000000000
52580  12.670  -40.039  82.078 0.0000000000
51691  17.315  -40.615  82.272 0.0000000000
49681  17.164  -41.291  81.195 0.0000000000
50694  16.609  -41.240  81.789 0.0000000000
49683  15.201  -42.040  81.498 0.0000000000
47595  14.901  -42.582  80.760 0.0000000000
47596  14.187  -43.117  80.907 0.0000000000
46653  13.952  -43.391  80.840 0.0000000000
49675  13.292  -41.904  81.721 0.0000000000
48686  13.140  -42.328  81.624 0.0000000000
47591  12.570  -42.826  81.370 0.0000000000
60999  9.226  -31.795  78.390 0.0000000000
61913  9.857  -31.249  77.487 0.0000000000
61922  10.185  -30.866  77.005 0.0000000000
61014  10.091  -31.421  76.699 0.0000000000
61921  10.456  -30.478  76.763 0.0000000000
45747  7.615  -46.517  76.208 0.0000000000
46679  8.238  -45.400  77.647 0.0000000000
47618  8.067  -44.604  77.265 0.0000000000
48716  8.266  -43.823  76.715 0.0000000000
54409  9.662  -37.499  81.948 0.0000000000
55363  9.485  -36.550  81.888 0.0000000000
56388  9.060  -35.758  81.596 0.0000000000
57485  9.050  -34.941  81.570 0.0000000000
42792  10.376  -47.742  77.972 0.0000000000
42801  9.986  -48.414  77.666 0.0000000000
42811  9.062  -49.117  77.485 0.0000000000
41788  8.845  -49.975  76.816 0.0000000000
41789  8.163  -50.001  76.780 0.0000000000
44774  7.688  -47.496  76.646 0.0000000000
50731  9.403  -42.070  73.619 0.0000000000
50735  9.334  -42.292  72.564 0.0000000000
50734  10.015  -41.631  72.967 0.0000000000
52634  10.748  -39.515  73.118 0.0000000000
51738  10.718  -40.697  71.589 0.0000000000
52640  10.949  -39.556  71.113 0.0000000000
56465  7.516  -36.104  71.558 0.0000000000
55423  7.289  -36.587  70.859 0.0000000000
54505  7.106  -37.095  69.116 0.0000000000
54513  7.224  -37.072  67.971 0.0000000000
56491  7.551  -35.543  66.833 0.0000000000
55450  7.340  -36.160  66.716 0.0000000000
56492  7.438  -35.793  66.370 0.0000000000
56500  7.301  -35.874  65.684 0.0000000000
57659  7.464  -35.309  65.816 0.0000000000
62937  12.381  -29.009  65.791 0.0000000000
61983  12.078  -29.661  65.461 0.0000000000
61984  11.495  -30.293  65.296 0.0000000000
45726  9.744  -45.268  79.557 0.0000000000
46670  10.046  -44.779  79.756 0.0000000000
48695  10.719  -42.486  80.334 0.0000000000
48700  10.310  -43.079  80.040 0.0000000000
49685  10.238  -41.403  80.998 0.0000000000
50681  11.908  -41.129  82.431 0.0000000000
51677  11.435  -40.617  82.467 0.0000000000
52573  10.473  -39.838  82.472 0.0000000000
53456  10.359  -39.379  82.250 0.0000000000
51708  19.411  -39.684  78.288 0.0000000000
51713  18.668  -39.972  77.656 0.0000000000
51709  18.966  -40.175  78.641 0.0000000000
49701  17.537  -41.331  78.545 0.0000000000
50712  17.778  -40.769  77.961 0.0000000000
49702  16.972  -41.568  78.021 0.0000000000
48698  16.547  -41.986  80.570 0.0000000000
48703  16.770  -41.949  79.930 0.0000000000
47613  15.160  -43.314  78.072 0.0000000000
48711  15.854  -42.736  78.644 0.0000000000
47616  14.970  -43.128  77.149 0.0000000000
47620  14.645  -43.869  76.537 0.0000000000
45745  13.821  -45.066  76.759 0.0000000000
44757  12.801  -46.559  77.971 0.0000000000
43776  12.437  -46.828  77.879 0.0000000000
42797  12.172  -47.240  77.659 0.0000000000
43767  12.458  -46.356  78.608 0.0000000000
46662  12.997  -44.343  80.428 0.0000000000
45716  13.129  -44.714  79.938 0.0000000000
45717  12.602  -44.923  79.979 0.0000000000
44742  11.642  -45.432  79.810 0.0000000000
44741  12.153  -45.461  79.721 0.0000000000
44748  11.791  -45.934  79.400 0.0000000000
43769  11.698  -46.875  78.497 0.0000000000
43765  11.490  -46.392  78.983 0.0000000000
43766  11.025  -46.372  78.995 0.0000000000
45721  10.504  -45.151  79.885 0.0000000000
45725  10.012  -45.549  79.480 0.0000000000
45729  9.660  -46.336  78.779 0.0000000000
54456  7.492  -36.692  77.031 0.0000000000
53518  8.118  -37.284  75.393 0.0000000000
55407  7.206  -36.198  75.453 0.0000000000
56446  7.189  -35.649  74.952 0.0000000000
55410  7.304  -36.244  74.316 0.0000000000
59955  8.982  -33.172  76.800 0.0000000000
59956  8.489  -33.787  77.002 0.0000000000
58776  8.752  -34.006  74.946 0.0000000000
58777  8.362  -34.352  75.194 0.0000000000
58803  9.414  -34.324  72.735 0.0000000000
58819  8.801  -34.996  71.079 0.0000000000
58818  9.409  -34.607  71.643 0.0000000000
52589  15.838  -39.638  81.725 0.0000000000
53474  15.196  -39.473  81.363 0.0000000000
53482  15.564  -38.964  80.913 0.0000000000
54455  21.359  -37.032  76.222 0.0000000000
53519  20.973  -37.213  75.263 0.0000000000
53512  20.851  -37.496  75.705 0.0000000000
53507  21.009  -37.789  76.510 0.0000000000
55380  21.561  -35.768  79.857 0.0000000000
56397  21.987  -35.030  79.304 0.0000000000
55387  21.906  -35.347  79.159 0.0000000000
54450  21.823  -36.063  77.992 0.0000000000
52604  20.809  -38.174  78.294 0.0000000000
53497  20.863  -38.151  78.052 0.0000000000
52600  20.723  -38.228  78.784 0.0000000000
52594  20.219  -38.888  80.620 0.0000000000
51695  19.303  -39.604  80.599 0.0000000000
52595  19.740  -39.175  81.075 0.0000000000
54414  18.986  -37.576  82.004 0.0000000000
52587  18.879  -39.563  81.961 0.0000000000
52574  18.342  -39.585  82.107 0.0000000000
53457  18.174  -39.144  82.200 0.0000000000
52588  16.608  -39.232  81.824 0.0000000000
53459  17.017  -39.169  81.979 0.0000000000
44831  7.292  -47.863  71.349 0.0000000000
45776  7.404  -46.409  72.050 0.0000000000
47644  7.419  -45.400  71.867 0.0000000000
46694  7.702  -45.650  74.550 0.0000000000
47627  7.915  -44.848  74.018 0.0000000000
48724  8.067  -44.110  73.471 0.0000000000
49719  8.874  -42.893  73.230 0.0000000000
50721  9.679  -40.856  75.938 0.0000000000
51724  9.819  -40.363  75.394 0.0000000000
51720  9.588  -40.220  76.230 0.0000000000
47611  9.567  -44.125  79.061 0.0000000000
52593  9.045  -39.263  81.277 0.0000000000
51698  8.878  -39.692  81.148 0.0000000000
52596  8.798  -39.081  80.813 0.0000000000
51707  8.817  -39.672  79.831 0.0000000000
50714  9.243  -40.836  77.831 0.0000000000
53499  8.851  -38.057  78.319 0.0000000000
53498  9.043  -38.174  77.678 0.0000000000
53503  9.089  -38.320  77.061 0.0000000000
53505  8.194  -37.105  77.572 0.0000000000
56407  8.331  -35.767  79.110 0.0000000000
55398  7.616  -36.207  78.101 0.0000000000
56413  7.886  -35.740  78.334 0.0000000000
57518  7.840  -35.195  78.121 0.0000000000
51718  17.763  -39.934  76.763 0.0000000000
51722  17.483  -39.253  75.683 0.0000000000
51723  16.809  -39.926  75.969 0.0000000000
41802  11.250  -49.186  75.489 0.0000000000
41808  11.466  -49.411  74.648 0.0000000000
40749  10.179  -49.507  76.368 0.0000000000
40759  10.267  -49.787  76.011 0.0000000000
42849  7.257  -49.650  71.733 0.0000000000
46775  8.131  -45.615  69.070 0.0000000000
45837  7.879  -46.232  68.855 0.0000000000
46790  8.173  -45.862  68.410 0.0000000000
49763  8.782  -43.768  70.352 0.0000000000
49762  9.321  -43.217  69.979 0.0000000000
50826  9.725  -42.967  68.321 0.0000000000
49803  9.251  -43.807  68.597 0.0000000000
48807  9.282  -44.229  67.782 0.0000000000
48822  9.640  -43.978  66.753 0.0000000000
49829  10.615  -42.630  65.758 0.0000000000
49848  10.523  -43.058  65.517 0.0000000000
49847  10.965  -42.725  64.917 0.0000000000
48832  10.865  -43.638  64.564 0.0000000000
49861  11.344  -42.607  64.242 0.0000000000
53534  8.938  -38.127  73.707 0.0000000000
53549  8.776  -38.070  71.417 0.0000000000
53548  9.606  -38.359  72.055 0.0000000000
53555  9.713  -38.414  71.033 0.0000000000
53564  10.537  -38.799  70.647 0.0000000000
53565  9.907  -38.517  70.042 0.0000000000
53558  7.510  -37.555  70.375 0.0000000000
53557  7.824  -37.634  70.625 0.0000000000
52642  8.085  -37.884  70.000 0.0000000000
52676  9.483  -38.929  67.374 0.0000000000
52664  9.622  -38.904  68.366 0.0000000000
52663  10.424  -38.886  68.654 0.0000000000
51776  11.223  -40.477  66.675 0.0000000000
52686  11.200  -39.545  66.760 0.0000000000
51823  11.169  -40.142  63.657 0.0000000000
51804  11.468  -40.152  64.628 0.0000000000
51822  11.626  -40.726  63.872 0.0000000000
50901  11.804  -41.372  63.452 0.0000000000
50919  11.652  -41.099  62.616 0.0000000000
49877  11.714  -41.646  61.983 0.0000000000
51846  9.302  -39.916  62.497 0.0000000000
50923  8.956  -40.101  61.884 0.0000000000
52701  7.712  -38.248  64.859 0.0000000000
53609  7.283  -38.133  64.459 0.0000000000
53627  7.566  -38.204  62.607 0.0000000000
52736  7.893  -38.661  62.806 0.0000000000
52748  8.060  -38.908  62.014 0.0000000000
52764  8.380  -39.261  61.074 0.0000000000
62884  11.979  -29.173  73.598 0.0000000000
61952  11.960  -30.404  73.914 0.0000000000
61045  11.669  -31.540  74.129 0.0000000000
59997  11.408  -32.450  73.619 0.0000000000
61049  11.892  -31.838  73.183 0.0000000000
60013  11.650  -32.887  71.316 0.0000000000
60003  11.738  -32.512  72.427 0.0000000000
60014  11.068  -33.557  70.796 0.0000000000
60005  10.508  -34.002  71.281 0.0000000000
62915  12.670  -29.482  69.170 0.0000000000
61960  12.663  -30.772  70.588 0.0000000000
60055  10.653  -32.645  68.037 0.0000000000
60041  10.088  -33.334  68.465 0.0000000000
60028  10.251  -33.714  69.298 0.0000000000
60042  9.471  -33.578  68.214 0.0000000000
60043  8.968  -33.947  68.093 0.0000000000
60057  9.192  -33.283  67.530 0.0000000000
60083  8.907  -33.180  66.115 0.0000000000
60072  8.551  -33.659  66.580 0.0000000000
60084  8.465  -33.672  65.922 0.0000000000
58898  7.792  -34.476  65.558 0.0000000000
58912  8.238  -34.160  65.031 0.0000000000
61124  10.021  -32.455  65.398 0.0000000000
49668  13.125  -41.497  81.881 0.0000000000
50679  12.997  -41.141  82.069 0.0000000000
51685  13.160  -40.567  81.972 0.0000000000
53460  13.079  -39.686  81.676 0.0000000000
50685  16.091  -41.224  81.950 0.0000000000
49673  15.254  -41.648  81.789 0.0000000000
48684  14.397  -42.062  81.515 0.0000000000
48694  13.909  -42.490  81.390 0.0000000000
49667  13.414  -41.441  81.840 0.0000000000
47874  10.415  -44.360  60.460 0.0000000000
48875  10.418  -43.160  60.544 0.0000000000
44758  9.734  -47.064  78.369 0.0000000000
43779  9.604  -47.937  78.122 0.0000000000
43788  8.529  -48.424  77.511 0.0000000000
51728  10.107  -40.527  74.656 0.0000000000
50729  10.403  -40.864  73.630 0.0000000000
51727  10.350  -40.056  74.324 0.0000000000
52632  10.456  -39.533  73.921 0.0000000000
53540  10.257  -38.854  73.527 0.0000000000
56469  7.514  -36.069  70.397 0.0000000000
56473  7.475  -35.860  69.179 0.0000000000
55449  7.238  -36.446  67.219 0.0000000000
57634  7.699  -34.986  67.598 0.0000000000
46665  10.384  -44.419  79.870 0.0000000000
47594  11.169  -42.732  80.521 0.0000000000
52571  11.526  -40.106  82.589 0.0000000000
53454  11.103  -39.485  82.487 0.0000000000
53464  10.688  -38.706  82.186 0.0000000000
50704  18.966  -39.978  79.858 0.0000000000
50708  18.581  -40.583  78.983 0.0000000000
50705  18.661  -40.390  79.531 0.0000000000
50706  18.112  -40.906  79.343 0.0000000000
49697  17.653  -41.383  79.129 0.0000000000
47609  14.979  -43.496  78.940 0.0000000000
47614  14.669  -44.057  78.266 0.0000000000
44751  13.019  -46.012  78.392 0.0000000000
44745  13.022  -45.784  78.859 0.0000000000
46656  12.495  -43.781  80.834 0.0000000000
45713  12.030  -44.414  80.494 0.0000000000
45719  11.605  -45.092  80.170 0.0000000000
44743  11.111  -45.382  79.844 0.0000000000
45720  11.013  -44.891  80.212 0.0000000000
56428  7.081  -35.601  77.053 0.0000000000
55405  7.099  -36.219  76.529 0.0000000000
57554  7.431  -35.054  76.631 0.0000000000
59963  9.504  -32.803  76.016 0.0000000000
59964  9.027  -33.312  76.052 0.0000000000
59988  9.175  -33.779  74.741 0.0000000000
58785  8.961  -34.085  74.453 0.0000000000
58784  9.358  -33.917  74.292 0.0000000000
58790  9.914  -33.835  73.638 0.0000000000
58802  10.102  -33.835  73.189 0.0000000000
54454  21.556  -36.666  76.621 0.0000000000
54427  21.485  -36.120  79.931 0.0000000000
52597  20.677  -38.272  79.610 0.0000000000
53479  20.662  -38.173  80.833 0.0000000000
53468  20.559  -37.890  81.212 0.0000000000
53458  17.504  -39.148  82.093 0.0000000000
43834  7.321  -48.704  72.005 0.0000000000
44817  7.362  -47.857  72.279 0.0000000000
44807  7.483  -47.144  72.569 0.0000000000
45769  7.674  -46.480  72.984 0.0000000000
49713  8.527  -43.297  74.955 0.0000000000
49712  9.053  -42.515  75.379 0.0000000000
50718  9.500  -41.001  76.755 0.0000000000
49693  9.803  -41.871  80.232 0.0000000000
50703  9.408  -41.137  80.323 0.0000000000
52603  8.827  -38.890  79.299 0.0000000000
55392  8.178  -36.276  78.752 0.0000000000
50719  16.265  -40.738  76.254 0.0000000000
50720  15.635  -41.119  75.541 0.0000000000
42816  11.595  -48.443  75.963 0.0000000000
41810  7.423  -50.387  74.355 0.0000000000
42842  7.224  -49.571  72.719 0.0000000000
46749  7.574  -45.800  70.792 0.0000000000
46763  7.709  -46.109  69.850 0.0000000000
47713  7.916  -45.442  70.169 0.0000000000
47731  8.264  -45.051  69.575 0.0000000000
50790  9.726  -42.507  69.532 0.0000000000
49801  9.816  -42.877  67.714 0.0000000000
49831  9.863  -43.391  66.819 0.0000000000
50865  10.337  -42.283  66.409 0.0000000000
53535  8.339  -37.554  73.328 0.0000000000
53543  8.217  -37.553  72.173 0.0000000000
52653  8.401  -38.468  69.098 0.0000000000
52687  10.290  -38.903  66.587 0.0000000000
52697  10.977  -39.131  65.844 0.0000000000
52709  10.785  -39.304  64.978 0.0000000000
51805  10.585  -39.593  64.166 0.0000000000
51844  11.006  -40.323  62.782 0.0000000000
51806  9.779  -39.317  63.900 0.0000000000
51825  9.495  -39.584  63.233 0.0000000000
51826  8.674  -39.110  63.248 0.0000000000
54535  6.788  -37.076  64.975 0.0000000000
53610  6.875  -37.612  64.362 0.0000000000
54540  6.715  -37.062  64.228 0.0000000000
54548  7.200  -37.603  63.187 0.0000000000
54556  7.560  -37.488  62.377 0.0000000000
62883  12.247  -29.926  72.953 0.0000000000
61951  12.223  -30.710  73.128 0.0000000000
61053  12.024  -31.849  72.622 0.0000000000
61052  12.228  -31.665  72.097 0.0000000000
60012  12.064  -32.222  71.643 0.0000000000
60025  12.139  -32.340  70.826 0.0000000000
61964  12.764  -30.456  68.396 0.0000000000
61069  12.458  -31.365  68.685 0.0000000000
60070  9.497  -32.780  67.103 0.0000000000
61084  9.848  -32.548  67.117 0.0000000000
61100  9.278  -32.845  66.288 0.0000000000
61112  9.386  -32.760  65.935 0.0000000000
47592  11.780  -42.984  80.998 0.0000000000
48689  11.720  -42.209  81.398 0.0000000000
49670  12.181  -41.573  82.278 0.0000000000
52570  12.019  -40.143  82.479 0.0000000000
50692  17.804  -40.681  81.240 0.0000000000
49687  17.669  -40.915  80.807 0.0000000000
49680  17.638  -41.076  80.783 0.0000000000
49688  17.001  -41.535  80.862 0.0000000000
49682  16.190  -41.635  81.589 0.0000000000
48699  15.768  -42.340  80.706 0.0000000000
47602  15.066  -42.704  80.274 0.0000000000
47607  14.661  -43.183  80.074 0.0000000000
46667  14.298  -43.838  79.921 0.0000000000
46668  13.605  -44.531  79.817 0.0000000000
46654  13.713  -43.455  80.880 0.0000000000
46655  13.106  -43.550  80.999 0.0000000000
47589  13.429  -42.679  81.443 0.0000000000
47598  13.303  -43.046  81.311 0.0000000000
46650  13.244  -43.288  81.273 0.0000000000
46651  12.786  -43.285  81.180 0.0000000000
59932  8.711  -33.135  78.485 0.0000000000
61000  9.268  -32.224  77.847 0.0000000000
61008  9.330  -32.421  77.251 0.0000000000
61905  9.645  -31.001  78.373 0.0000000000
61015  9.773  -31.823  76.810 0.0000000000
61037  10.315  -32.035  75.589 0.0000000000
43809  7.433  -47.759  74.284 0.0000000000
44789  7.640  -47.243  73.979 0.0000000000
44788  7.386  -47.263  74.654 0.0000000000
46687  7.671  -45.623  75.653 0.0000000000
52583  9.396  -39.390  81.566 0.0000000000
52584  9.345  -38.928  81.391 0.0000000000
53477  9.300  -38.337  81.354 0.0000000000
54418  9.453  -37.440  81.626 0.0000000000
54425  9.226  -37.383  81.195 0.0000000000
55379  8.695  -36.373  80.693 0.0000000000
56395  8.767  -35.694  81.192 0.0000000000
41777  10.171  -48.726  76.963 0.0000000000
42802  9.485  -48.621  77.795 0.0000000000
42810  9.622  -48.989  77.411 0.0000000000
40752  8.882  -50.746  76.390 0.0000000000
40762  8.387  -51.277  76.043 0.0000000000
41798  7.812  -50.365  76.174 0.0000000000
42822  7.511  -49.361  75.626 0.0000000000
49751  8.576  -43.653  71.350 0.0000000000
49750  8.964  -43.088  71.630 0.0000000000
50750  9.356  -42.493  71.560 0.0000000000
50768  9.988  -41.812  70.951 0.0000000000
50748  10.441  -41.117  72.467 0.0000000000
51746  10.486  -41.139  70.716 0.0000000000
51754  10.622  -40.915  70.169 0.0000000000
51753  10.732  -40.535  69.625 0.0000000000
53567  7.437  -37.533  69.621 0.0000000000
52678  8.135  -37.898  66.791 0.0000000000
52690  7.907  -37.979  65.693 0.0000000000
53592  7.425  -37.644  66.302 0.0000000000
54528  7.074  -37.390  66.209 0.0000000000
54529  6.944  -37.086  65.901 0.0000000000
55472  7.044  -36.493  65.430 0.0000000000
56507  7.207  -35.945  65.013 0.0000000000
57688  7.437  -35.534  64.592 0.0000000000
61993  11.447  -30.592  64.459 0.0000000000
46863  11.070  -45.329  62.957 0.0000000000
46676  9.220  -45.429  78.836 0.0000000000
46673  9.630  -44.922  79.333 0.0000000000
47608  10.088  -43.978  79.528 0.0000000000
48701  10.228  -42.707  79.997 0.0000000000
49678  11.257  -41.544  81.579 0.0000000000
50689  10.899  -40.916  82.056 0.0000000000
50683  11.199  -40.779  82.323 0.0000000000
49679  10.655  -41.204  81.512 0.0000000000
51687  9.613  -40.194  81.866 0.0000000000
54407  10.340  -37.685  82.274 0.0000000000
52616  19.047  -39.238  76.902 0.0000000000
51717  18.496  -39.692  76.992 0.0000000000
50711  18.437  -40.516  78.409 0.0000000000
50715  17.526  -40.557  77.313 0.0000000000
50716  16.931  -40.719  76.972 0.0000000000
49710  16.303  -41.266  76.771 0.0000000000
48717  15.409  -42.448  76.612 0.0000000000
48702  17.248  -41.529  80.111 0.0000000000
49692  17.335  -41.525  79.872 0.0000000000
49695  17.228  -41.721  79.476 0.0000000000
48710  16.511  -42.158  78.406 0.0000000000
46680  14.209  -44.598  76.911 0.0000000000
44765  12.544  -47.026  76.662 0.0000000000
42807  12.067  -47.434  77.250 0.0000000000
42798  11.817  -47.447  77.635 0.0000000000
45723  13.214  -45.213  79.373 0.0000000000
44746  12.668  -45.887  79.097 0.0000000000
44740  12.515  -45.507  79.542 0.0000000000
43763  12.201  -46.207  79.095 0.0000000000
43768  12.122  -46.844  78.337 0.0000000000
42789  11.832  -47.201  78.145 0.0000000000
42790  11.437  -47.412  78.018 0.0000000000
42791  10.847  -47.590  77.962 0.0000000000
44750  10.635  -45.849  79.379 0.0000000000
53510  8.572  -37.844  76.339 0.0000000000
53517  8.699  -38.162  75.444 0.0000000000
54471  7.648  -36.734  73.626 0.0000000000
55414  7.380  -36.349  73.156 0.0000000000
58768  8.085  -34.526  76.300 0.0000000000
59976  8.710  -33.751  75.628 0.0000000000
56460  7.410  -35.926  72.692 0.0000000000
57603  7.778  -35.662  72.221 0.0000000000
58805  8.270  -35.373  71.674 0.0000000000
52590  14.856  -39.895  81.756 0.0000000000
52591  14.228  -40.047  81.767 0.0000000000
53483  14.559  -39.273  80.943 0.0000000000
52615  20.116  -38.576  76.559 0.0000000000
56408  22.385  -34.761  78.600 0.0000000000
54445  21.410  -36.824  78.565 0.0000000000
53501  21.334  -37.426  77.185 0.0000000000
53502  20.951  -38.059  77.553 0.0000000000
52609  20.607  -38.485  77.180 0.0000000000
52610  19.830  -39.151  77.637 0.0000000000
52598  20.357  -38.877  79.976 0.0000000000
51699  19.967  -39.298  79.704 0.0000000000
51700  19.496  -39.651  80.000 0.0000000000
50696  18.815  -39.886  80.525 0.0000000000
51696  18.754  -39.899  80.973 0.0000000000
54412  20.319  -37.371  81.275 0.0000000000
53469  20.046  -38.263  81.651 0.0000000000
54413  19.807  -37.552  81.721 0.0000000000
52586  19.510  -39.195  81.617 0.0000000000
51689  18.609  -39.907  81.499 0.0000000000
51680  17.788  -40.211  82.092 0.0000000000
51681  16.906  -40.500  82.081 0.0000000000
44832  7.179  -47.109  70.815 0.0000000000
47666  7.541  -45.288  71.453 0.0000000000
45761  7.733  -46.880  73.578 0.0000000000
45768  7.768  -46.116  73.325 0.0000000000
46702  7.716  -45.857  72.927 0.0000000000
46711  7.713  -45.405  72.727 0.0000000000
48727  7.961  -44.190  72.556 0.0000000000
49734  8.175  -43.652  72.148 0.0000000000
50726  9.517  -41.907  74.691 0.0000000000
52623  9.583  -39.607  75.486 0.0000000000
52624  9.351  -39.382  75.782 0.0000000000
48709  8.874  -44.020  78.270 0.0000000000
48708  9.209  -43.366  78.733 0.0000000000
49700  8.848  -42.790  77.988 0.0000000000
51697  9.092  -40.285  80.889 0.0000000000
51701  9.058  -40.384  80.155 0.0000000000
49704  9.140  -41.928  77.689 0.0000000000
51716  9.345  -40.026  77.384 0.0000000000
51715  9.455  -39.871  76.773 0.0000000000
52613  9.330  -39.205  76.871 0.0000000000
53509  9.050  -38.599  76.238 0.0000000000
59933  8.430  -33.898  78.533 0.0000000000
56396  8.593  -35.695  80.498 0.0000000000
56401  8.519  -35.648  79.835 0.0000000000
57501  8.517  -35.183  79.491 0.0000000000
58706  8.628  -34.505  79.859 0.0000000000
58714  8.464  -34.630  79.225 0.0000000000
59915  8.457  -34.019  79.181 0.0000000000
59914  8.577  -33.297  79.173 0.0000000000
53475  13.999  -39.674  81.439 0.0000000000
52622  18.353  -39.146  76.149 0.0000000000
51725  17.318  -38.892  75.126 0.0000000000
52627  17.228  -38.723  74.755 0.0000000000
41803  10.861  -49.891  75.111 0.0000000000
45823  7.656  -46.541  69.211 0.0000000000
48770  8.471  -44.336  69.930 0.0000000000
48780  8.661  -44.367  69.195 0.0000000000
49775  9.429  -43.261  69.281 0.0000000000
49789  9.090  -43.816  68.972 0.0000000000
47768  8.890  -45.067  67.946 0.0000000000
46804  9.068  -45.810  66.920 0.0000000000
48821  10.082  -44.063  65.989 0.0000000000
48858  11.640  -43.620  62.863 0.0000000000
53525  9.098  -38.436  74.670 0.0000000000
53533  9.644  -38.588  74.032 0.0000000000
53547  10.376  -38.746  72.589 0.0000000000
52650  10.905  -39.541  70.173 0.0000000000
52662  10.873  -39.398  69.217 0.0000000000
53551  7.635  -37.465  71.039 0.0000000000
52637  8.435  -38.011  70.521 0.0000000000
52652  8.962  -39.005  69.118 0.0000000000
53566  9.198  -38.667  69.722 0.0000000000
53576  10.373  -38.771  69.398 0.0000000000
51765  11.038  -40.415  67.515 0.0000000000
50843  11.201  -40.929  66.130 0.0000000000
51788  11.520  -40.099  65.484 0.0000000000
50863  11.561  -40.930  65.374 0.0000000000
50884  11.348  -41.798  64.967 0.0000000000
49860  11.675  -42.317  63.769 0.0000000000
48857  11.799  -42.859  63.263 0.0000000000
48865  11.597  -43.360  61.599 0.0000000000
48866  10.898  -42.697  60.869 0.0000000000
49898  10.263  -42.400  60.867 0.0000000000
51790  8.403  -38.526  64.423 0.0000000000
52724  8.134  -38.635  63.869 0.0000000000
51827  8.320  -39.007  62.819 0.0000000000
51868  8.792  -39.902  61.833 0.0000000000
61932  10.765  -30.718  76.152 0.0000000000
61942  10.960  -31.058  75.629 0.0000000000
61036  10.696  -31.557  75.472 0.0000000000
61035  11.116  -31.699  74.777 0.0000000000
59985  10.808  -32.144  74.754 0.0000000000
59992  10.761  -32.788  74.183 0.0000000000
58816  10.436  -33.724  72.725 0.0000000000
58833  9.432  -34.538  70.450 0.0000000000
58846  9.208  -34.346  69.441 0.0000000000
61070  11.896  -32.103  68.916 0.0000000000
61062  11.966  -32.451  69.526 0.0000000000
60027  10.952  -33.404  69.750 0.0000000000
60016  9.765  -34.179  69.661 0.0000000000
58847  8.679  -34.466  68.906 0.0000000000
58857  8.480  -34.323  67.979 0.0000000000
58871  7.962  -34.632  66.964 0.0000000000
58884  7.834  -34.537  66.205 0.0000000000
57658  7.598  -34.886  65.995 0.0000000000
57671  7.559  -34.842  65.393 0.0000000000
57687  7.727  -34.844  64.719 0.0000000000
61986  10.255  -31.850  65.700 0.0000000000
61125  9.608  -32.735  65.649 0.0000000000
58930  8.306  -34.493  64.572 0.0000000000
57708  7.766  -35.523  63.905 0.0000000000
41776  10.490  -48.481  76.914 0.0000000000
41784  11.002  -48.628  76.470 0.0000000000
41786  10.061  -49.314  76.705 0.0000000000
43762  12.463  -46.143  78.978 0.0000000000
43764  11.936  -46.409  78.965 0.0000000000
43817  7.577  -47.705  73.840 0.0000000000
44797  7.545  -47.806  73.568 0.0000000000
45715  11.271  -44.511  80.202 0.0000000000
45733  9.471  -46.797  78.366 0.0000000000
46681  13.889  -44.939  76.375 0.0000000000
46730  7.390  -45.795  71.610 0.0000000000
46776  7.862  -46.035  69.214 0.0000000000
46791  7.974  -45.955  68.873 0.0000000000
46881  10.708  -45.837  62.236 0.0000000000
46897  10.082  -45.774  61.098 0.0000000000
47599  11.767  -43.615  80.647 0.0000000000
47603  14.492  -43.139  80.421 0.0000000000
47803  11.019  -43.981  64.155 0.0000000000
47873  10.760  -43.920  60.583 0.0000000000
48682  12.457  -41.874  82.015 0.0000000000
48759  8.372  -44.303  70.705 0.0000000000
48793  9.234  -44.055  68.154 0.0000000000
48808  9.088  -44.535  68.100 0.0000000000
48833  10.430  -43.664  65.287 0.0000000000
48844  11.592  -42.798  63.631 0.0000000000
49671  11.901  -41.486  82.336 0.0000000000
49676  12.018  -41.771  82.209 0.0000000000
49691  17.651  -41.078  80.203 0.0000000000
49788  9.478  -43.394  68.718 0.0000000000
49802  9.433  -43.647  68.157 0.0000000000
49815  10.056  -42.904  66.985 0.0000000000
49846  11.424  -42.165  64.450 0.0000000000
49876  12.061  -42.079  62.794 0.0000000000
49887  12.008  -42.409  61.884 0.0000000000
49888  11.211  -42.076  61.409 0.0000000000
49889  10.481  -42.019  61.152 0.0000000000
50682  11.530  -41.133  82.283 0.0000000000
50691  18.309  -40.263  81.045 0.0000000000
50693  17.170  -41.047  81.678 0.0000000000
50698  18.015  -40.532  80.914 0.0000000000
50701  18.346  -40.432  80.167 0.0000000000
50733  10.455  -40.975  73.240 0.0000000000
50770  9.173  -43.315  70.689 0.0000000000
50788  10.466  -41.032  69.478 0.0000000000
51678  10.853  -40.426  82.456 0.0000000000
51705  18.959  -40.257  79.134 0.0000000000
51721  9.485  -40.290  76.812 0.0000000000
51731  10.544  -40.400  73.652 0.0000000000
51732  10.327  -40.555  74.167 0.0000000000
51789  8.795  -38.662  64.428 0.0000000000
51807  9.088  -39.028  63.828 0.0000000000
51824  10.310  -39.853  63.382 0.0000000000
52592  8.996  -39.652  81.376 0.0000000000
52611  19.230  -39.502  77.508 0.0000000000
52612  9.398  -39.638  76.420 0.0000000000
52619  9.274  -39.245  76.146 0.0000000000
52638  8.229  -37.834  70.601 0.0000000000
52643  7.681  -37.730  69.855 0.0000000000
52685  11.387  -39.782  66.277 0.0000000000
52696  11.391  -39.676  65.964 0.0000000000
52712  8.095  -38.474  64.381 0.0000000000
52713  7.747  -38.436  64.229 0.0000000000
53508  20.601  -38.219  76.431 0.0000000000
53523  9.942  -39.251  74.481 0.0000000000
53593  7.068  -37.570  65.808 0.0000000000
53620  6.898  -37.509  63.780 0.0000000000
54436  21.539  -36.094  79.653 0.0000000000
54459  21.243  -37.006  75.558 0.0000000000
54522  7.026  -36.855  66.427 0.0000000000
54549  6.927  -37.104  63.607 0.0000000000
55462  7.087  -36.726  66.691 0.0000000000
56481  7.448  -35.927  66.973 0.0000000000
56528  7.435  -36.132  63.803 0.0000000000
57494  8.675  -35.075  80.233 0.0000000000
57647  7.553  -35.301  66.342 0.0000000000
57686  8.082  -34.585  64.614 0.0000000000
58791  9.544  -33.987  73.816 0.0000000000
58801  10.395  -33.665  73.031 0.0000000000
58858  8.029  -34.659  67.826 0.0000000000
58870  8.327  -34.230  67.148 0.0000000000
58897  8.085  -34.111  65.731 0.0000000000
59903  8.542  -34.185  79.567 0.0000000000
59944  9.153  -32.331  78.130 0.0000000000
59984  11.013  -31.990  74.659 0.0000000000
59999  10.288  -33.621  73.421 0.0000000000
60029  9.664  -33.926  68.933 0.0000000000
60039  11.452  -32.753  69.266 0.0000000000
61024  10.593  -31.294  75.966 0.0000000000
61048  12.181  -31.338  72.822 0.0000000000
61097  11.236  -31.192  67.040 0.0000000000
61111  9.863  -32.349  65.841 0.0000000000
61933  10.396  -31.066  76.480 0.0000000000
