#!ascii label  , from subject sub-1633992 vox2ras=TkReg
759
86782  18.504  -6.476  -1.048 0.2500000000
86781  18.991  -6.715  -1.578 0.2500000000
85821  19.326  -7.362  -1.789 0.7500000000
89631  17.282  -3.705  -0.615 0.2500000000
88682  17.570  -4.347  -0.761 0.1250000000
89646  17.731  -3.737  -1.241 0.3750000000
88681  18.022  -4.669  -1.198 0.2500000000
87700  17.961  -5.638  -0.798 0.2500000000
86798  18.838  -6.104  -1.710 0.7500000000
85820  20.003  -7.245  -2.584 0.8750000000
86797  19.401  -6.367  -2.231 0.8750000000
85834  20.665  -7.443  -3.112 0.8750000000
89645  18.250  -3.902  -1.716 0.3750000000
88694  18.629  -4.599  -1.894 0.3750000000
88693  19.240  -4.527  -2.531 0.8750000000
87734  19.057  -5.411  -2.115 0.7500000000
87746  21.248  -5.770  -3.928 1.0000000000
87732  20.287  -5.868  -3.118 1.0000000000
87733  19.780  -5.391  -2.900 0.8750000000
86812  20.587  -6.504  -3.216 1.0000000000
86796  20.028  -6.271  -2.785 0.8750000000
85833  21.255  -7.173  -3.701 1.0000000000
89657  19.433  -3.769  -2.818 0.8750000000
87764  21.660  -5.276  -4.289 1.0000000000
87747  20.662  -5.333  -3.679 1.0000000000
88704  20.312  -4.288  -3.528 1.0000000000
86824  22.271  -6.188  -4.446 1.0000000000
86825  21.558  -6.260  -4.080 1.0000000000
86811  21.077  -6.208  -3.704 1.0000000000
90655  18.283  -2.890  -1.758 0.6250000000
90667  19.382  -2.815  -2.901 1.0000000000
89658  18.830  -3.589  -2.320 0.8750000000
87763  22.714  -5.285  -4.655 1.0000000000
87765  21.167  -4.766  -4.110 1.0000000000
88721  20.906  -4.221  -3.953 1.0000000000
87761  24.620  -5.417  -5.219 1.0000000000
86823  23.161  -6.226  -4.687 1.0000000000
93457  16.592  0.226  0.497 0.2500000000
90642  16.891  -2.871  -0.400 0.2500000000
90656  17.430  -2.827  -1.163 0.3750000000
91670  19.103  -2.152  -2.705 1.0000000000
91662  17.935  -1.952  -1.551 0.6250000000
90668  18.833  -2.616  -2.422 1.0000000000
90682  20.778  -2.465  -4.187 1.0000000000
90683  20.077  -2.541  -3.560 1.0000000000
88718  23.212  -4.360  -4.880 1.0000000000
88719  22.303  -4.318  -4.630 1.0000000000
89687  21.223  -3.341  -4.246 1.0000000000
89684  23.716  -3.443  -4.766 1.0000000000
88717  24.161  -4.407  -5.045 1.0000000000
88716  25.103  -4.436  -5.292 1.0000000000
93483  17.155  0.304  -0.041 0.5000000000
92538  16.823  -0.351  0.316 0.3750000000
92563  17.075  -0.850  -0.092 0.3750000000
91663  17.332  -1.711  -0.812 0.5000000000
92580  17.499  -0.731  -0.879 0.5000000000
91690  19.069  -0.919  -2.824 0.8750000000
91671  18.676  -1.661  -2.338 1.0000000000
92610  19.138  -0.488  -2.785 1.0000000000
91689  19.475  -1.562  -3.205 1.0000000000
90698  23.226  -2.492  -4.539 1.0000000000
90700  21.544  -2.443  -4.613 1.0000000000
90696  25.088  -2.537  -4.997 1.0000000000
93500  17.680  0.306  -0.873 0.6250000000
93499  18.322  0.542  -1.570 0.6250000000
92587  19.160  -0.109  -2.709 1.0000000000
92579  18.185  -0.682  -1.547 0.7500000000
92608  20.000  -0.562  -3.826 1.0000000000
92624  22.970  -1.095  -4.325 1.0000000000
91708  21.958  -1.526  -4.815 1.0000000000
91709  21.115  -1.534  -4.553 1.0000000000
91706  23.580  -1.594  -4.327 1.0000000000
91707  22.744  -1.600  -4.538 1.0000000000
91705  24.580  -1.762  -4.486 0.8750000000
90697  24.173  -2.544  -4.621 1.0000000000
89682  25.569  -3.478  -5.296 0.8750000000
94423  17.417  1.141  -0.508 0.5000000000
94439  18.098  1.312  -1.346 0.8750000000
94473  20.434  1.204  -3.840 1.0000000000
93528  19.803  0.418  -3.667 1.0000000000
92606  23.265  -0.659  -4.048 1.0000000000
93540  22.254  0.073  -4.035 1.0000000000
92627  20.767  -0.640  -4.326 1.0000000000
93525  23.641  0.036  -3.674 1.0000000000
91704  25.575  -1.651  -4.647 1.0000000000
92605  24.235  -0.599  -3.848 1.0000000000
91685  25.309  -1.160  -4.253 1.0000000000
94405  17.003  1.414  0.154 0.5000000000
94440  17.751  1.383  -0.930 0.8750000000
94454  18.611  1.381  -1.963 1.0000000000
96395  20.933  2.616  -3.630 1.0000000000
94474  19.703  1.312  -3.322 1.0000000000
94453  19.194  1.351  -2.633 1.0000000000
94451  22.904  1.476  -3.004 1.0000000000
93508  25.054  0.747  -3.133 1.0000000000
94450  24.112  1.191  -3.072 1.0000000000
94470  23.221  0.674  -3.383 1.0000000000
92603  26.131  -0.581  -3.823 1.0000000000
94469  23.873  0.546  -3.480 1.0000000000
92623  25.715  -1.094  -4.193 0.8750000000
98284  19.961  5.693  -2.137 1.0000000000
98269  18.437  5.317  -0.673 0.3750000000
98285  19.203  5.376  -1.808 0.8750000000
96383  20.097  3.475  -3.187 1.0000000000
95403  23.486  2.106  -2.498 1.0000000000
95404  22.526  2.527  -2.885 1.0000000000
99284  19.485  6.463  -1.438 0.8750000000
99283  20.531  6.565  -1.884 1.0000000000
98297  19.610  5.029  -2.258 1.0000000000
98283  21.052  5.421  -2.241 1.0000000000
97354  21.329  4.309  -2.648 1.0000000000
95386  23.148  2.892  -2.235 1.0000000000
96364  22.624  3.545  -2.346 1.0000000000
95402  24.533  2.023  -2.189 1.0000000000
100277  20.316  7.487  -1.256 0.7500000000
99282  21.571  6.531  -1.825 1.0000000000
98282  22.197  5.609  -1.788 1.0000000000
97336  23.849  4.486  -1.319 1.0000000000
97337  22.737  4.543  -1.811 1.0000000000
96363  23.413  3.621  -1.806 1.0000000000
103470  21.200  12.080  -0.190 0.1250000000
104266  21.280  12.468  -0.240 0.1250000000
103469  21.578  11.757  -0.596 0.2500000000
104264  22.198  12.305  -1.073 0.3750000000
104279  22.260  13.218  -1.389 0.2500000000
104263  22.921  11.924  -1.036 0.5000000000
104278  23.262  12.754  -1.270 0.2500000000
104265  21.383  12.871  -0.661 0.2500000000
105063  22.305  14.072  -1.639 0.2500000000
105062  23.215  13.735  -1.842 0.2500000000
105061  24.090  13.278  -1.726 0.3750000000
105074  24.317  13.735  -2.643 0.3750000000
86767  18.059  -6.523  -0.205 0.1250000000
87718  18.461  -5.491  -1.470 0.2500000000
88664  17.686  -4.966  -0.594 0.1250000000
85845  23.504  -7.084  -4.744 1.0000000000
94471  22.143  1.066  -3.654 1.0000000000
85794  18.292  -7.520  0.294 0.1250000000
84765  20.549  -8.374  -2.751 0.7500000000
88665  17.353  -4.619  -0.192 0.1250000000
85832  22.009  -7.622  -4.085 1.0000000000
85846  22.667  -7.154  -4.507 1.0000000000
85844  24.312  -7.279  -4.927 1.0000000000
92539  16.266  -0.920  0.593 0.2500000000
92564  16.637  -1.423  0.384 0.2500000000
88715  26.031  -4.434  -5.528 0.8750000000
90695  26.039  -2.573  -5.199 0.8750000000
91703  26.574  -1.805  -5.053 0.8750000000
98257  18.553  5.030  0.009 0.1250000000
97310  18.378  4.720  -0.385 0.1250000000
95387  18.286  2.352  -1.544 0.6250000000
93523  25.545  0.077  -3.351 1.0000000000
92622  26.386  -1.136  -4.507 0.8750000000
99285  18.935  5.854  -1.419 0.5000000000
97320  18.280  4.342  -0.894 0.3750000000
97340  18.705  4.391  -1.974 0.8750000000
95401  25.732  2.331  -1.933 1.0000000000
95384  24.840  2.769  -1.646 1.0000000000
96362  24.348  3.564  -1.509 1.0000000000
101152  21.457  8.021  -1.270 0.8750000000
100263  22.699  7.487  -1.004 1.0000000000
98268  23.661  6.207  -0.815 1.0000000000
104237  21.029  12.095  1.008 0.1250000000
102727  21.120  11.151  -0.057 0.1250000000
102725  22.476  10.407  -0.667 0.6250000000
103481  23.705  11.962  -1.129 0.5000000000
104277  24.483  12.424  -1.562 0.5000000000
105052  21.604  13.933  -0.845 0.2500000000
104280  21.764  13.695  -1.245 0.2500000000
104291  24.770  13.050  -2.176 0.5000000000
105064  21.884  14.345  -1.340 0.1250000000
105873  22.855  14.383  -2.155 0.2500000000
105885  23.984  14.333  -3.084 0.2500000000
105081  25.055  13.493  -3.771 0.3750000000
105894  24.807  14.068  -4.158 0.2500000000
85806  18.862  -7.276  -1.206 0.5000000000
84784  20.927  -7.892  -3.350 1.0000000000
87748  20.075  -4.864  -3.369 1.0000000000
85847  21.886  -6.909  -4.299 1.0000000000
89670  20.565  -3.387  -3.759 1.0000000000
87762  23.660  -5.336  -4.925 1.0000000000
88720  21.544  -4.212  -4.309 1.0000000000
86822  24.080  -6.319  -4.963 1.0000000000
89685  22.796  -3.396  -4.712 1.0000000000
89686  21.932  -3.368  -4.669 1.0000000000
89683  24.650  -3.470  -5.006 1.0000000000
91688  20.323  -1.544  -4.020 1.0000000000
93509  19.324  0.508  -2.995 1.0000000000
93527  20.511  0.237  -4.115 1.0000000000
91687  24.103  -1.179  -4.093 1.0000000000
92626  21.556  -0.665  -4.598 1.0000000000
92625  22.421  -0.660  -4.466 1.0000000000
94472  21.227  1.362  -3.951 1.0000000000
94489  21.562  0.620  -4.095 1.0000000000
94490  20.988  0.749  -4.189 1.0000000000
92607  22.641  -0.300  -4.087 1.0000000000
93542  21.222  0.079  -4.319 1.0000000000
93526  22.808  0.102  -3.773 1.0000000000
93524  24.508  0.220  -3.558 1.0000000000
92604  25.162  -0.652  -3.874 1.0000000000
95370  17.684  2.264  -0.689 0.6250000000
95388  17.938  1.841  -1.149 0.7500000000
95406  19.557  2.176  -2.963 1.0000000000
95423  20.145  2.063  -3.454 1.0000000000
96397  19.858  2.764  -3.303 1.0000000000
95422  20.770  2.060  -3.709 1.0000000000
96382  21.082  3.312  -3.371 1.0000000000
95405  21.801  2.743  -3.273 1.0000000000
95420  22.020  2.065  -3.326 1.0000000000
94449  25.255  1.389  -2.582 1.0000000000
94452  22.372  1.781  -3.227 1.0000000000
98286  18.632  5.284  -1.326 0.7500000000
97339  19.225  4.798  -2.197 1.0000000000
96384  19.347  3.172  -2.766 1.0000000000
96381  21.956  3.501  -2.946 1.0000000000
97357  18.996  3.809  -2.461 1.0000000000
97355  20.509  4.188  -2.827 1.0000000000
100276  21.090  7.349  -1.566 0.8750000000
98295  20.771  4.697  -2.510 1.0000000000
97338  21.872  4.816  -2.181 1.0000000000
97353  22.121  4.181  -2.444 1.0000000000
95385  23.924  2.783  -1.889 1.0000000000
99281  22.564  6.577  -1.254 1.0000000000
98281  23.304  5.610  -1.047 1.0000000000
99266  23.180  6.966  -0.888 1.0000000000
100275  21.932  7.371  -1.444 1.0000000000
103459  20.973  11.689  0.429 0.1250000000
103468  22.274  11.365  -0.909 0.5000000000
105075  23.507  14.237  -2.520 0.2500000000
105082  24.507  14.080  -3.494 0.2500000000
85807  18.543  -7.554  -0.483 0.2500000000
84748  18.958  -8.250  -1.225 0.6250000000
84766  19.735  -8.295  -1.989 0.7500000000
84783  21.559  -8.431  -3.466 1.0000000000
97311  17.962  4.103  -0.249 0.5000000000
95407  18.916  2.300  -2.376 0.8750000000
95369  18.070  2.872  -1.133 0.7500000000
96385  18.664  3.270  -2.174 0.8750000000
96345  18.011  3.352  -0.813 0.8750000000
96365  18.294  3.455  -1.450 1.0000000000
97356  19.561  4.253  -2.566 1.0000000000
100262  23.549  7.550  -0.672 1.0000000000
98267  24.183  6.062  -0.734 1.0000000000
103467  23.346  11.151  -0.891 0.7500000000
80707  21.706  -12.547  -2.359 0.7500000000
80705  23.462  -12.705  -3.141 0.7500000000
81754  21.218  -11.925  -2.108 0.7500000000
81770  20.975  -11.311  -2.291 0.7500000000
81768  22.907  -11.693  -3.409 0.7500000000
80706  22.488  -12.548  -2.841 0.7500000000
81769  21.854  -11.586  -2.709 0.7500000000
81767  23.960  -11.916  -3.576 0.7500000000
82713  22.426  -10.520  -3.339 0.7500000000
83708  20.563  -9.607  -2.364 0.7500000000
83709  20.035  -8.972  -2.199 0.6250000000
83707  21.586  -9.570  -2.986 0.8750000000
81777  24.172  -11.090  -3.871 0.7500000000
82712  23.048  -10.992  -3.661 0.7500000000
82725  22.855  -9.939  -3.788 0.7500000000
83722  22.452  -9.345  -3.557 0.8750000000
83720  24.072  -9.618  -4.350 0.7500000000
83721  23.260  -9.385  -4.009 0.7500000000
84782  22.846  -8.257  -4.103 0.8750000000
84780  24.632  -8.911  -4.636 0.7500000000
84781  23.811  -8.707  -4.436 0.8750000000
84797  23.672  -7.858  -4.607 0.8750000000
85831  25.508  -8.048  -4.883 0.8750000000
85843  25.024  -7.656  -5.055 0.8750000000
86810  25.695  -7.403  -5.020 0.8750000000
86821  25.211  -6.558  -5.211 0.8750000000
86808  27.419  -6.560  -4.293 0.3750000000
87745  27.109  -5.892  -4.769 0.6250000000
86820  25.965  -6.079  -5.366 0.7500000000
87744  27.818  -5.672  -4.436 0.5000000000
87758  27.311  -5.056  -4.847 0.7500000000
87759  26.527  -5.445  -5.297 0.7500000000
88702  29.323  -4.317  -4.305 0.1250000000
87757  27.986  -4.875  -4.608 0.3750000000
88714  26.892  -4.339  -5.251 0.6250000000
89681  26.468  -3.467  -5.419 0.6250000000
88692  30.881  -4.343  -3.228 0.1250000000
88701  30.152  -4.281  -3.787 0.1250000000
89669  28.811  -3.377  -4.419 0.1250000000
89668  29.616  -3.363  -3.850 0.1250000000
90693  27.678  -2.568  -5.155 0.6250000000
91702  27.335  -1.840  -5.189 0.7500000000
89667  30.648  -3.299  -3.413 0.1250000000
90679  30.948  -2.201  -3.185 0.1250000000
91684  28.742  -1.501  -4.600 0.1250000000
91701  27.974  -1.712  -4.989 0.5000000000
92621  27.164  -1.168  -4.889 0.7500000000
90666  31.434  -2.852  -3.117 0.1250000000
92600  29.119  -0.457  -4.280 0.5000000000
92601  28.032  -0.604  -4.795 0.6250000000
92602  27.007  -0.395  -4.320 0.7500000000
101138  20.864  8.542  -0.762 0.5000000000
93520  28.672  0.458  -4.159 0.6250000000
93522  26.666  0.444  -3.397 0.6250000000
93507  25.869  0.713  -2.808 0.8750000000
94465  29.184  1.284  -4.168 0.5000000000
93521  27.732  0.496  -4.015 0.6250000000
94467  27.585  1.406  -3.182 0.6250000000
93506  26.439  0.905  -2.844 0.7500000000
101137  21.949  8.720  -0.963 0.7500000000
96361  25.132  3.350  -1.370 0.8750000000
94448  26.308  1.467  -2.462 0.7500000000
96380  25.868  3.019  -1.517 0.8750000000
96360  26.012  3.770  -1.565 0.8750000000
97334  25.753  4.353  -1.166 0.8750000000
94466  28.463  1.530  -3.836 0.5000000000
94447  27.083  1.727  -2.608 0.6250000000
94486  29.644  1.934  -4.310 0.2500000000
94487  29.000  2.011  -4.248 0.3750000000
95419  28.142  2.487  -3.424 0.5000000000
101923  22.694  9.414  -0.634 0.7500000000
101151  22.197  8.033  -1.166 0.8750000000
101136  22.963  8.382  -0.708 0.8750000000
98280  24.454  5.281  -0.848 0.8750000000
98266  24.966  5.922  -0.580 0.7500000000
98278  26.404  5.067  -1.046 0.8750000000
95400  26.819  2.395  -2.284 0.6250000000
96378  27.352  3.324  -2.422 0.7500000000
95418  28.680  2.612  -4.011 0.3750000000
97352  27.085  4.204  -2.166 0.7500000000
95432  30.070  2.603  -4.452 0.2500000000
101924  21.704  9.579  -0.490 0.6250000000
101135  24.127  8.268  -0.436 0.8750000000
100261  24.488  7.396  -0.347 0.8750000000
99263  25.926  6.209  -0.436 0.8750000000
99288  27.143  5.705  -1.910 0.7500000000
97372  29.562  3.960  -4.846 0.2500000000
97364  28.837  3.960  -3.849 0.5000000000
96393  28.537  3.425  -3.636 0.5000000000
96406  30.471  3.196  -4.786 0.2500000000
102724  23.509  10.149  -0.674 0.6250000000
102723  24.692  9.930  -0.664 0.7500000000
101921  24.874  8.952  -0.438 0.7500000000
101940  26.167  9.305  -0.904 0.7500000000
101939  26.603  8.628  -1.187 0.7500000000
101920  25.907  8.669  -0.494 0.7500000000
102722  25.526  9.431  -0.674 0.7500000000
101132  26.508  7.544  -0.732 0.7500000000
100273  27.037  6.617  -1.613 0.7500000000
100285  27.109  7.206  -1.752 0.7500000000
98307  27.443  5.422  -3.193 0.5000000000
98308  27.134  6.024  -3.483 0.3750000000
99287  27.193  5.974  -2.283 0.6250000000
97373  29.022  4.240  -4.477 0.2500000000
97374  28.045  4.826  -4.682 0.3750000000
98316  27.443  5.239  -4.257 0.3750000000
103466  24.203  10.684  -0.876 0.6250000000
102739  25.846  10.088  -1.224 0.7500000000
102738  26.458  9.372  -1.454 0.7500000000
101948  26.695  8.863  -2.053 0.7500000000
100297  26.494  7.498  -3.521 0.6250000000
98317  26.916  5.835  -4.033 0.3750000000
99297  26.793  6.575  -3.630 0.3750000000
97383  28.531  4.541  -5.442 0.1250000000
97384  27.438  4.822  -5.563 0.1250000000
98324  27.327  5.084  -4.903 0.2500000000
103479  25.488  11.035  -1.566 0.7500000000
101955  26.344  9.068  -2.808 0.7500000000
99298  26.142  6.950  -4.048 0.3750000000
101168  26.691  8.189  -2.798 0.3750000000
101161  26.869  7.979  -1.951 0.7500000000
98325  26.463  5.515  -5.220 0.2500000000
99308  26.267  6.311  -4.442 0.3750000000
100296  27.162  7.156  -2.715 0.6250000000
96437  27.625  4.125  -7.804 0.1250000000
97396  27.156  4.615  -6.549 0.1250000000
97406  28.641  4.328  -7.094 0.1250000000
103480  24.504  11.413  -1.218 0.6250000000
104276  25.222  11.779  -1.743 0.6250000000
102751  26.087  10.506  -2.234 0.3750000000
101956  25.803  9.333  -3.491 0.3750000000
99319  25.102  6.741  -5.627 0.2500000000
100311  25.804  7.669  -4.172 0.3750000000
97397  26.138  4.803  -6.708 0.1250000000
99318  25.871  6.318  -5.148 0.3750000000
96448  27.449  3.538  -8.449 0.1250000000
98333  26.138  5.262  -6.099 0.1250000000
104290  25.361  12.325  -2.498 0.3750000000
103490  25.671  11.312  -2.456 0.3750000000
102760  25.698  10.415  -3.323 0.3750000000
101179  24.719  9.091  -4.757 0.3750000000
101964  25.192  9.651  -4.208 0.3750000000
100330  24.188  7.805  -5.679 0.3750000000
100329  25.236  7.744  -5.019 0.3750000000
101178  25.357  8.615  -4.314 0.3750000000
97410  24.787  4.663  -7.676 0.1250000000
98334  25.256  5.674  -6.391 0.1250000000
99332  24.534  6.435  -6.274 0.2500000000
97419  26.302  3.859  -8.207 0.1250000000
103506  24.989  11.671  -4.764 0.2500000000
101965  24.452  9.833  -4.937 0.2500000000
102767  25.060  10.627  -4.380 0.3750000000
103498  25.423  11.484  -3.527 0.3750000000
100331  23.514  8.395  -5.805 0.1250000000
101194  24.715  8.453  -5.057 0.2500000000
98350  23.459  5.458  -8.476 0.1250000000
99320  24.284  7.018  -6.105 0.1250000000
104299  25.291  12.487  -3.706 0.3750000000
102768  24.344  10.752  -5.342 0.2500000000
101196  23.073  9.021  -5.962 0.1250000000
101976  22.716  9.976  -6.408 0.1250000000
101213  22.210  8.980  -6.568 0.1250000000
99349  22.216  7.336  -8.136 0.1250000000
102783  23.537  11.341  -7.502 0.1250000000
101243  22.202  8.322  -8.402 0.1250000000
101990  22.049  9.868  -7.270 0.1250000000
99369  23.169  6.745  -9.215 0.1250000000
98356  23.597  5.725  -9.463 0.1250000000
96394  28.088  3.430  -2.987 0.5000000000
96407  29.649  3.435  -4.559 0.3750000000
101922  23.789  9.200  -0.505 0.8750000000
101134  25.161  8.057  -0.329 0.8750000000
101133  26.021  7.789  -0.368 0.7500000000
100259  26.329  7.040  -0.456 0.7500000000
99262  26.628  6.766  -1.104 0.7500000000
97351  27.707  4.358  -2.673 0.5000000000
98293  27.322  5.106  -2.292 0.7500000000
97365  28.284  4.487  -3.612 0.5000000000
98343  23.953  5.733  -7.396 0.1250000000
101975  23.558  9.956  -5.634 0.2500000000
101214  21.675  8.858  -7.402 0.1250000000
99361  22.610  6.977  -8.492 0.1250000000
89679  28.056  -3.384  -4.891 0.5000000000
89680  27.303  -3.426  -5.265 0.6250000000
94485  30.488  1.744  -4.331 0.2500000000
97333  26.690  4.233  -1.905 0.7500000000
99333  23.748  6.749  -6.656 0.1250000000
94484  31.307  1.808  -4.634 0.1250000000
78792  22.478  -13.972  -2.358 0.7500000000
79730  21.615  -13.314  -2.041 0.7500000000
80690  21.132  -12.580  -1.740 0.7500000000
81755  20.468  -11.621  -1.459 0.7500000000
79727  23.875  -13.632  -2.871 0.7500000000
80704  24.668  -12.779  -2.818 0.7500000000
83693  20.106  -10.114  -1.861 0.6250000000
82714  21.297  -10.552  -2.637 0.7500000000
81776  24.671  -10.833  -3.770 0.7500000000
82722  25.142  -10.397  -3.693 0.6250000000
84779  25.503  -8.748  -4.467 0.6250000000
85830  26.119  -7.882  -4.558 0.5000000000
85829  27.046  -7.604  -3.969 0.3750000000
86807  28.352  -6.409  -3.780 0.1250000000
87742  29.649  -5.279  -3.781 0.1250000000
87741  30.403  -5.002  -3.426 0.1250000000
88691  31.617  -4.509  -2.727 0.1250000000
90665  32.168  -2.969  -2.880 0.1250000000
90678  31.879  -2.107  -2.926 0.1250000000
101153  20.891  7.881  -1.266 0.3750000000
91681  31.490  -1.274  -3.275 0.1250000000
91682  30.464  -1.303  -3.409 0.1250000000
92599  30.004  -0.345  -3.670 0.1250000000
93519  29.550  0.510  -3.932 0.2500000000
94464  29.898  1.254  -4.106 0.2500000000
96414  31.195  2.885  -5.350 0.1250000000
95431  30.821  2.506  -4.635 0.2500000000
96424  30.490  3.312  -6.713 0.1250000000
97394  29.104  4.325  -6.324 0.1250000000
102726  21.601  10.691  -0.477 0.3750000000
96447  28.776  3.370  -8.451 0.1250000000
95472  27.336  2.741  -9.436 0.1250000000
95471  28.314  2.790  -9.130 0.1250000000
96450  24.895  3.578  -8.913 0.1250000000
96473  25.524  3.896  -10.526 0.1250000000
104254  21.326  13.127  0.135 0.1250000000
103516  24.686  12.201  -5.510 0.2500000000
103517  24.205  12.130  -6.375 0.1250000000
102008  21.980  9.373  -8.106 0.1250000000
102784  22.540  10.479  -7.678 0.1250000000
100380  22.239  7.811  -8.399 0.1250000000
98363  24.334  5.612  -10.415 0.1250000000
100387  23.350  7.162  -9.323 0.1250000000
97335  24.863  4.371  -1.080 0.8750000000
84764  21.068  -9.000  -2.874 0.7500000000
87760  25.573  -5.409  -5.442 0.7500000000
90694  26.916  -2.591  -5.394 0.6250000000
99265  23.884  6.745  -0.686 0.8750000000
99264  24.801  6.558  -0.363 0.8750000000
98279  25.553  5.248  -0.649 0.8750000000
105073  25.163  13.144  -2.889 0.3750000000
105089  24.985  13.571  -4.853 0.1250000000
104305  25.086  12.727  -4.763 0.2500000000
79729  22.175  -13.264  -2.467 0.7500000000
79728  22.941  -13.416  -2.768 0.7500000000
82700  20.486  -10.665  -2.077 0.7500000000
82724  23.445  -10.425  -3.942 0.7500000000
83719  24.976  -9.677  -4.331 0.7500000000
84795  25.025  -8.353  -4.887 0.7500000000
84796  24.402  -8.144  -4.806 0.8750000000
85828  27.699  -7.037  -3.824 0.2500000000
86809  26.441  -6.722  -4.912 0.6250000000
87743  28.688  -5.246  -4.244 0.2500000000
86806  29.042  -5.833  -3.770 0.1250000000
88703  28.457  -4.245  -4.648 0.3750000000
88713  27.663  -4.209  -4.916 0.6250000000
89656  31.522  -3.643  -3.074 0.1250000000
90681  29.106  -2.412  -4.107 0.1250000000
90680  29.976  -2.339  -3.518 0.1250000000
90692  28.370  -2.490  -4.701 0.5000000000
91683  29.529  -1.386  -3.907 0.1250000000
92620  27.625  -1.331  -5.005 0.6250000000
96379  26.663  3.274  -1.966 0.7500000000
98294  26.978  5.030  -1.834 0.7500000000
95399  27.542  2.438  -2.792 0.5000000000
99279  26.274  5.504  -0.777 0.7500000000
96408  28.985  3.416  -4.155 0.3750000000
100260  25.485  7.168  -0.085 0.7500000000
99277  27.118  6.289  -1.816 0.7500000000
97382  29.406  4.189  -5.368 0.1250000000
96416  30.041  3.753  -5.165 0.1250000000
96415  30.769  3.263  -5.651 0.1250000000
102740  24.992  10.685  -1.019 0.7500000000
100295  27.287  6.496  -2.532 0.6250000000
102759  26.206  9.854  -2.840 0.3750000000
97395  28.118  4.572  -6.365 0.1250000000
97385  26.636  4.957  -6.001 0.1250000000
97407  27.800  4.387  -7.214 0.1250000000
99309  25.728  6.941  -4.742 0.3750000000
101169  26.095  8.398  -3.530 0.3750000000
98326  25.698  6.069  -5.623 0.2500000000
97408  26.894  4.300  -7.537 0.1250000000
96436  28.344  3.999  -7.824 0.1250000000
97409  25.799  4.413  -7.597 0.1250000000
97398  25.336  4.908  -7.072 0.1250000000
101195  23.949  8.920  -5.316 0.3750000000
97420  25.364  3.886  -8.272 0.1250000000
98342  24.824  5.223  -7.132 0.1250000000
97411  24.012  4.817  -8.137 0.1250000000
96451  24.333  3.949  -8.919 0.1250000000
98335  24.358  6.123  -6.671 0.1250000000
96449  26.046  3.012  -8.985 0.1250000000
103507  24.372  11.537  -5.734 0.2500000000
100348  23.023  7.864  -6.373 0.1250000000
98351  23.030  6.175  -8.076 0.1250000000
99347  23.251  6.540  -7.278 0.1250000000
98357  23.211  6.241  -8.755 0.1250000000
102775  23.583  10.929  -6.339 0.1250000000
102776  22.735  10.640  -7.042 0.1250000000
100349  22.009  8.145  -6.903 0.1250000000
97429  24.108  4.756  -9.887 0.1250000000
99334  22.924  7.063  -6.980 0.1250000000
78779  21.798  -14.276  -1.825 0.7500000000
78791  23.283  -14.259  -2.602 0.7500000000
83718  25.669  -9.477  -3.694 0.6250000000
84778  26.304  -8.571  -3.812 0.5000000000
92598  31.074  -0.343  -3.495 0.1250000000
92596  32.918  -0.645  -3.627 0.1250000000
96425  29.986  3.871  -6.121 0.1250000000
96462  25.187  3.475  -9.704 0.1250000000
96463  24.413  3.960  -9.454 0.1250000000
79715  21.101  -13.451  -1.469 0.7500000000
78778  22.717  -14.870  -2.218 0.6250000000
78777  23.696  -15.064  -2.307 0.6250000000
79714  24.644  -13.875  -2.343 0.3750000000
78790  24.084  -14.397  -2.525 0.6250000000
80688  25.573  -12.975  -2.059 0.2500000000
101925  20.744  9.811  -0.015 0.2500000000
81766  24.964  -11.407  -3.318 0.5000000000
82721  25.600  -10.082  -3.181 0.3750000000
78775  25.161  -14.619  -1.565 0.5000000000
78776  24.695  -14.866  -1.824 0.6250000000
77892  23.183  -15.840  -1.973 0.6250000000
81737  20.185  -12.248  -0.791 0.3750000000
79716  20.558  -13.503  -0.851 0.3750000000
78780  21.018  -14.343  -1.175 0.6250000000
77875  25.216  -15.685  -0.996 0.3750000000
77890  24.667  -15.689  -1.368 0.5000000000
81738  19.766  -11.558  -0.597 0.2500000000
78761  25.390  -14.923  -1.229 0.3750000000
79713  25.389  -14.055  -1.598 0.2500000000
80703  25.590  -12.050  -2.503 0.2500000000
82711  25.484  -10.684  -3.082 0.3750000000
82710  26.138  -10.344  -2.699 0.2500000000
83717  26.234  -9.172  -3.296 0.2500000000
84777  26.923  -8.303  -3.464 0.2500000000
91648  16.411  -1.734  0.635 0.1250000000
94406  16.391  1.042  0.835 0.2500000000
85818  27.973  -7.570  -3.238 0.2500000000
97321  18.032  3.787  -0.466 0.3750000000
95353  17.187  2.580  0.118 0.2500000000
91647  16.825  -2.014  0.174 0.2500000000
96346  17.656  3.298  -0.226 0.3750000000
80691  20.618  -12.699  -1.140 0.5000000000
85819  27.317  -8.012  -3.404 0.2500000000
81756  19.881  -11.103  -1.096 0.3750000000
82701  19.920  -10.632  -1.514 0.3750000000
83695  18.766  -9.097  -0.803 0.2500000000
82684  19.430  -10.640  -0.896 0.3750000000
77891  24.086  -15.738  -1.774 0.6250000000
80689  25.101  -13.448  -2.260 0.2500000000
79712  26.263  -13.295  -1.319 0.2500000000
78762  24.992  -15.296  -1.367 0.5000000000
80672  20.243  -12.867  -0.671 0.3750000000
77893  22.095  -15.575  -1.607 0.6250000000
76924  24.748  -16.426  -0.857 0.3750000000
76940  24.314  -16.114  -1.346 0.5000000000
81765  25.805  -11.221  -2.663 0.2500000000
83705  26.664  -9.425  -2.781 0.2500000000
91627  16.669  -2.216  0.833 0.1250000000
76927  21.678  -16.635  -1.015 0.5000000000
76925  24.238  -16.996  -0.822 0.2500000000
76011  23.716  -17.672  -0.704 0.3750000000
76024  23.353  -17.099  -1.265 0.5000000000
76943  22.099  -16.353  -1.344 0.5000000000
76928  20.755  -16.621  -0.565 0.3750000000
77877  21.093  -15.524  -1.017 0.5000000000
77894  21.514  -14.920  -1.380 0.5000000000
75988  20.099  -17.542  0.579 0.1250000000
76014  20.631  -17.564  -0.067 0.3750000000
78763  20.318  -14.348  -0.325 0.2500000000
73986  20.709  -19.398  0.400 0.1250000000
75035  21.179  -18.611  -0.128 0.2500000000
75034  22.084  -18.556  -0.557 0.3750000000
75986  24.733  -18.093  0.028 0.2500000000
75033  22.988  -18.547  -0.635 0.3750000000
76012  22.499  -17.493  -0.973 0.5000000000
75015  20.081  -18.539  0.880 0.1250000000
76903  19.779  -16.633  0.957 0.1250000000
78741  19.951  -14.885  0.322 0.1250000000
93518  30.670  0.729  -3.912 0.1250000000
76941  23.809  -16.602  -1.342 0.3750000000
76942  22.774  -16.698  -1.520 0.5000000000
79699  20.145  -13.339  -0.368 0.2500000000
76926  22.262  -16.797  -1.219 0.5000000000
76025  23.090  -17.312  -1.231 0.3750000000
76013  21.455  -17.584  -0.567 0.3750000000
77856  20.260  -15.616  -0.180 0.1250000000
75014  20.531  -18.328  0.343 0.1250000000
75989  19.788  -17.535  1.309 0.1250000000
76902  20.133  -16.620  0.176 0.1250000000
78764  19.814  -14.170  0.408 0.1250000000
73987  20.226  -19.201  0.828 0.1250000000
75032  23.622  -18.763  -0.264 0.2500000000
77857  19.864  -15.682  0.617 0.1250000000
74003  21.747  -19.505  -0.293 0.2500000000
74002  22.700  -19.512  -0.448 0.2500000000
83679  18.942  -9.891  -0.479 0.2500000000
75987  24.151  -18.482  -0.035 0.2500000000
73985  21.304  -19.624  0.048 0.1250000000
72950  22.229  -19.916  -0.395 0.1250000000
100278  19.695  7.318  -0.852 0.1250000000
100264  20.062  8.007  -0.664 0.1250000000
100265  19.613  7.763  -0.213 0.1250000000
101139  20.083  8.839  -0.184 0.1250000000
101926  20.199  9.397  0.001 0.1250000000
101128  19.820  8.651  0.449 0.1250000000
101910  20.134  9.377  0.338 0.1250000000
101905  20.381  9.992  1.719 0.1250000000
99259  18.789  6.030  -0.365 0.1250000000
99267  19.223  6.773  -0.663 0.1250000000
95354  16.544  2.324  0.865 0.1250000000
80673  19.838  -12.571  -0.236 0.1250000000
82676  19.266  -10.884  0.046 0.1250000000
96319  16.856  4.044  1.227 0.1250000000
99258  19.367  6.753  -0.053 0.1250000000
101895  20.467  9.348  1.581 0.1250000000
101909  20.460  9.998  0.861 0.1250000000
99268  18.615  6.149  -1.066 0.1250000000
84749  18.594  -8.489  -0.473 0.1250000000
83694  19.494  -9.537  -1.553 0.1250000000
96333  17.134  3.492  0.567 0.1250000000
83669  18.706  -9.879  0.392 0.1250000000
101906  20.171  9.333  1.031 0.1250000000
101125  20.107  8.645  1.122 0.1250000000
100252  20.573  7.914  0.983 0.1250000000
102698  20.631  10.739  1.454 0.1250000000
76923  25.676  -16.262  -0.567 0.1250000000
78760  26.111  -14.864  -0.791 0.1250000000
79698  25.735  -14.479  -1.090 0.1250000000
79697  26.189  -14.146  -0.918 0.1250000000
80687  26.485  -12.240  -1.865 0.1250000000
80702  26.143  -11.682  -2.325 0.1250000000
82699  28.381  -10.666  -1.768 0.1250000000
81763  27.358  -10.793  -2.204 0.1250000000
82709  27.040  -10.254  -2.384 0.1250000000
83703  28.344  -9.574  -2.237 0.1250000000
84747  28.721  -9.203  -2.237 0.1250000000
84761  28.421  -8.654  -2.538 0.1250000000
74001  23.239  -19.133  -0.378 0.1250000000
76009  25.574  -16.951  -0.353 0.1250000000
76922  26.589  -16.302  -0.359 0.1250000000
78759  26.896  -14.697  -0.618 0.1250000000
79696  27.073  -13.779  -0.805 0.1250000000
80686  27.419  -12.154  -1.484 0.1250000000
81753  27.082  -11.718  -1.841 0.1250000000
81752  27.735  -11.290  -1.788 0.1250000000
83692  28.897  -9.620  -1.956 0.1250000000
85817  29.167  -7.615  -2.723 0.1250000000
85805  29.548  -8.264  -2.287 0.1250000000
86795  28.740  -7.004  -3.251 0.1250000000
77874  25.914  -15.562  -0.674 0.1250000000
84762  27.319  -8.549  -2.926 0.1250000000
76010  24.738  -17.284  -0.379 0.1250000000
75985  25.636  -17.787  -0.023 0.1250000000
75013  24.096  -19.085  0.163 0.1250000000
76008  26.110  -16.709  -0.362 0.1250000000
79711  27.196  -12.905  -1.232 0.1250000000
81764  26.738  -11.215  -2.274 0.1250000000
82708  27.868  -10.330  -2.167 0.1250000000
82707  28.515  -10.117  -1.950 0.1250000000
83704  27.596  -9.457  -2.473 0.1250000000
84760  29.098  -8.381  -2.460 0.1250000000
83691  29.545  -9.521  -1.576 0.1250000000
73982  24.575  -19.676  0.348 0.1250000000
75011  25.608  -18.720  0.206 0.1250000000
85804  30.258  -7.643  -2.186 0.1250000000
74004  21.237  -19.288  0.008 0.1250000000
77876  21.714  -16.032  -1.280 0.5000000000
78793  21.991  -13.717  -2.202 0.7500000000
81778  23.493  -11.253  -3.761 0.7500000000
82723  24.424  -10.386  -4.091 0.7500000000
83706  25.984  -9.653  -3.049 0.2500000000
84746  29.186  -8.921  -2.150 0.1250000000
84763  26.658  -8.782  -3.223 0.2500000000
84798  23.173  -7.603  -4.507 1.0000000000
88705  19.774  -4.396  -3.090 0.8750000000
89671  19.932  -3.528  -3.265 1.0000000000
90699  22.369  -2.452  -4.709 1.0000000000
91686  24.833  -1.178  -4.205 1.0000000000
92588  18.854  -0.576  -2.411 1.0000000000
92609  19.381  -0.373  -3.192 1.0000000000
93458  15.865  0.049  0.976 0.2500000000
93510  18.883  0.351  -2.217 0.6250000000
93541  21.835  -0.010  -4.283 1.0000000000
94468  26.849  1.150  -2.851 0.7500000000
94488  21.929  0.415  -4.020 1.0000000000
95383  25.410  2.847  -1.576 0.8750000000
95421  21.417  2.192  -3.586 1.0000000000
95433  29.310  2.680  -4.342 0.2500000000
96396  20.469  2.752  -3.523 1.0000000000
96405  31.045  3.003  -4.977 0.1250000000
97421  24.503  4.171  -8.449 0.1250000000
97422  23.866  4.564  -8.981 0.1250000000
98296  20.231  4.902  -2.453 1.0000000000
98344  23.174  6.320  -7.622 0.1250000000
99278  26.771  6.027  -1.350 0.7500000000
99280  23.286  6.420  -0.877 1.0000000000
99296  27.266  6.279  -2.998 0.3750000000
99348  22.555  6.883  -7.664 0.1250000000
99362  22.323  7.374  -8.358 0.1250000000
100274  26.756  6.977  -1.123 0.7500000000
100284  27.249  6.619  -2.107 0.6250000000
100347  23.805  7.358  -6.212 0.1250000000
100365  22.386  7.516  -7.095 0.1250000000
100366  21.860  7.816  -7.710 0.1250000000
100379  22.969  7.594  -8.830 0.1250000000
100386  23.557  7.325  -9.094 0.1250000000
101150  26.763  7.755  -1.217 0.7500000000
101230  22.009  8.785  -8.212 0.1250000000
101919  26.434  8.105  -0.728 0.7500000000
101991  21.869  9.395  -7.856 0.1250000000
102007  22.345  9.799  -8.026 0.1250000000
102750  26.494  9.719  -2.099 0.7500000000
102790  22.780  10.463  -7.980 0.1250000000
102791  22.451  10.320  -7.978 0.1250000000
104255  21.205  12.465  0.198 0.1250000000
