#!ascii label  , from subject sub-1633992 vox2ras=TkReg
2156
17956  47.727  -74.773  -2.520 0.2000000030
17940  47.937  -75.067  -1.797 0.2000000030
17971  48.073  -74.036  -2.958 0.2000000030
16961  47.186  -75.264  -2.681 0.2000000030
20149  47.911  -72.458  -4.934 0.1000000015
17939  48.229  -74.723  -1.212 0.3000000119
17955  48.285  -74.266  -2.156 0.2000000030
19029  47.626  -73.726  -4.048 0.1000000015
17972  47.393  -74.417  -3.627 0.2000000030
19028  48.083  -73.271  -3.778 0.1000000015
19045  47.941  -72.808  -4.439 0.1000000015
20148  48.464  -72.139  -4.411 0.1000000015
21238  48.820  -71.038  -5.053 0.1000000015
20166  48.289  -71.809  -5.316 0.1000000015
22287  49.226  -70.168  -5.170 0.1000000015
21257  48.435  -71.116  -6.286 0.1000000015
22306  48.961  -70.297  -5.843 0.1000000015
22305  49.233  -69.387  -5.807 0.2000000030
22320  48.746  -69.805  -6.766 0.1000000015
21198  48.739  -71.855  -1.999 0.1000000015
21209  49.054  -71.195  -2.201 0.1000000015
19014  48.538  -73.260  -2.693 0.2000000030
21221  49.030  -71.377  -4.103 0.1000000015
20124  48.986  -72.234  -2.313 0.1000000015
20135  48.910  -72.156  -3.344 0.1000000015
21220  49.391  -71.008  -3.450 0.1000000015
22286  49.509  -69.621  -4.748 0.1000000015
25359  49.943  -67.360  -3.991 0.2000000030
23266  49.755  -68.968  -4.187 0.2000000030
26460  49.688  -66.837  -4.224 0.1000000015
24350  49.368  -68.204  -5.376 0.2000000030
26442  49.453  -66.254  -3.935 0.2000000030
26443  48.633  -66.335  -4.170 0.1000000015
27544  48.281  -65.457  -3.589 0.1000000015
21208  49.440  -71.010  -2.742 0.1000000015
22255  48.850  -70.226  -2.284 0.1000000015
22268  49.641  -69.954  -3.832 0.1000000015
26441  49.919  -66.432  -3.423 0.2000000030
28570  49.838  -65.293  -2.900 0.2000000030
28554  49.222  -64.521  -2.890 0.2000000030
27543  49.140  -65.626  -3.601 0.2000000030
27545  47.584  -65.527  -3.513 0.2000000030
22253  49.588  -70.308  -3.143 0.1000000015
23248  49.215  -69.452  -2.575 0.1000000015
23247  49.656  -69.213  -3.199 0.1000000015
24297  49.753  -68.236  -3.087 0.2000000030
25326  49.714  -66.847  -2.380 0.2000000030
29549  48.679  -63.910  -2.699 0.3000000119
27531  47.691  -65.050  -3.357 0.2000000030
27532  46.852  -65.454  -3.233 0.2000000030
25344  45.488  -67.264  -2.829 0.2000000030
26428  49.969  -66.227  -2.652 0.3000000119
24317  49.891  -68.186  -3.654 0.2000000030
29548  49.509  -63.920  -2.325 0.3000000119
29533  48.966  -63.206  -2.136 0.3000000119
30527  48.390  -62.617  -1.711 0.3000000119
29534  47.746  -63.415  -2.462 0.3000000119
28557  46.438  -64.677  -2.805 0.2000000030
26430  46.013  -66.303  -2.999 0.2000000030
30512  49.578  -62.507  -0.838 0.4000000060
29531  49.985  -63.637  -1.141 0.3000000119
30525  49.839  -62.905  -1.113 0.3000000119
27530  49.943  -65.625  -2.764 0.2000000030
28553  49.923  -64.768  -2.451 0.2000000030
28540  46.703  -63.949  -2.643 0.3000000119
27533  45.672  -65.400  -2.609 0.2000000030
28541  45.709  -64.308  -2.268 0.2000000030
27534  44.932  -65.629  -2.273 0.2000000030
31492  49.134  -61.815  -0.479 0.3000000119
31510  48.768  -62.227  -1.192 0.3000000119
29535  46.441  -63.274  -2.098 0.2000000030
28542  44.715  -64.517  -1.779 0.2000000030
29536  45.125  -63.371  -1.555 0.2000000030
28543  43.871  -64.683  -1.400 0.1000000015
27517  45.030  -65.087  -2.180 0.2000000030
26417  43.411  -66.512  -1.628 0.2000000030
27518  44.250  -65.631  -1.858 0.2000000030
26416  44.112  -66.616  -1.955 0.2000000030
31493  47.846  -61.257  -0.794 0.3000000119
31512  47.013  -61.443  -1.384 0.3000000119
31511  48.116  -61.921  -1.270 0.3000000119
31513  45.936  -61.303  -1.413 0.2000000030
30529  46.178  -62.336  -1.575 0.3000000119
30530  45.231  -62.196  -1.289 0.2000000030
30528  47.314  -62.490  -1.755 0.3000000119
29537  44.359  -64.029  -1.410 0.1000000015
28528  43.095  -64.817  -1.076 0.1000000015
29519  43.747  -63.547  -0.906 0.1000000015
27520  42.696  -65.797  -1.165 0.1000000015
32490  47.223  -60.527  -0.515 0.3000000119
32504  46.849  -60.778  -1.150 0.2000000030
32491  46.181  -60.364  -1.086 0.2000000030
32492  45.113  -60.068  -1.010 0.2000000030
33555  44.524  -59.233  -0.688 0.1000000015
31495  45.418  -60.781  -1.153 0.1000000015
31496  44.692  -60.916  -0.865 0.1000000015
30513  44.393  -62.056  -0.811 0.1000000015
29518  44.640  -62.794  -1.114 0.1000000015
28529  42.478  -64.417  -0.601 0.1000000015
33553  46.486  -60.056  -0.421 0.2000000030
32493  44.129  -60.140  -0.781 0.1000000015
32494  43.201  -60.328  -0.322 0.1000000015
31497  43.759  -61.189  -0.508 0.1000000015
30514  43.264  -62.331  -0.367 0.1000000015
30515  42.479  -62.400  -0.007 0.1000000015
29520  42.351  -63.304  -0.163 0.1000000015
32474  42.246  -60.495  0.220 0.1000000015
29505  41.488  -63.193  0.283 0.1000000015
28516  41.270  -63.694  0.196 0.1000000015
33556  43.540  -59.303  -0.566 0.1000000015
20134  49.271  -71.605  -2.824 0.1000000015
26461  49.199  -66.900  -4.535 0.1000000015
23065  47.486  -69.149  13.382 0.5000000000
24075  48.405  -68.437  14.595 0.5000000000
23049  48.065  -69.005  13.964 0.5000000000
24090  47.284  -68.837  13.776 0.5000000000
24092  45.977  -68.575  13.460 0.5000000000
26176  51.810  -66.762  15.981 0.2000000030
25113  51.176  -67.433  15.317 0.2000000030
26177  50.622  -66.760  16.001 0.3000000119
24059  50.277  -67.921  15.011 0.3000000119
24074  49.430  -68.208  14.852 0.5000000000
25133  47.741  -67.814  14.990 0.5000000000
24076  47.350  -68.505  14.254 0.5000000000
25134  46.769  -67.751  14.837 0.5000000000
24077  46.336  -68.314  14.206 0.5000000000
24100  45.769  -68.532  12.615 0.5000000000
24093  45.151  -68.342  13.361 0.5000000000
24120  46.836  -68.708  11.691 0.5000000000
25185  48.475  -67.067  10.557 0.5000000000
26165  50.107  -66.179  16.590 0.3000000119
26178  49.556  -66.713  16.025 0.3000000119
25132  48.668  -67.763  15.142 0.5000000000
25135  45.794  -67.687  14.739 0.5000000000
24078  45.432  -68.206  14.090 0.5000000000
24121  45.478  -68.171  11.817 0.5000000000
25170  45.115  -67.443  11.354 0.5000000000
28403  50.834  -64.811  7.296 0.4000000060
27383  49.711  -65.004  8.183 0.5000000000
27373  49.285  -65.379  8.792 0.5000000000
26257  48.034  -66.050  10.197 0.5000000000
25186  47.425  -66.934  10.626 0.5000000000
28424  50.633  -64.603  6.802 0.4000000060
26164  51.186  -66.203  16.636 0.3000000119
26166  49.098  -66.189  16.581 0.4000000060
25116  48.135  -67.238  15.567 0.5000000000
26181  46.691  -66.606  16.035 0.5000000000
25117  47.195  -67.178  15.474 0.5000000000
25118  46.222  -67.127  15.422 0.5000000000
25119  45.338  -67.056  15.224 0.5000000000
25136  44.718  -67.546  14.506 0.5000000000
25157  43.953  -67.570  12.433 0.5000000000
25188  45.502  -66.893  10.850 0.6000000238
26279  48.730  -65.685  9.461 0.5000000000
26258  46.977  -65.991  10.472 0.5000000000
26259  45.961  -65.990  10.632 0.5000000000
28451  51.095  -64.557  5.204 0.4000000060
28438  51.322  -64.634  6.148 0.4000000060
28404  50.057  -64.687  7.484 0.5000000000
26112  52.928  -66.290  19.814 0.1000000015
27209  51.903  -65.310  19.675 0.1000000015
27210  50.861  -65.117  20.181 0.1000000015
27229  52.409  -65.354  19.322 0.1000000015
28258  51.032  -64.601  19.742 0.1000000015
29268  50.711  -64.235  19.680 0.1000000015
28281  51.602  -64.700  18.892 0.1000000015
28276  51.052  -64.484  19.382 0.1000000015
29269  50.297  -63.900  19.926 0.1000000015
27264  51.649  -65.667  17.287 0.2000000030
28294  51.325  -64.795  18.469 0.1000000015
27265  50.612  -65.671  17.244 0.3000000119
26167  48.137  -66.213  16.597 0.5000000000
27266  49.608  -65.657  17.165 0.4000000060
27267  48.638  -65.674  17.116 0.4000000060
26168  47.211  -66.154  16.566 0.4000000060
26169  46.324  -66.014  16.526 0.5000000000
26182  45.601  -66.361  15.996 0.5000000000
27280  44.772  -65.739  16.144 0.5000000000
26183  44.371  -66.528  15.339 0.5000000000
24122  44.674  -67.758  11.890 0.5000000000
26280  47.973  -65.298  9.615 0.5000000000
27384  48.962  -64.875  8.404 0.5000000000
28439  50.319  -64.455  6.030 0.4000000060
27448  51.573  -65.545  3.955 0.5000000000
22983  50.219  -69.258  20.952 0.1000000015
23988  51.979  -68.292  20.742 0.1000000015
25057  52.456  -67.272  20.340 0.1000000015
26113  51.673  -66.158  20.129 0.1000000015
27211  49.741  -64.959  20.603 0.1000000015
25058  51.256  -67.188  20.426 0.1000000015
26114  50.514  -66.052  20.389 0.1000000015
28259  50.062  -64.188  20.351 0.1000000015
30292  47.837  -62.444  20.050 0.2000000030
28293  52.037  -64.970  18.432 0.1000000015
28282  50.755  -64.267  18.984 0.1000000015
29282  49.796  -63.583  19.692 0.1000000015
29284  48.231  -62.892  19.630 0.2000000030
28295  50.477  -64.598  18.388 0.2000000030
28283  49.968  -64.029  18.791 0.1000000015
28284  49.146  -63.916  18.656 0.2000000030
28286  47.386  -64.079  18.590 0.2000000030
29285  47.397  -62.807  19.546 0.2000000030
30293  46.809  -62.106  20.073 0.2000000030
28296  49.598  -64.499  18.233 0.2000000030
27250  49.135  -65.103  17.685 0.2000000030
27251  48.210  -65.128  17.597 0.3000000119
27253  46.555  -65.060  17.433 0.3000000119
27270  45.894  -65.339  16.912 0.5000000000
26260  44.840  -66.131  11.010 0.5000000000
27279  45.421  -65.700  16.440 0.4000000060
29375  45.461  -63.511  10.295 0.5000000000
28379  45.054  -64.247  10.733 0.5000000000
27356  44.594  -65.068  11.102 0.5000000000
29393  46.142  -63.560  9.855 0.5000000000
28378  45.950  -64.221  10.339 0.5000000000
27355  45.508  -65.086  10.725 0.5000000000
25137  43.853  -67.382  14.191 0.5000000000
26195  43.997  -67.076  14.713 0.5000000000
28389  48.009  -64.361  8.453 0.5000000000
28390  47.407  -64.105  8.864 0.5000000000
27376  47.056  -64.753  9.956 0.5000000000
27338  44.068  -65.708  11.336 0.5000000000
28425  49.531  -64.326  6.876 0.5000000000
28405  48.625  -64.326  7.929 0.5000000000
27354  46.527  -64.951  10.315 0.5000000000
25189  44.890  -66.908  11.099 0.6000000238
27374  48.288  -64.840  8.851 0.5000000000
28477  51.443  -65.066  4.016 0.4000000060
21943  49.765  -70.186  21.101 0.1000000015
23989  50.767  -68.264  20.716 0.1000000015
23990  49.604  -68.249  20.580 0.1000000015
25060  48.942  -67.170  20.473 0.1000000015
25061  47.832  -67.230  20.340 0.1000000015
25059  50.083  -67.147  20.502 0.1000000015
27212  48.619  -64.996  20.875 0.1000000015
28260  48.743  -63.788  20.881 0.1000000015
29252  48.275  -62.797  20.862 0.1000000015
29270  49.213  -63.391  20.257 0.1000000015
30265  47.958  -62.356  20.762 0.2000000030
30281  47.487  -62.031  20.639 0.2000000030
29283  48.921  -63.074  19.773 0.1000000015
30280  48.305  -62.642  20.340 0.2000000030
28299  46.903  -64.637  18.004 0.3000000119
28287  46.548  -64.137  18.505 0.3000000119
29286  46.491  -62.863  19.399 0.2000000030
28300  45.877  -64.508  17.784 0.3000000119
29295  45.782  -63.536  18.757 0.2000000030
28312  45.332  -64.712  17.049 0.4000000060
29304  45.160  -63.934  18.035 0.3000000119
27271  45.114  -65.123  16.543 0.4000000060
28301  45.051  -64.287  17.456 0.4000000060
29378  42.966  -63.427  10.863 0.5000000000
28381  43.148  -64.119  11.176 0.5000000000
28367  43.122  -64.575  11.372 0.5000000000
27272  44.457  -65.060  16.323 0.5000000000
30363  40.867  -62.143  11.447 0.5000000000
29367  40.575  -62.560  11.978 0.5000000000
29356  40.765  -63.645  12.273 0.5000000000
28368  42.587  -64.237  11.327 0.5000000000
26243  42.814  -65.777  11.858 0.6000000238
26184  43.631  -66.160  15.351 0.5000000000
27281  43.823  -65.500  15.874 0.5000000000
29357  40.561  -63.140  12.600 0.5000000000
28360  40.710  -63.806  12.701 0.5000000000
27341  41.935  -65.129  11.977 0.6000000238
26242  43.428  -66.383  11.782 0.5000000000
25145  43.309  -67.351  13.429 0.5000000000
26227  42.646  -66.437  12.450 0.5000000000
25158  43.155  -66.950  12.453 0.5000000000
25283  51.759  -67.537  2.740 0.4000000060
26350  51.683  -66.443  3.057 0.4000000060
27436  51.709  -65.459  4.756 0.4000000060
26119  45.002  -66.322  20.097 0.1000000015
26118  46.092  -66.264  20.279 0.1000000015
27215  45.437  -65.220  20.436 0.1000000015
27213  47.556  -65.147  20.878 0.1000000015
27214  46.513  -65.196  20.682 0.1000000015
26116  48.257  -66.110  20.584 0.1000000015
28262  46.877  -64.306  21.233 0.1000000015
28261  47.822  -64.147  21.266 0.1000000015
28244  47.064  -63.487  21.600 0.1000000015
29254  47.152  -62.696  21.659 0.1000000015
30268  46.539  -62.034  21.675 0.2000000030
31269  46.881  -61.728  21.296 0.2000000030
31279  46.690  -61.451  20.845 0.2000000030
30282  46.958  -61.733  20.537 0.2000000030
33341  46.302  -59.978  13.932 0.2000000030
30294  45.513  -62.352  19.377 0.2000000030
33360  44.937  -59.684  13.397 0.2000000030
32322  45.224  -60.348  13.830 0.2000000030
32305  44.461  -60.545  14.557 0.2000000030
32292  43.596  -60.883  15.340 0.2000000030
29296  44.954  -63.353  18.371 0.2000000030
33361  43.951  -59.608  13.516 0.2000000030
32324  43.394  -60.195  13.893 0.2000000030
32306  43.420  -60.810  14.448 0.2000000030
31311  42.755  -61.694  15.112 0.2000000030
30326  42.696  -62.281  15.639 0.2000000030
30315  42.726  -62.864  16.034 0.4000000060
34338  42.231  -59.523  14.081 0.2000000030
32325  42.940  -60.049  13.942 0.3000000119
31316  41.965  -61.629  14.575 0.3000000119
31312  42.216  -62.191  15.000 0.4000000060
30327  42.354  -62.783  15.399 0.4000000060
29318  42.710  -63.551  15.972 0.5000000000
29316  43.983  -63.935  16.797 0.4000000060
28314  43.889  -64.575  16.381 0.5000000000
32343  40.373  -60.372  12.663 0.5000000000
32327  40.566  -60.418  13.467 0.4000000060
32326  40.892  -60.506  14.018 0.4000000060
31317  40.848  -61.459  14.147 0.4000000060
30337  41.073  -62.525  14.438 0.4000000060
28334  41.241  -64.308  14.549 0.5000000000
29339  41.771  -63.566  15.171 0.5000000000
29330  42.359  -63.785  15.673 0.5000000000
31318  40.512  -61.885  13.737 0.5000000000
29350  40.617  -63.321  13.407 0.5000000000
28345  40.839  -64.243  13.332 0.5000000000
27324  41.493  -65.172  12.613 0.5000000000
25146  42.729  -66.903  13.019 0.5000000000
26209  42.773  -66.906  13.686 0.5000000000
26196  43.138  -66.664  14.624 0.5000000000
27217  43.236  -65.369  20.067 0.1000000015
26120  43.907  -66.380  19.941 0.1000000015
27216  44.334  -65.281  20.176 0.1000000015
28265  43.641  -64.289  20.374 0.1000000015
28264  44.764  -64.191  20.672 0.1000000015
29273  44.043  -63.198  20.869 0.1000000015
29271  45.903  -63.458  21.481 0.1000000015
30283  45.150  -62.421  21.678 0.1000000015
30269  45.498  -61.940  21.766 0.2000000030
31270  45.997  -61.196  21.375 0.2000000030
31288  46.623  -61.626  20.476 0.2000000030
32303  46.372  -59.951  14.406 0.1000000015
32321  45.913  -60.175  13.994 0.2000000030
30298  45.143  -62.975  18.808 0.2000000030
32289  46.917  -59.741  15.102 0.1000000015
32304  45.447  -60.256  14.572 0.1000000015
32291  44.674  -60.088  15.662 0.1000000015
31309  43.083  -61.827  16.030 0.1000000015
29305  44.427  -63.580  17.568 0.3000000119
32281  43.636  -60.826  16.389 0.1000000015
30308  43.239  -62.686  16.684 0.3000000119
29306  43.677  -63.333  17.003 0.2000000030
27292  41.685  -65.222  14.728 0.5000000000
28325  42.630  -64.688  15.718 0.5000000000
27282  43.077  -65.272  15.663 0.5000000000
27305  41.912  -65.856  14.409 0.5000000000
27291  42.462  -65.596  15.118 0.5000000000
27306  41.439  -65.369  13.796 0.5000000000
27218  42.197  -65.454  20.139 0.1000000015
29275  41.872  -63.528  20.401 0.1000000015
28266  42.561  -64.417  20.252 0.1000000015
29274  42.926  -63.351  20.512 0.1000000015
30286  42.172  -62.496  20.602 0.1000000015
30285  43.262  -62.299  20.886 0.1000000015
30284  44.429  -62.037  21.506 0.1000000015
30270  44.916  -61.523  21.674 0.2000000030
31271  45.231  -61.103  21.584 0.2000000030
32244  45.409  -60.713  21.380 0.2000000030
31280  45.877  -60.909  20.831 0.2000000030
32256  45.399  -60.279  21.022 0.2000000030
31289  45.850  -61.358  20.260 0.2000000030
31290  45.008  -61.353  19.475 0.2000000030
33331  45.589  -59.531  15.981 0.1000000015
31296  44.397  -61.407  18.786 0.1000000015
30299  44.525  -62.497  18.485 0.2000000030
30295  44.781  -61.922  19.110 0.2000000030
32280  44.269  -60.172  17.016 0.1000000015
31304  43.477  -61.728  16.989 0.1000000015
30307  43.751  -62.597  17.505 0.2000000030
30288  40.393  -63.024  20.712 0.1000000015
30287  41.149  -62.724  20.572 0.1000000015
32262  39.610  -60.915  21.130 0.1000000015
32261  40.576  -60.824  20.724 0.1000000015
31283  42.464  -61.501  20.798 0.1000000015
31282  43.515  -61.336  21.143 0.1000000015
32247  43.612  -60.693  21.100 0.1000000015
32246  44.193  -60.426  21.233 0.1000000015
33275  44.541  -60.077  21.192 0.1000000015
32257  45.042  -59.981  21.138 0.2000000030
32267  45.338  -60.384  20.381 0.2000000030
32268  45.120  -60.540  19.768 0.2000000030
32273  44.674  -60.603  19.107 0.1000000015
33315  48.823  -58.894  16.519 0.1000000015
33317  46.884  -58.924  16.658 0.1000000015
33318  45.983  -59.133  16.682 0.1000000015
33319  45.082  -59.486  16.775 0.1000000015
32277  43.773  -60.919  17.319 0.1000000015
31303  43.882  -61.599  17.934 0.2000000030
33276  39.129  -59.950  21.574 0.1000000015
33291  39.881  -59.909  20.879 0.1000000015
33290  40.837  -59.764  20.376 0.1000000015
33289  41.986  -59.868  20.282 0.1000000015
32258  43.577  -60.176  20.902 0.1000000015
33287  44.208  -59.701  20.838 0.1000000015
33274  44.762  -59.910  21.135 0.2000000030
34289  44.630  -59.073  20.349 0.1000000015
33286  44.940  -59.614  20.826 0.1000000015
33285  45.132  -59.598  20.350 0.2000000030
34316  47.500  -57.965  17.537 0.1000000015
34317  46.349  -58.275  18.010 0.1000000015
34318  45.677  -58.720  18.307 0.1000000015
34311  45.523  -58.681  18.888 0.1000000015
33298  45.084  -59.575  19.535 0.1000000015
33316  47.862  -58.885  16.506 0.1000000015
34325  47.282  -58.465  17.178 0.1000000015
33307  46.338  -58.753  17.276 0.1000000015
33308  45.622  -58.965  17.648 0.1000000015
33309  44.771  -59.602  17.839 0.1000000015
33305  44.781  -59.889  18.789 0.1000000015
32276  44.236  -60.535  18.155 0.1000000015
34292  40.033  -58.958  20.634 0.1000000015
33302  41.402  -59.248  19.985 0.1000000015
33301  42.177  -59.186  19.913 0.1000000015
34291  43.094  -58.976  19.909 0.1000000015
36256  45.474  -56.930  18.045 0.1000000015
35277  45.132  -57.363  18.736 0.1000000015
35266  44.737  -57.870  19.302 0.1000000015
34301  44.305  -58.491  19.746 0.1000000015
36265  46.896  -56.780  17.390 0.1000000015
36255  46.267  -57.011  17.962 0.1000000015
35276  45.998  -57.586  18.664 0.1000000015
34299  45.598  -58.094  19.343 0.1000000015
34300  45.187  -58.638  19.677 0.1000000015
35287  46.869  -57.491  17.960 0.1000000015
35264  45.782  -57.852  19.190 0.1000000015
34310  45.797  -58.140  19.076 0.1000000015
34303  42.485  -58.613  19.502 0.1000000015
35280  42.350  -57.205  18.667 0.1000000015
34302  43.403  -58.498  19.589 0.1000000015
35279  43.210  -57.323  18.525 0.1000000015
35268  42.826  -57.905  19.038 0.1000000015
36266  45.792  -56.374  17.271 0.1000000015
36257  44.568  -56.860  17.981 0.1000000015
35267  43.808  -57.948  19.104 0.1000000015
25115  49.030  -67.227  15.575 0.4000000060
25144  44.308  -67.905  13.503 0.5000000000
26179  48.592  -66.706  16.059 0.4000000060
27268  47.709  -65.683  17.084 0.4000000060
27208  52.700  -65.637  19.438 0.1000000015
27248  51.030  -65.180  17.903 0.2000000030
27252  47.323  -65.141  17.530 0.4000000060
27269  46.818  -65.607  17.031 0.4000000060
29293  47.841  -63.402  19.096 0.3000000119
29291  49.481  -63.585  19.253 0.2000000030
28285  48.275  -63.950  18.594 0.2000000030
28297  48.700  -64.513  18.127 0.2000000030
29294  46.912  -63.503  19.040 0.3000000119
28298  47.801  -64.596  18.077 0.3000000119
28380  43.909  -64.257  11.068 0.5000000000
23991  48.490  -68.286  20.420 0.1000000015
26117  47.167  -66.205  20.480 0.1000000015
26115  49.375  -66.037  20.573 0.1000000015
28242  48.187  -63.052  21.187 0.1000000015
30267  47.267  -62.141  21.444 0.1000000015
31268  47.311  -61.918  21.257 0.2000000030
28313  44.616  -64.460  16.838 0.4000000060
29379  41.976  -63.074  10.931 0.5000000000
29365  42.044  -63.741  11.221 0.5000000000
31349  41.251  -61.264  11.013 0.5000000000
30352  40.383  -62.129  12.564 0.5000000000
28263  45.880  -64.144  21.037 0.1000000015
28245  46.381  -63.659  21.490 0.1000000015
33359  46.063  -59.681  13.611 0.2000000030
32323  44.237  -60.348  13.779 0.2000000030
31315  42.707  -61.180  14.573 0.3000000119
29317  43.266  -63.725  16.353 0.4000000060
33343  41.389  -59.866  14.075 0.5000000000
32308  41.618  -60.664  14.248 0.4000000060
33362  43.144  -59.576  13.796 0.2000000030
30336  41.804  -62.679  14.866 0.5000000000
28324  43.244  -64.656  16.021 0.5000000000
34357  41.231  -58.902  13.754 0.5000000000
30338  40.636  -62.245  13.977 0.5000000000
29349  40.850  -63.465  14.117 0.5000000000
29272  45.210  -63.128  21.413 0.1000000015
29255  46.162  -62.873  21.738 0.1000000015
31272  44.526  -61.093  21.531 0.2000000030
32290  45.909  -59.854  15.216 0.1000000015
28267  41.561  -64.546  20.328 0.1000000015
29276  40.936  -63.711  20.524 0.1000000015
31284  41.372  -61.695  20.682 0.1000000015
31281  44.112  -61.353  21.383 0.1000000015
31273  43.963  -60.993  21.321 0.2000000030
32245  44.914  -60.390  21.379 0.2000000030
33329  47.424  -59.390  15.834 0.1000000015
33330  46.452  -59.414  15.870 0.1000000015
31285  40.248  -61.990  20.830 0.1000000015
30271  39.664  -62.921  21.066 0.1000000015
32260  41.669  -60.697  20.612 0.1000000015
32259  42.831  -60.545  20.773 0.1000000015
33288  43.048  -59.570  20.360 0.1000000015
33299  44.883  -60.109  19.358 0.1000000015
34293  39.491  -59.069  21.203 0.1000000015
34290  43.795  -58.998  20.215 0.1000000015
34288  45.022  -59.210  20.361 0.1000000015
33304  45.277  -59.219  18.539 0.1000000015
35257  40.055  -57.825  20.704 0.1000000015
34305  40.686  -58.697  20.080 0.1000000015
34304  41.501  -58.565  19.613 0.1000000015
33300  42.695  -59.098  19.921 0.1000000015
36267  44.903  -56.281  17.442 0.1000000015
35265  45.477  -57.864  19.261 0.1000000015
35278  44.190  -57.364  18.578 0.1000000015
35269  41.748  -57.614  19.148 0.1000000015
36259  42.653  -56.573  18.332 0.1000000015
37284  45.137  -55.810  17.038 0.1000000015
36268  44.139  -56.157  17.518 0.1000000015
24087  54.124  -69.060  13.811 0.1000000015
23058  54.102  -70.010  13.484 0.1000000015
24088  53.354  -69.063  13.722 0.1000000015
24071  52.771  -68.430  14.151 0.1000000015
24072  51.563  -68.744  14.215 0.1000000015
25127  54.297  -67.274  14.849 0.1000000015
25128  53.200  -67.611  14.647 0.1000000015
25112  52.487  -67.216  15.273 0.1000000015
23079  53.719  -70.535  12.856 0.2000000030
23059  53.520  -69.834  13.291 0.1000000015
23080  53.245  -70.485  12.309 0.2000000030
24089  52.425  -69.218  13.702 0.1000000015
25130  51.080  -68.131  14.760 0.1000000015
21012  53.317  -71.147  11.623 0.2000000030
23081  52.898  -70.261  12.531 0.2000000030
23046  51.582  -69.445  13.666 0.2000000030
23082  52.639  -70.093  12.906 0.2000000030
23062  51.141  -69.964  13.308 0.2000000030
24073  50.370  -68.608  14.500 0.3000000119
23047  50.626  -69.347  13.841 0.3000000119
23048  49.306  -69.076  14.064 0.3000000119
22096  52.584  -70.377  12.059 0.2000000030
22077  51.473  -70.306  12.228 0.2000000030
22110  53.146  -70.300  10.218 0.2000000030
23063  49.873  -70.020  13.065 0.2000000030
23102  52.832  -70.203  10.706 0.2000000030
19929  50.336  -73.188  9.202 0.1000000015
21019  53.098  -71.041  10.643 0.2000000030
23103  52.522  -70.214  11.265 0.2000000030
22095  53.104  -70.676  11.320 0.2000000030
21038  52.009  -71.864  9.194 0.1000000015
21020  52.846  -71.387  10.123 0.1000000015
22098  51.175  -70.090  11.527 0.2000000030
22078  50.560  -70.224  12.145 0.2000000030
19928  51.038  -73.339  9.349 0.1000000015
23064  48.513  -69.515  13.291 0.4000000060
21037  52.648  -71.432  9.499 0.2000000030
21036  53.117  -70.779  9.773 0.2000000030
21071  50.568  -71.448  8.887 0.1000000015
22144  50.926  -70.594  8.566 0.2000000030
21039  51.089  -72.331  9.104 0.1000000015
21070  51.573  -71.325  8.742 0.1000000015
23119  53.339  -69.303  9.749 0.2000000030
23121  52.028  -69.237  10.643 0.2000000030
23105  50.876  -69.319  11.076 0.2000000030
23106  49.934  -69.360  11.384 0.4000000060
21069  52.476  -71.036  8.743 0.1000000015
24117  50.374  -68.782  11.047 0.4000000060
23085  47.838  -69.434  12.629 0.4000000060
22121  53.429  -69.972  9.360 0.3000000119
24138  53.133  -68.505  9.734 0.3000000119
21068  53.173  -70.598  8.962 0.2000000030
23133  53.646  -69.016  8.351 0.4000000060
24118  49.404  -68.714  11.170 0.4000000060
24139  52.313  -68.427  10.197 0.3000000119
25201  52.746  -66.990  9.019 0.4000000060
24156  53.568  -68.488  9.260 0.3000000119
33357  48.118  -59.211  13.861 0.1000000015
33340  46.779  -59.733  13.985 0.1000000015
23108  47.975  -69.289  11.904 0.4000000060
24141  50.047  -68.008  10.878 0.4000000060
24143  47.764  -67.947  10.803 0.5000000000
25202  52.039  -66.888  9.686 0.4000000060
25181  52.628  -67.658  9.718 0.3000000119
25182  51.769  -67.570  10.133 0.4000000060
25183  50.746  -67.203  10.292 0.4000000060
33358  47.088  -59.306  13.733 0.1000000015
34351  47.543  -58.740  13.524 0.1000000015
24144  46.862  -67.693  10.905 0.5000000000
34352  46.608  -58.823  13.350 0.1000000015
34353  45.595  -58.822  13.239 0.1000000015
35322  46.240  -57.862  13.222 0.1000000015
34354  44.535  -58.758  13.355 0.1000000015
23045  54.806  -69.282  14.476 0.1000000015
24070  53.825  -68.215  14.149 0.1000000015
25129  52.061  -67.944  14.751 0.1000000015
24069  54.640  -68.341  14.406 0.1000000015
25110  54.057  -66.901  15.116 0.1000000015
26175  52.999  -66.635  15.836 0.1000000015
23066  46.964  -69.046  13.122 0.4000000060
20951  54.202  -70.949  13.529 0.1000000015
23083  49.664  -69.997  11.926 0.3000000119
23120  52.736  -69.310  10.291 0.2000000030
23084  48.757  -69.718  12.388 0.4000000060
24140  51.177  -68.493  10.670 0.3000000119
24142  48.917  -67.931  10.913 0.4000000060
26173  54.886  -66.888  15.556 0.1000000015
14009  40.022  -78.035  6.290 0.1000000015
14024  40.152  -78.254  5.275 0.1000000015
15877  41.919  -77.133  4.945 0.1000000015
14907  39.349  -77.786  6.109 0.1000000015
14922  42.337  -77.975  5.039 0.1000000015
15862  40.013  -76.928  6.643 0.1000000015
15864  38.596  -77.086  6.376 0.1000000015
15865  37.567  -76.897  6.597 0.1000000015
14924  38.855  -77.771  5.323 0.1000000015
14731  32.559  -77.785  20.066 0.1000000015
19898  35.844  -72.431  11.326 0.1000000015
18864  35.951  -73.589  9.031 0.1000000015
14007  41.431  -78.390  6.543 0.1000000015
19959  36.441  -73.229  8.665 0.1000000015
14016  40.748  -78.412  5.692 0.1000000015
17839  37.600  -74.866  7.260 0.1000000015
14014  42.771  -78.457  5.630 0.1000000015
15847  37.295  -76.231  6.915 0.1000000015
15876  42.641  -77.221  5.401 0.1000000015
13017  32.940  -79.870  20.507 0.1000000015
14723  33.508  -77.695  20.397 0.1000000015
15686  33.840  -77.004  20.255 0.1000000015
12191  33.441  -80.033  21.064 0.1000000015
13843  33.179  -78.698  20.492 0.1000000015
16655  34.061  -75.684  20.134 0.1000000015
20911  35.299  -71.780  17.427 0.1000000015
20994  35.768  -71.607  13.785 0.1000000015
14905  40.852  -77.998  6.745 0.1000000015
14892  40.691  -77.160  7.088 0.1000000015
16849  39.403  -76.316  6.713 0.1000000015
14006  42.550  -78.728  6.279 0.1000000015
15875  43.427  -77.731  5.709 0.1000000015
16847  42.404  -75.816  5.887 0.1000000015
14722  34.333  -77.588  20.503 0.1000000015
15685  34.477  -76.630  20.370 0.1000000015
13003  34.344  -79.688  21.600 0.1000000015
13016  33.935  -79.378  21.073 0.1000000015
15684  35.386  -76.592  20.589 0.1000000015
17646  35.306  -74.760  20.385 0.1000000015
18719  35.273  -73.304  19.747 0.1000000015
19792  34.795  -72.867  19.129 0.1000000015
19791  35.759  -72.622  19.201 0.1000000015
19806  35.241  -72.250  18.462 0.1000000015
20919  36.500  -71.078  16.419 0.1000000015
20967  35.644  -71.696  14.900 0.1000000015
20966  36.187  -71.124  14.485 0.1000000015
21016  36.120  -71.340  11.726 0.1000000015
19956  38.424  -72.605  8.201 0.1000000015
13997  41.699  -78.211  7.191 0.1000000015
16832  40.948  -76.185  7.723 0.1000000015
16834  39.843  -75.929  7.050 0.1000000015
18878  38.961  -73.652  7.750 0.1000000015
18888  38.146  -74.140  7.473 0.1000000015
14005  43.646  -78.916  6.138 0.1000000015
14921  43.029  -78.146  5.390 0.1000000015
16652  36.637  -75.780  20.970 0.1000000015
12177  34.818  -79.938  22.076 0.1000000015
13002  34.903  -79.418  21.498 0.1000000015
13015  34.828  -78.853  21.066 0.1000000015
13841  34.926  -78.233  20.756 0.1000000015
14720  35.907  -77.418  20.674 0.1000000015
15683  36.217  -76.615  20.781 0.1000000015
16653  35.779  -75.690  20.669 0.1000000015
18704  36.816  -73.665  20.403 0.1000000015
19790  36.783  -72.535  19.138 0.1000000015
19815  37.681  -71.568  17.782 0.1000000015
12176  35.690  -79.921  21.878 0.1000000015
13001  35.765  -79.245  21.178 0.1000000015
13014  35.337  -78.670  20.927 0.1000000015
13840  35.808  -78.330  20.754 0.1000000015
13839  36.288  -77.946  20.718 0.1000000015
19805  36.230  -72.086  18.570 0.1000000015
20899  36.496  -71.669  17.995 0.1000000015
20936  36.315  -71.080  15.309 0.1000000015
22059  37.243  -70.424  13.259 0.1000000015
21006  36.270  -70.966  12.886 0.1000000015
22106  37.638  -70.149  11.069 0.1000000015
22087  36.882  -70.403  12.000 0.1000000015
22130  37.822  -71.172  9.517 0.1000000015
22118  36.881  -70.999  10.301 0.1000000015
19954  40.208  -72.719  8.497 0.1000000015
21078  38.772  -71.904  8.539 0.1000000015
21051  37.234  -71.664  9.353 0.1000000015
16814  41.275  -75.750  8.163 0.1000000015
17824  40.478  -74.694  7.964 0.1000000015
17825  39.720  -74.170  7.794 0.1000000015
13996  42.374  -78.521  7.354 0.1000000015
13995  43.332  -79.185  6.996 0.1000000015
15860  43.985  -77.169  6.384 0.1000000015
14920  43.474  -78.395  5.736 0.1000000015
15859  44.770  -77.321  6.792 0.1000000015
14903  44.920  -78.150  6.582 0.1000000015
16644  37.445  -75.866  21.302 0.1000000015
17635  37.088  -75.098  21.198 0.1000000015
12175  36.538  -80.147  21.770 0.1000000015
13000  36.690  -79.444  21.323 0.1000000015
14719  36.614  -77.476  20.803 0.1000000015
15682  37.032  -76.693  21.002 0.1000000015
17644  37.370  -74.263  20.983 0.1000000015
18717  37.318  -72.942  19.768 0.1000000015
19803  38.441  -72.517  18.485 0.1000000015
13828  36.274  -78.916  20.952 0.1000000015
19814  38.288  -71.825  17.813 0.1000000015
20918  37.473  -70.872  16.737 0.1000000015
22013  37.052  -70.707  15.641 0.1000000015
22012  37.819  -70.483  15.185 0.1000000015
22032  38.029  -70.405  14.158 0.1000000015
22086  37.942  -70.052  12.181 0.1000000015
22128  39.260  -70.710  9.689 0.1000000015
22116  38.475  -70.377  10.329 0.1000000015
15829  41.964  -76.673  8.405 0.1000000015
16795  42.518  -75.687  9.116 0.1000000015
17823  41.500  -74.665  8.608 0.1000000015
18876  40.786  -73.650  8.533 0.1000000015
21076  40.428  -71.951  8.788 0.1000000015
21077  39.643  -71.921  8.641 0.1000000015
15818  42.829  -76.727  8.981 0.1000000015
15828  42.422  -77.249  8.497 0.1000000015
14864  43.553  -77.776  9.128 0.1000000015
13982  43.568  -78.825  8.257 0.1000000015
13151  44.354  -79.285  6.529 0.1000000015
15842  45.234  -76.951  7.259 0.1000000015
11336  37.411  -81.608  22.302 0.1000000015
11358  36.785  -80.908  22.135 0.1000000015
12156  35.598  -80.679  22.484 0.1000000015
12173  37.730  -80.006  21.905 0.1000000015
12999  37.387  -79.429  21.497 0.1000000015
11357  37.037  -80.744  21.990 0.1000000015
13827  36.801  -78.503  20.940 0.1000000015
15671  37.832  -76.786  21.411 0.1000000015
17643  38.423  -74.057  21.104 0.1000000015
18703  37.875  -73.461  20.381 0.1000000015
19788  38.184  -72.698  18.955 0.1000000015
18734  39.033  -72.981  18.653 0.1000000015
20907  38.773  -71.512  17.152 0.1000000015
20917  38.468  -70.921  16.504 0.1000000015
22011  38.818  -70.665  14.877 0.1000000015
20916  39.482  -71.581  16.289 0.1000000015
22031  38.940  -70.682  13.840 0.1000000015
22057  39.320  -70.631  12.979 0.1000000015
22105  38.696  -70.068  11.277 0.1000000015
22127  40.238  -70.628  9.787 0.1000000015
22115  39.470  -70.294  10.505 0.1000000015
17803  42.115  -74.317  9.015 0.1000000015
21047  41.117  -71.478  9.311 0.1000000015
16794  43.231  -75.697  9.559 0.1000000015
17802  42.729  -74.727  9.387 0.1000000015
15817  43.834  -76.633  9.678 0.1000000015
13142  44.108  -79.443  7.459 0.1000000015
13994  45.266  -79.283  6.819 0.1000000015
14902  45.442  -78.518  6.711 0.1000000015
15669  39.421  -76.990  22.035 0.1000000015
16641  40.486  -75.794  21.676 0.1000000015
11335  38.334  -81.986  22.630 0.1000000015
12154  37.811  -81.157  22.296 0.1000000015
12153  38.281  -80.693  22.438 0.1000000015
12987  38.787  -79.703  22.561 0.1000000015
13826  37.736  -78.609  21.423 0.1000000015
15670  38.704  -76.872  21.801 0.1000000015
17632  40.009  -75.016  21.435 0.1000000015
12174  37.352  -80.393  21.902 0.1000000015
14706  38.218  -77.753  21.598 0.1000000015
16643  38.333  -75.896  21.628 0.1000000015
17642  39.574  -74.167  20.910 0.1000000015
18714  40.257  -73.733  18.855 0.1000000015
18745  40.258  -72.993  16.945 0.1000000015
18702  38.976  -73.482  20.211 0.1000000015
18715  39.395  -73.378  19.166 0.1000000015
20934  39.637  -71.395  15.079 0.1000000015
22030  39.648  -71.137  13.587 0.1000000015
22084  39.930  -70.450  12.259 0.1000000015
22104  39.699  -70.216  11.415 0.1000000015
21024  41.716  -71.010  9.967 0.1000000015
22114  40.456  -70.313  10.657 0.1000000015
19934  42.790  -72.710  9.634 0.1000000015
18862  42.434  -73.628  9.302 0.1000000015
19935  41.919  -72.601  9.185 0.1000000015
17801  43.370  -74.868  9.770 0.1000000015
16793  43.766  -75.833  9.798 0.1000000015
13968  44.028  -78.402  9.090 0.1000000015
13815  40.906  -78.786  22.570 0.1000000015
11334  39.273  -82.024  23.100 0.1000000015
12986  39.792  -79.787  22.902 0.1000000015
14696  40.113  -77.929  22.420 0.1000000015
14704  39.694  -77.389  22.227 0.1000000015
15667  41.160  -76.455  21.733 0.1000000015
10563  38.183  -83.124  22.796 0.1000000015
14697  39.620  -78.377  22.446 0.1000000015
14705  39.149  -77.848  22.168 0.1000000015
17631  40.706  -75.164  21.248 0.1000000015
17641  40.816  -74.616  20.501 0.1000000015
17670  40.910  -74.304  18.511 0.1000000015
17656  40.715  -74.183  19.433 0.1000000015
18752  40.700  -73.437  16.117 0.1000000015
19824  40.180  -72.508  16.316 0.1000000015
19858  40.109  -71.974  14.778 0.1000000015
22056  40.126  -70.973  12.903 0.1000000015
22083  40.830  -70.597  12.425 0.1000000015
22103  40.684  -70.311  11.572 0.1000000015
22113  41.547  -70.463  10.768 0.1000000015
18861  43.305  -73.857  9.817 0.1000000015
21046  42.220  -71.741  9.660 0.1000000015
16781  44.254  -75.682  10.127 0.1000000015
14850  45.184  -77.431  10.212 0.1000000015
12151  40.658  -80.866  22.957 0.1000000015
12152  39.483  -80.836  22.989 0.1000000015
15661  40.544  -77.485  22.272 0.1000000015
17640  41.497  -74.903  20.150 0.1000000015
17669  41.555  -74.937  17.954 0.1000000015
17686  41.461  -74.923  16.840 0.1000000015
18769  40.797  -73.448  15.198 0.1000000015
19836  40.500  -72.868  15.576 0.1000000015
20991  41.007  -71.843  13.580 0.1000000015
20964  40.496  -72.096  13.857 0.1000000015
22082  41.740  -70.620  12.782 0.1000000015
22055  40.964  -71.107  13.120 0.1000000015
22112  42.541  -70.622  11.252 0.1000000015
22102  41.645  -70.421  11.845 0.1000000015
21021  44.337  -71.778  11.430 0.1000000015
21023  42.474  -71.103  10.362 0.1000000015
19909  44.354  -72.581  10.906 0.1000000015
19910  43.564  -72.681  10.241 0.1000000015
17780  44.719  -74.722  10.550 0.1000000015
15809  45.604  -76.866  10.497 0.1000000015
13951  47.695  -78.466  9.843 0.1000000015
12985  40.799  -79.787  22.766 0.1000000015
12984  41.561  -79.738  22.171 0.1000000015
15666  42.199  -76.445  21.131 0.1000000015
16650  42.161  -75.410  20.193 0.1000000015
16664  42.186  -75.310  18.724 0.1000000015
12150  41.515  -80.821  22.276 0.1000000015
16639  41.932  -75.756  20.824 0.1000000015
18786  41.285  -73.762  14.742 0.1000000015
19856  41.307  -72.741  14.344 0.1000000015
20990  41.443  -71.954  14.039 0.1000000015
21005  44.178  -70.957  12.492 0.1000000015
22101  42.554  -70.506  12.198 0.1000000015
22111  43.230  -70.761  11.690 0.1000000015
18839  45.230  -73.627  11.068 0.1000000015
17779  45.662  -74.824  10.896 0.1000000015
16779  46.144  -75.939  10.856 0.1000000015
15806  48.825  -77.264  10.727 0.1000000015
15816  49.650  -76.769  9.617 0.1000000015
12997  42.173  -79.728  21.510 0.1000000015
13823  42.863  -78.677  21.091 0.1000000015
15665  42.967  -76.753  20.601 0.1000000015
16671  43.294  -75.971  18.566 0.1000000015
16672  42.794  -75.792  17.982 0.1000000015
14703  42.205  -77.869  21.575 0.1000000015
15681  42.766  -76.120  20.409 0.1000000015
16705  41.851  -75.519  16.288 0.1000000015
17697  41.512  -74.923  15.871 0.1000000015
17714  41.641  -74.915  15.117 0.1000000015
20963  41.699  -72.237  14.452 0.1000000015
22028  42.606  -71.071  14.976 0.1000000015
22081  42.747  -70.564  13.123 0.1000000015
20956  49.855  -71.755  14.268 0.1000000015
20985  49.064  -72.118  13.713 0.1000000015
19872  47.776  -72.193  13.345 0.1000000015
21002  46.701  -71.932  13.188 0.1000000015
21003  45.918  -71.707  13.019 0.1000000015
22080  43.894  -70.639  13.274 0.1000000015
22100  43.434  -70.667  12.428 0.1000000015
19870  49.251  -72.694  13.114 0.1000000015
19885  48.508  -73.035  12.708 0.1000000015
19886  47.335  -72.635  12.736 0.1000000015
21004  44.857  -71.194  12.975 0.1000000015
20984  50.027  -72.359  13.582 0.1000000015
19869  50.249  -73.007  12.944 0.1000000015
19884  49.381  -73.308  12.647 0.1000000015
18822  48.144  -74.021  11.986 0.1000000015
18824  46.250  -73.688  11.581 0.1000000015
19897  45.120  -72.394  11.628 0.1000000015
20983  50.697  -72.562  13.466 0.1000000015
18798  50.924  -73.277  12.705 0.1000000015
17749  49.263  -74.431  11.968 0.1000000015
17763  46.174  -74.508  11.250 0.1000000015
16762  49.205  -75.824  11.449 0.1000000015
16765  46.767  -75.579  11.145 0.1000000015
16776  50.936  -75.021  11.027 0.1000000015
15796  49.453  -76.534  10.992 0.1000000015
15804  50.186  -76.388  10.150 0.1000000015
12995  43.249  -79.315  20.625 0.1000000015
12996  42.808  -79.717  20.882 0.1000000015
13822  43.439  -78.619  20.651 0.1000000015
14701  43.633  -77.923  20.575 0.1000000015
14718  43.447  -77.234  20.492 0.1000000015
14702  42.995  -77.625  20.957 0.1000000015
15695  43.803  -76.306  18.882 0.1000000015
15707  42.971  -76.275  17.141 0.1000000015
16687  42.373  -75.888  16.880 0.1000000015
16704  42.372  -76.114  15.765 0.1000000015
16724  41.930  -75.515  15.437 0.1000000015
17728  41.937  -74.710  14.740 0.1000000015
18785  41.893  -73.779  14.670 0.1000000015
22026  44.892  -70.705  14.791 0.1000000015
22053  43.144  -70.627  14.079 0.1000000015
20986  48.183  -71.931  13.785 0.1000000015
20988  46.370  -71.495  13.867 0.1000000015
22079  44.604  -70.821  13.711 0.1000000015
20957  48.823  -71.612  14.393 0.1000000015
19853  52.364  -72.326  13.668 0.1000000015
19868  51.424  -72.753  13.245 0.1000000015
13012  43.811  -79.554  20.099 0.1000000015
14716  44.789  -77.694  19.548 0.1000000015
13838  44.057  -78.624  20.247 0.1000000015
15705  44.263  -76.580  18.115 0.1000000015
15718  44.237  -76.792  17.257 0.1000000015
15679  44.335  -76.906  19.507 0.1000000015
15706  43.541  -76.306  17.804 0.1000000015
15719  43.531  -76.657  16.750 0.1000000015
15720  42.891  -76.485  16.283 0.1000000015
15770  42.812  -76.324  14.840 0.1000000015
16723  42.390  -75.939  15.080 0.1000000015
20915  42.602  -72.165  15.874 0.1000000015
18784  42.363  -73.624  15.101 0.1000000015
22007  44.565  -70.627  15.803 0.1000000015
22008  43.380  -70.887  15.963 0.1000000015
22009  42.852  -71.196  15.613 0.1000000015
20928  48.526  -71.118  15.106 0.1000000015
22004  47.405  -70.519  15.785 0.1000000015
22025  45.506  -70.773  14.950 0.1000000015
20926  50.653  -71.358  14.980 0.1000000015
22002  49.172  -70.629  15.694 0.1000000015
20989  45.342  -71.087  13.993 0.1000000015
20925  51.855  -71.445  14.953 0.1000000015
14730  45.199  -77.612  18.816 0.1000000015
15678  44.731  -77.236  19.200 0.1000000015
14740  45.005  -77.127  17.875 0.1000000015
15738  43.564  -76.956  15.765 0.1000000015
15755  43.200  -76.830  15.020 0.1000000015
15769  43.407  -76.458  14.731 0.1000000015
16737  42.674  -75.647  14.784 0.1000000015
17712  43.261  -74.782  15.343 0.1000000015
17713  42.839  -74.161  15.513 0.1000000015
20906  43.559  -71.938  17.062 0.1000000015
20914  42.970  -71.757  16.331 0.1000000015
21990  45.388  -70.597  16.652 0.1000000015
21991  44.376  -70.795  16.743 0.1000000015
22006  45.693  -70.612  15.605 0.1000000015
20927  49.528  -71.230  15.054 0.1000000015
20952  54.022  -71.275  13.928 0.1000000015
14729  45.613  -77.819  18.089 0.1000000015
14767  44.655  -77.523  15.620 0.1000000015
14781  45.307  -77.648  14.820 0.1000000015
14782  44.371  -77.307  14.838 0.1000000015
16735  44.057  -76.219  14.754 0.1000000015
14783  43.748  -77.034  14.662 0.1000000015
16722  43.655  -75.361  15.254 0.1000000015
16703  43.604  -74.962  15.666 0.1000000015
17696  42.942  -73.847  15.941 0.1000000015
19821  43.202  -72.639  16.685 0.1000000015
22005  46.626  -70.514  15.849 0.1000000015
21989  46.415  -70.410  16.583 0.1000000015
22001  50.239  -70.675  15.667 0.1000000015
22003  48.234  -70.568  15.716 0.1000000015
20923  53.773  -71.243  14.577 0.1000000015
22023  54.413  -70.453  13.993 0.1000000015
15736  45.805  -76.685  15.264 0.1000000015
15753  44.885  -76.704  14.856 0.1000000015
16701  45.132  -76.055  15.635 0.1000000015
16685  44.821  -75.285  16.639 0.1000000015
16702  44.109  -75.291  15.950 0.1000000015
17684  44.282  -74.436  16.993 0.1000000015
17685  43.749  -73.966  16.904 0.1000000015
19812  43.751  -72.707  17.267 0.1000000015
20904  44.681  -71.458  17.630 0.1000000015
21982  53.337  -70.042  16.041 0.1000000015
22000  51.415  -70.750  15.648 0.1000000015
21988  47.244  -70.244  16.471 0.1000000015
21998  53.952  -70.589  15.332 0.1000000015
16684  45.928  -75.779  16.759 0.1000000015
17668  45.848  -74.033  17.957 0.1000000015
17683  45.496  -74.622  17.563 0.1000000015
20895  46.880  -71.755  18.473 0.1000000015
19799  46.497  -72.670  18.449 0.1000000015
21969  47.157  -70.826  18.149 0.1000000015
20898  44.667  -72.338  17.775 0.1000000015
21971  45.547  -71.413  18.020 0.1000000015
21983  52.157  -70.025  16.203 0.1000000015
21984  50.944  -70.051  16.322 0.1000000015
21986  48.800  -70.145  16.307 0.1000000015
23032  48.422  -69.806  16.858 0.1000000015
23035  55.079  -68.710  15.466 0.1000000015
21985  49.800  -70.096  16.313 0.1000000015
21968  48.484  -70.413  18.233 0.1000000015
20896  45.935  -71.883  18.259 0.1000000015
18731  45.357  -73.257  18.082 0.1000000015
21974  48.138  -69.928  17.683 0.1000000015
21970  46.127  -71.156  18.062 0.1000000015
23030  50.437  -69.532  16.980 0.1000000015
23024  48.075  -69.838  17.289 0.1000000015
21975  47.400  -70.174  17.380 0.1000000015
23031  49.325  -69.679  16.913 0.1000000015
19875  35.403  -72.576  13.291 0.1000000015
21007  35.704  -71.804  12.711 0.1000000015
21026  36.460  -71.573  10.397 0.1000000015
19911  36.033  -72.667  10.268 0.1000000015
21052  36.496  -72.139  9.673 0.1000000015
14023  40.718  -78.227  4.958 0.1000000015
19958  37.014  -72.573  8.635 0.1000000015
14015  41.676  -78.347  5.388 0.1000000015
17838  38.502  -74.931  7.147 0.1000000015
18879  37.754  -73.192  7.909 0.1000000015
16851  38.230  -76.617  6.595 0.1000000015
14908  38.208  -77.601  5.985 0.1000000015
16836  37.988  -75.885  6.776 0.1000000015
13849  32.092  -79.085  19.953 0.1000000015
18841  35.710  -73.711  9.913 0.1000000015
19888  35.505  -72.520  12.537 0.1000000015
18890  36.652  -74.077  7.906 0.1000000015
13842  34.113  -78.406  20.723 0.1000000015
16654  34.867  -75.668  20.369 0.1000000015
20910  36.080  -71.471  17.349 0.1000000015
20920  35.463  -71.641  16.580 0.1000000015
15830  41.331  -76.702  7.838 0.1000000015
17837  39.455  -74.833  7.410 0.1000000015
14721  35.136  -77.478  20.600 0.1000000015
18705  35.791  -73.876  20.284 0.1000000015
18706  34.856  -74.017  20.077 0.1000000015
17645  36.371  -74.716  20.751 0.1000000015
18718  36.279  -73.081  19.831 0.1000000015
21995  37.164  -70.764  16.232 0.1000000015
22033  36.975  -70.638  14.565 0.1000000015
19955  39.335  -72.700  8.254 0.1000000015
19957  37.724  -72.457  8.394 0.1000000015
14879  41.660  -77.189  7.906 0.1000000015
19789  37.742  -72.606  19.013 0.1000000015
19804  37.353  -71.969  18.339 0.1000000015
22129  38.376  -70.915  9.602 0.1000000015
19936  41.049  -72.635  8.802 0.1000000015
12155  36.275  -80.591  22.177 0.1000000015
14707  37.397  -77.641  21.100 0.1000000015
18716  38.380  -72.965  19.352 0.1000000015
22058  38.403  -70.340  13.117 0.1000000015
18863  41.647  -73.576  8.894 0.1000000015
12998  38.022  -79.526  21.941 0.1000000015
17634  37.882  -74.971  21.456 0.1000000015
17633  38.923  -74.965  21.508 0.1000000015
18733  39.790  -73.257  18.047 0.1000000015
19813  39.345  -72.334  17.451 0.1000000015
22010  39.434  -71.084  14.309 0.1000000015
22126  41.053  -70.635  10.013 0.1000000015
13967  44.565  -78.829  8.995 0.1000000015
13128  44.745  -79.528  7.814 0.1000000015
15668  40.211  -76.871  22.152 0.1000000015
16642  39.409  -76.000  21.932 0.1000000015
13817  39.282  -78.878  22.461 0.1000000015
13825  38.488  -78.711  22.022 0.1000000015
18701  40.041  -73.739  19.912 0.1000000015
17687  41.007  -74.358  17.480 0.1000000015
18744  40.602  -73.687  17.181 0.1000000015
20965  39.975  -71.749  14.184 0.1000000015
17781  43.881  -74.706  10.166 0.1000000015
14863  44.584  -77.897  9.726 0.1000000015
13816  40.050  -78.888  22.708 0.1000000015
16640  41.389  -75.536  21.033 0.1000000015
17655  41.463  -74.714  19.357 0.1000000015
17698  41.102  -74.266  16.453 0.1000000015
19857  40.600  -72.606  14.597 0.1000000015
18840  44.158  -73.701  10.481 0.1000000015
16780  45.162  -75.803  10.566 0.1000000015
14849  45.919  -78.049  10.096 0.1000000015
14694  41.481  -77.757  21.990 0.1000000015
13814  41.692  -78.668  22.020 0.1000000015
16673  42.134  -75.463  17.716 0.1000000015
17715  41.198  -74.212  15.409 0.1000000015
22054  41.835  -71.004  13.846 0.1000000015
21022  43.506  -71.471  10.888 0.1000000015
21014  44.664  -71.486  12.070 0.1000000015
15808  46.605  -77.053  10.658 0.1000000015
14848  47.209  -77.987  10.333 0.1000000015
14847  48.158  -77.899  10.298 0.1000000015
16663  42.979  -75.750  19.208 0.1000000015
22029  41.915  -71.627  14.427 0.1000000015
18838  45.813  -74.163  11.207 0.1000000015
15807  47.785  -76.934  10.875 0.1000000015
15798  48.113  -76.276  11.239 0.1000000015
15795  50.044  -76.340  10.697 0.1000000015
15680  43.479  -76.410  19.910 0.1000000015
20962  42.081  -71.984  14.959 0.1000000015
20987  47.316  -71.817  13.670 0.1000000015
18812  48.015  -73.439  12.327 0.1000000015
19895  46.768  -73.139  12.088 0.1000000015
18825  45.697  -73.043  11.570 0.1000000015
21013  45.366  -71.816  12.333 0.1000000015
22052  44.167  -70.623  14.172 0.1000000015
18823  47.344  -73.755  11.931 0.1000000015
20955  51.075  -72.080  14.084 0.1000000015
18810  49.621  -73.871  12.334 0.1000000015
17762  46.893  -74.756  11.444 0.1000000015
16764  47.551  -75.794  11.302 0.1000000015
17761  47.956  -74.818  11.725 0.1000000015
19854  51.798  -72.310  13.835 0.1000000015
17759  49.644  -75.055  11.651 0.1000000015
16761  50.057  -75.702  11.253 0.1000000015
17777  50.868  -75.149  10.148 0.1000000015
16777  50.606  -75.584  10.642 0.1000000015
22027  43.769  -70.617  14.979 0.1000000015
20959  46.993  -71.291  14.531 0.1000000015
20930  46.818  -70.825  15.244 0.1000000015
20960  46.045  -70.964  14.768 0.1000000015
20953  53.208  -71.841  14.092 0.1000000015
17727  42.717  -74.722  14.881 0.1000000015
18768  42.661  -73.401  15.712 0.1000000015
21999  52.652  -70.774  15.565 0.1000000015
20924  53.006  -71.407  14.868 0.1000000015
21976  46.252  -70.613  17.435 0.1000000015
18742  44.814  -73.617  17.730 0.1000000015
25184  49.588  -67.159  10.558 0.4000000060
25217  52.891  -67.127  8.260 0.3000000119
26276  52.059  -66.361  8.981 0.3000000119
26277  50.998  -66.392  9.611 0.3000000119
26255  50.162  -66.607  10.056 0.4000000060
26256  49.128  -66.425  10.059 0.4000000060
27371  51.426  -65.803  8.654 0.3000000119
26278  49.783  -66.017  9.450 0.4000000060
16889  50.083  -74.818  3.729 0.1000000015
18923  50.312  -73.907  3.616 0.1000000015
21125  51.223  -71.691  2.972 0.2000000030
24234  51.569  -68.455  2.529 0.3000000119
29405  47.386  -63.729  8.161 0.4000000060
25200  53.400  -67.712  8.771 0.3000000119
27449  51.106  -65.366  3.648 0.4000000060
28452  50.043  -64.533  5.183 0.4000000060
23194  51.667  -69.375  2.838 0.2000000030
25284  51.355  -67.629  2.403 0.3000000119
27438  50.380  -65.171  3.979 0.4000000060
29404  47.963  -63.905  7.606 0.4000000060
15910  49.117  -76.209  3.354 0.1000000015
21134  51.278  -70.855  2.644 0.3000000119
28467  49.776  -64.865  4.552 0.4000000060
28440  49.102  -64.221  6.080 0.4000000060
29417  48.411  -63.930  6.979 0.4000000060
15909  49.345  -76.051  2.919 0.1000000015
29392  46.628  -63.425  9.223 0.5000000000
21135  50.915  -71.444  2.607 0.2000000030
23195  51.331  -69.421  2.309 0.3000000119
26367  50.625  -66.765  2.623 0.3000000119
28453  48.872  -64.595  5.151 0.4000000060
30392  45.510  -62.743  9.767 0.4000000060
29376  44.726  -63.490  10.560 0.4000000060
27450  50.159  -65.774  3.479 0.4000000060
27439  49.171  -65.413  4.180 0.4000000060
29431  48.344  -64.034  6.426 0.4000000060
29418  47.411  -63.703  7.350 0.4000000060
16910  49.133  -75.534  2.135 0.2000000030
17893  49.704  -74.845  3.010 0.2000000030
18935  49.839  -73.786  3.089 0.2000000030
22200  50.217  -70.550  2.118 0.2000000030
18934  50.444  -73.184  3.442 0.2000000030
25285  50.315  -67.465  2.391 0.3000000119
26352  49.929  -66.664  2.930 0.3000000119
15941  48.486  -76.525  1.548 0.1000000015
27426  48.846  -64.986  4.697 0.4000000060
24235  50.964  -68.495  2.091 0.3000000119
26342  48.581  -66.246  3.846 0.4000000060
28454  47.750  -64.694  5.523 0.4000000060
29406  46.606  -63.131  8.648 0.5000000000
30404  46.171  -62.753  9.175 0.5000000000
30376  44.640  -62.803  10.224 0.4000000060
27440  48.194  -65.892  4.323 0.4000000060
28442  47.060  -64.336  6.055 0.4000000060
29419  46.261  -63.080  7.836 0.5000000000
30417  46.046  -62.566  8.645 0.5000000000
31374  45.101  -62.181  9.376 0.4000000060
17894  49.369  -74.503  2.638 0.2000000030
20028  50.326  -72.538  2.876 0.2000000030
21136  49.800  -71.614  2.377 0.2000000030
23196  50.585  -69.517  1.986 0.4000000060
22201  49.076  -70.643  2.088 0.2000000030
24236  49.976  -68.631  2.067 0.3000000119
23197  49.539  -69.623  2.004 0.4000000060
25286  49.405  -68.048  2.415 0.3000000119
29433  46.672  -63.688  6.857 0.5000000000
31388  45.027  -61.903  9.002 0.5000000000
30394  43.988  -61.925  9.617 0.4000000060
30377  43.616  -62.339  10.190 0.4000000060
24237  48.965  -68.816  2.322 0.4000000060
26343  47.734  -66.686  4.093 0.4000000060
27428  47.043  -65.308  5.388 0.4000000060
18936  48.865  -73.804  2.502 0.2000000030
17901  48.843  -74.806  1.984 0.2000000030
20029  49.348  -72.728  2.551 0.2000000030
31362  42.685  -61.520  10.212 0.4000000060
21137  48.639  -71.730  2.189 0.2000000030
26354  48.289  -66.757  3.703 0.3000000119
26331  47.416  -66.009  4.742 0.4000000060
27416  46.861  -64.807  5.719 0.4000000060
16911  48.783  -75.606  1.523 0.2000000030
18937  48.092  -73.550  2.159 0.2000000030
23198  48.378  -69.678  2.189 0.4000000060
30378  42.466  -62.371  10.595 0.4000000060
24222  48.539  -68.130  2.804 0.3000000119
28443  45.905  -64.233  6.419 0.5000000000
30418  45.242  -62.151  8.393 0.5000000000
31334  40.377  -61.256  12.243 0.4000000060
16916  48.498  -75.693  0.693 0.2000000030
18943  48.295  -74.171  2.006 0.2000000030
26344  46.804  -66.704  4.605 0.4000000060
27429  46.176  -65.772  5.455 0.4000000060
31404  44.359  -61.736  8.517 0.5000000000
31361  43.267  -61.453  9.704 0.4000000060
34339  41.854  -59.416  14.095 0.4000000060
16935  48.146  -75.443  -0.590 0.2000000030
17902  48.179  -74.499  1.488 0.2000000030
20030  48.310  -72.785  2.294 0.2000000030
24223  47.649  -68.368  3.180 0.4000000060
28444  44.779  -64.204  6.646 0.5000000000
29420  45.010  -62.614  7.459 0.5000000000
16936  47.707  -75.870  -1.097 0.2000000030
24238  47.977  -68.903  2.670 0.4000000060
25262  47.598  -67.143  3.905 0.3000000119
27417  46.230  -65.035  5.881 0.5000000000
29434  45.525  -63.445  6.994 0.5000000000
31375  44.528  -61.933  9.322 0.5000000000
34358  40.670  -58.583  12.836 0.4000000060
32361  40.720  -60.372  11.552 0.4000000060
32371  42.014  -60.731  10.458 0.4000000060
17909  48.408  -74.999  1.048 0.2000000030
22202  47.816  -70.703  2.037 0.4000000060
32381  43.057  -61.055  9.269 0.4000000060
32370  42.612  -60.836  9.864 0.4000000060
17921  48.163  -74.796  -0.126 0.2000000030
20031  47.487  -72.972  2.045 0.2000000030
21138  47.381  -71.916  1.924 0.2000000030
17910  47.679  -74.461  0.769 0.2000000030
33416  42.179  -60.322  10.054 0.4000000060
26332  46.556  -66.181  5.067 0.3000000119
29435  44.384  -63.359  7.001 0.5000000000
30419  44.291  -61.980  7.877 0.5000000000
32382  42.698  -60.791  9.537 0.4000000060
23199  47.051  -69.613  2.706 0.4000000060
24215  46.329  -68.104  3.983 0.4000000060
25264  45.875  -67.279  4.687 0.3000000119
26321  45.415  -65.834  5.785 0.4000000060
23187  46.690  -69.271  3.092 0.4000000060
28445  43.653  -64.210  6.800 0.5000000000
18958  47.056  -74.062  0.932 0.2000000030
33404  40.930  -59.234  11.247 0.4000000060
31390  43.683  -61.408  8.841 0.5000000000
31405  43.501  -61.412  8.220 0.5000000000
26333  45.709  -66.546  5.199 0.4000000060
27418  45.147  -65.068  6.288 0.5000000000
29421  43.920  -62.598  7.326 0.5000000000
27419  44.044  -65.107  6.528 0.5000000000
26322  44.427  -65.932  6.156 0.5000000000
33385  40.498  -59.377  12.215 0.4000000060
32360  41.382  -60.336  10.906 0.4000000060
29436  43.337  -63.353  7.044 0.5000000000
25227  51.824  -67.148  7.016 0.3000000119
26318  52.408  -66.032  6.909 0.3000000119
27380  52.273  -65.828  7.651 0.2000000030
27382  50.979  -65.183  7.864 0.2000000030
24184  50.045  -68.085  7.443 0.2000000030
25244  51.674  -66.720  6.525 0.3000000119
26329  51.668  -65.947  5.067 0.3000000119
27425  51.928  -65.457  5.760 0.3000000119
25252  50.751  -67.077  5.431 0.2000000030
25261  51.213  -67.250  4.436 0.2000000030
26341  51.501  -66.407  4.619 0.2000000030
22195  51.560  -70.329  3.284 0.2000000030
16962  46.458  -75.353  -3.041 0.1000000015
16978  45.999  -75.211  -3.849 0.1000000015
22246  46.371  -70.459  -1.485 0.1000000015
23135  52.470  -69.513  7.883 0.1000000015
25225  53.319  -67.911  7.898 0.2000000030
26302  52.446  -66.444  7.584 0.2000000030
24183  51.290  -68.088  7.454 0.2000000030
25226  52.831  -67.410  7.638 0.2000000030
21072  50.062  -71.450  8.963 0.1000000015
24170  49.491  -68.848  8.023 0.1000000015
24169  50.720  -68.847  7.940 0.2000000030
22145  49.639  -70.895  8.907 0.1000000015
23138  48.914  -69.691  8.510 0.1000000015
15963  48.048  -76.238  -0.122 0.1000000015
16948  47.429  -75.534  -1.970 0.1000000015
18978  46.644  -73.554  -0.483 0.1000000015
18979  46.031  -73.053  -0.341 0.1000000015
20072  45.703  -72.656  0.172 0.1000000015
21175  45.265  -71.923  0.559 0.1000000015
18997  47.995  -73.271  -1.340 0.1000000015
20092  45.803  -72.548  -0.617 0.1000000015
21189  45.213  -71.614  -0.418 0.1000000015
21157  45.049  -71.413  1.088 0.1000000015
21201  45.901  -71.542  -1.317 0.1000000015
22237  44.855  -70.329  -0.424 0.1000000015
23221  43.768  -69.328  0.921 0.1000000015
23220  44.278  -69.519  0.192 0.1000000015
24261  43.999  -68.486  0.538 0.1000000015
24168  51.827  -68.868  7.773 0.2000000030
23137  50.186  -69.732  8.403 0.1000000015
22203  46.426  -70.877  2.069 0.1000000015
24216  45.255  -68.171  4.154 0.3000000119
17922  47.314  -74.291  -0.063 0.1000000015
20049  46.850  -73.050  1.632 0.1000000015
22212  46.144  -71.570  1.662 0.1000000015
23200  45.805  -69.984  2.700 0.2000000030
24225  45.759  -68.821  3.635 0.3000000119
25256  44.211  -67.088  5.135 0.3000000119
26335  43.715  -66.586  5.719 0.3000000119
17973  46.571  -74.846  -4.003 0.1000000015
18976  48.200  -74.037  -1.020 0.1000000015
21156  45.733  -71.945  1.186 0.1000000015
22204  45.200  -70.512  2.134 0.1000000015
23189  45.261  -69.375  3.142 0.2000000030
25266  43.697  -67.601  4.634 0.3000000119
18996  48.491  -73.479  -1.756 0.1000000015
22214  44.448  -70.515  1.379 0.1000000015
24241  42.753  -68.217  2.553 0.2000000030
24219  42.703  -67.717  3.919 0.3000000119
24252  42.921  -68.272  1.947 0.1000000015
25298  42.726  -67.453  1.842 0.2000000030
26355  41.962  -66.701  3.245 0.4000000060
25297  43.212  -67.517  1.280 0.1000000015
26382  42.756  -66.606  1.763 0.3000000119
19865  53.399  -71.761  12.533 0.1000000015
19893  52.903  -71.619  11.056 0.1000000015
30420  43.368  -61.922  7.583 0.4000000060
29437  42.601  -63.281  7.085 0.4000000060
26323  43.329  -65.946  6.288 0.4000000060
27420  42.906  -65.137  6.581 0.4000000060
26336  42.353  -66.322  5.491 0.4000000060
27431  41.504  -65.203  5.863 0.4000000060
26346  41.944  -66.719  4.203 0.4000000060
27452  41.271  -65.188  3.906 0.5000000000
26356  41.556  -66.038  3.588 0.5000000000
25306  44.753  -67.543  0.349 0.2000000030
25307  43.726  -67.556  0.843 0.1000000015
27465  41.856  -65.222  2.919 0.4000000060
25316  45.894  -67.550  -0.149 0.1000000015
25305  45.449  -66.955  0.268 0.1000000015
26393  44.208  -66.799  0.787 0.2000000030
26381  43.380  -66.629  1.299 0.2000000030
24284  47.808  -68.567  -1.588 0.1000000015
25315  47.185  -67.545  -0.760 0.1000000015
26392  45.067  -66.358  0.624 0.2000000030
24283  48.825  -68.353  -2.052 0.1000000015
25328  48.321  -67.490  -1.436 0.1000000015
32395  42.490  -60.255  8.631 0.4000000060
33447  42.692  -60.502  9.149 0.3000000119
31406  42.826  -61.238  7.748 0.4000000060
28426  42.094  -63.469  7.054 0.4000000060
29423  42.162  -62.807  7.140 0.4000000060
28447  41.441  -64.183  6.566 0.4000000060
30422  41.420  -62.166  7.032 0.4000000060
27441  41.061  -65.158  4.934 0.4000000060
28470  40.728  -63.955  4.937 0.4000000060
28457  40.692  -64.051  5.536 0.4000000060
28469  41.048  -64.292  4.390 0.5000000000
28480  41.718  -64.277  3.453 0.4000000060
27478  43.730  -65.236  1.629 0.3000000119
27464  42.860  -65.174  2.160 0.4000000060
28490  42.535  -64.195  2.815 0.4000000060
27501  47.537  -65.804  -0.199 0.2000000030
26390  47.054  -66.154  -0.094 0.2000000030
27477  44.820  -65.130  1.193 0.2000000030
26400  48.623  -66.327  -1.071 0.1000000015
26401  47.620  -66.414  -0.520 0.2000000030
23315  49.049  -68.809  -6.246 0.1000000015
33463  42.194  -59.915  8.600 0.4000000060
33448  42.454  -59.991  8.994 0.4000000060
32408  41.424  -60.340  7.601 0.4000000060
30436  40.588  -62.320  6.440 0.4000000060
30423  40.828  -61.737  6.859 0.4000000060
30446  40.301  -62.440  5.484 0.4000000060
29458  40.825  -63.522  4.610 0.4000000060
29447  40.527  -63.335  5.167 0.4000000060
29457  41.322  -63.336  4.000 0.3000000119
29475  42.926  -63.326  2.881 0.4000000060
28479  42.135  -63.851  3.247 0.4000000060
28503  44.517  -64.321  1.699 0.3000000119
28504  43.959  -64.656  1.793 0.3000000119
27463  43.401  -64.937  1.938 0.4000000060
27499  49.500  -65.394  -1.069 0.2000000030
28527  48.577  -64.695  -0.175 0.2000000030
27490  45.713  -65.187  0.747 0.2000000030
26399  49.367  -66.086  -1.491 0.2000000030
23333  47.680  -69.348  -7.964 0.1000000015
23316  48.652  -69.008  -6.852 0.1000000015
24368  48.847  -68.530  -6.289 0.1000000015
33418  41.137  -58.917  10.721 0.3000000119
34436  41.332  -58.849  8.652 0.4000000060
34420  41.496  -58.825  9.173 0.3000000119
33465  40.808  -59.486  7.625 0.4000000060
34458  39.885  -58.518  6.959 0.4000000060
32409  40.580  -60.297  7.064 0.4000000060
31423  40.034  -61.381  5.849 0.4000000060
31418  40.474  -61.192  6.602 0.4000000060
31427  40.359  -61.508  4.957 0.4000000060
31436  41.799  -61.660  3.853 0.4000000060
31426  41.040  -61.580  4.336 0.3000000119
30468  45.924  -62.220  2.182 0.3000000119
30469  44.931  -62.496  2.415 0.3000000119
30470  44.016  -62.715  2.588 0.3000000119
30471  43.368  -62.919  2.788 0.3000000119
31435  42.656  -61.744  3.490 0.3000000119
29516  49.664  -63.531  -0.296 0.2000000030
28512  48.835  -64.085  -0.027 0.2000000030
29488  46.935  -62.913  1.318 0.3000000119
29503  46.049  -63.730  1.208 0.2000000030
29473  44.511  -63.541  2.087 0.3000000119
29474  43.503  -63.535  2.556 0.3000000119
28526  49.113  -64.353  -0.309 0.2000000030
28514  46.898  -64.307  0.615 0.2000000030
27498  49.906  -65.108  -1.312 0.2000000030
34392  40.847  -58.343  10.985 0.3000000119
36362  40.600  -56.626  10.811 0.3000000119
35382  40.820  -57.655  10.392 0.3000000119
35394  40.880  -57.678  9.746 0.4000000060
34405  41.445  -58.757  9.762 0.3000000119
36405  40.370  -56.826  7.674 0.3000000119
36404  40.703  -57.406  8.308 0.4000000060
35433  39.720  -58.176  6.552 0.4000000060
35432  39.954  -57.744  7.078 0.4000000060
34451  40.358  -58.610  7.468 0.4000000060
35443  39.778  -57.730  5.977 0.4000000060
33472  39.672  -59.339  6.211 0.4000000060
34483  40.533  -58.482  4.758 0.3000000119
33479  40.134  -59.239  5.014 0.4000000060
33480  39.775  -59.374  5.595 0.4000000060
31433  44.835  -61.112  3.112 0.3000000119
32433  44.253  -60.544  3.408 0.2000000030
32434  43.209  -60.818  3.531 0.2000000030
33487  41.996  -59.346  4.145 0.2000000030
32425  41.576  -60.564  4.079 0.3000000119
32426  40.692  -60.706  4.563 0.3000000119
31449  44.468  -61.955  2.794 0.3000000119
31434  43.732  -61.690  3.183 0.2000000030
32435  42.360  -60.985  3.749 0.2000000030
30511  49.715  -62.752  -0.519 0.2000000030
30484  49.163  -62.294  0.919 0.3000000119
29487  47.645  -62.634  1.281 0.3000000119
30487  46.596  -62.503  1.769 0.3000000119
35350  40.833  -57.375  12.314 0.3000000119
35328  40.755  -57.953  12.564 0.3000000119
34376  40.665  -58.311  11.930 0.3000000119
36418  40.384  -56.602  5.470 0.3000000119
35455  43.063  -57.387  4.517 0.2000000030
36431  42.414  -56.485  4.534 0.2000000030
35457  40.956  -57.577  4.641 0.2000000030
36433  40.655  -57.053  4.929 0.2000000030
33485  44.239  -59.001  4.101 0.2000000030
33486  43.121  -59.117  4.015 0.2000000030
34481  42.529  -58.321  4.302 0.2000000030
35456  41.917  -57.440  4.441 0.2000000030
35326  41.875  -57.841  13.797 0.2000000030
25342  49.606  -67.674  -2.565 0.1000000015
26415  49.110  -66.728  -1.642 0.1000000015
31474  49.592  -61.972  0.429 0.3000000119
28525  49.904  -64.564  -1.048 0.2000000030
27372  50.385  -65.596  8.776 0.3000000119
28423  51.549  -64.839  7.052 0.3000000119
28437  52.034  -64.966  6.441 0.3000000119
25260  51.578  -67.292  3.772 0.2000000030
22074  53.523  -70.797  12.315 0.1000000015
23152  53.479  -68.732  7.967 0.2000000030
26294  51.946  -66.015  8.487 0.2000000030
24224  46.787  -68.821  3.333 0.3000000119
35327  41.058  -57.629  13.133 0.3000000119
21155  46.548  -72.218  1.587 0.1000000015
33434  41.941  -59.429  9.444 0.3000000119
25255  45.134  -67.019  5.050 0.2000000030
23188  46.225  -69.350  3.159 0.2000000030
18959  46.538  -73.653  0.455 0.1000000015
25228  50.718  -67.448  6.931 0.2000000030
26319  51.809  -66.255  6.254 0.3000000119
25245  51.187  -66.874  6.303 0.1000000015
26330  51.335  -66.455  5.226 0.2000000030
22236  45.507  -70.715  -1.051 0.1000000015
24167  52.469  -68.869  7.700 0.2000000030
18977  47.646  -73.899  -0.731 0.1000000015
18998  47.258  -73.225  -1.169 0.1000000015
20050  46.130  -72.899  0.994 0.1000000015
22213  45.454  -71.180  1.635 0.1000000015
21190  44.698  -70.945  -0.030 0.1000000015
22228  44.399  -70.469  0.378 0.1000000015
23202  43.962  -69.396  2.473 0.1000000015
25265  44.715  -67.600  4.668 0.3000000119
23201  44.762  -69.844  2.539 0.2000000030
24226  44.718  -68.821  3.606 0.3000000119
25267  42.743  -67.317  4.481 0.4000000060
27430  42.250  -65.547  6.206 0.4000000060
23190  44.439  -69.235  3.001 0.3000000119
24227  43.591  -68.683  3.215 0.3000000119
24228  42.694  -68.012  3.400 0.3000000119
31407  41.959  -61.183  7.434 0.4000000060
28448  40.813  -63.915  6.162 0.4000000060
26402  46.777  -66.819  -0.225 0.2000000030
26391  46.147  -66.339  0.188 0.2000000030
30435  41.044  -62.795  6.782 0.4000000060
27489  47.207  -65.317  0.114 0.2000000030
33464  41.595  -59.589  8.262 0.4000000060
29489  45.653  -63.451  1.544 0.3000000119
28515  45.991  -64.116  1.015 0.2000000030
28513  48.206  -64.422  0.087 0.2000000030
35424  40.896  -58.137  8.469 0.4000000060
36373  40.836  -57.574  9.423 0.4000000060
34450  40.918  -58.755  8.112 0.4000000060
31448  45.437  -61.576  2.736 0.3000000119
29499  49.556  -63.097  0.177 0.2000000030
29501  47.782  -63.229  0.747 0.2000000030
36374  40.683  -56.868  9.666 0.4000000060
34470  39.967  -58.503  5.353 0.4000000060
34482  41.434  -58.449  4.418 0.2000000030
32432  45.293  -60.299  3.558 0.2000000030
33498  44.770  -59.692  3.832 0.2000000030
33499  43.698  -59.832  3.662 0.2000000030
32424  42.624  -60.091  3.763 0.2000000030
36393  40.847  -57.584  8.946 0.3000000119
37391  40.598  -55.616  9.221 0.3000000119
35366  40.707  -57.446  11.390 0.2000000030
37359  41.390  -55.303  11.725 0.2000000030
24205  50.401  -67.959  4.909 0.1000000015
24214  50.220  -68.693  4.793 0.1000000015
24212  51.478  -68.372  3.715 0.1000000015
22142  52.974  -70.245  8.215 0.1000000015
22190  50.679  -70.480  4.433 0.1000000015
24221  51.848  -68.406  3.024 0.1000000015
23180  51.403  -69.369  3.729 0.1000000015
35325  42.948  -57.810  13.760 0.1000000015
36330  44.383  -55.587  12.982 0.1000000015
36309  43.392  -56.773  13.486 0.1000000015
36333  41.466  -56.568  12.892 0.1000000015
36332  42.639  -56.114  13.088 0.1000000015
36346  41.370  -55.926  12.323 0.1000000015
37346  42.026  -55.614  12.493 0.1000000015
37358  42.456  -54.892  11.940 0.1000000015
37360  40.756  -55.770  11.188 0.1000000015
37379  40.650  -55.587  10.300 0.2000000030
38406  41.927  -54.490  11.298 0.1000000015
38422  42.469  -53.886  10.846 0.2000000030
37412  40.469  -55.724  8.129 0.2000000030
39516  42.216  -53.459  10.260 0.2000000030
38423  41.240  -54.320  10.346 0.2000000030
38435  40.732  -54.705  9.432 0.2000000030
39528  42.753  -52.861  9.741 0.2000000030
39529  41.725  -53.314  9.576 0.2000000030
38455  40.627  -54.770  8.598 0.2000000030
37425  40.196  -55.762  7.097 0.2000000030
37432  40.264  -55.779  6.130 0.2000000030
36417  40.805  -56.051  5.170 0.1000000015
39515  43.157  -53.443  10.347 0.2000000030
38454  40.901  -53.980  8.116 0.2000000030
38475  40.512  -54.740  7.531 0.2000000030
38490  40.411  -54.966  6.466 0.1000000015
39573  41.335  -53.434  6.269 0.1000000015
38499  40.498  -55.191  5.868 0.1000000015
36310  42.307  -56.977  13.538 0.1000000015
35324  44.049  -57.720  13.498 0.1000000015
36308  44.658  -56.424  13.343 0.1000000015
36331  43.693  -55.827  13.071 0.1000000015
37345  43.055  -55.316  12.545 0.1000000015
38407  41.360  -54.780  11.097 0.2000000030
38434  41.029  -53.978  9.119 0.2000000030
31462  49.096  -61.760  1.108 0.2000000030
30467  47.031  -61.836  2.216 0.2000000030
30466  47.779  -61.752  1.954 0.2000000030
31475  49.183  -61.452  0.568 0.2000000030
32472  48.494  -60.879  0.706 0.2000000030
31447  46.611  -61.117  2.907 0.2000000030
31463  48.210  -61.323  1.758 0.2000000030
31446  47.544  -61.205  2.499 0.2000000030
32489  48.270  -60.987  -0.055 0.2000000030
31432  45.833  -60.769  3.226 0.2000000030
32446  47.613  -60.614  2.481 0.1000000015
32458  47.923  -60.621  1.518 0.2000000030
32447  47.308  -60.630  3.017 0.2000000030
32431  46.176  -60.146  3.657 0.2000000030
33524  47.006  -60.000  1.834 0.1000000015
33511  47.351  -60.054  2.771 0.1000000015
33494  47.187  -59.845  3.278 0.1000000015
33538  46.053  -59.421  1.034 0.1000000015
33554  45.679  -59.507  -0.238 0.1000000015
38421  43.493  -54.012  10.776 0.1000000015
33483  46.008  -59.041  4.175 0.1000000015
33512  46.780  -59.502  3.066 0.1000000015
33496  46.495  -59.496  3.837 0.1000000015
33525  46.140  -59.326  2.224 0.1000000015
34539  45.379  -58.846  0.551 0.1000000015
39527  43.873  -53.018  9.859 0.1000000015
39525  45.775  -53.648  9.518 0.1000000015
39514  44.070  -53.694  10.273 0.1000000015
34480  43.674  -58.238  4.364 0.1000000015
33484  45.258  -58.985  4.231 0.1000000015
34500  46.595  -59.288  3.696 0.1000000015
34490  46.286  -58.865  3.911 0.1000000015
34524  45.434  -58.673  1.525 0.1000000015
34540  44.717  -58.437  -0.029 0.1000000015
34525  45.002  -58.278  0.769 0.1000000015
40482  45.615  -52.997  9.292 0.1000000015
35453  45.290  -57.410  4.376 0.1000000015
35454  44.230  -57.363  4.549 0.1000000015
35464  45.884  -57.715  3.863 0.1000000015
34478  45.672  -58.359  4.212 0.1000000015
34479  44.783  -58.222  4.398 0.1000000015
36441  45.963  -56.678  3.431 0.1000000015
36451  45.575  -56.507  2.513 0.1000000015
35474  45.595  -57.647  3.047 0.1000000015
34511  45.748  -58.613  2.622 0.1000000015
34501  46.168  -58.720  3.420 0.1000000015
36463  45.254  -56.045  1.894 0.1000000015
36452  44.981  -56.902  2.076 0.1000000015
35484  45.177  -57.973  2.171 0.1000000015
36464  44.766  -56.574  1.414 0.1000000015
40483  44.701  -52.451  9.295 0.1000000015
40484  43.596  -52.318  9.350 0.1000000015
36430  43.582  -56.462  4.595 0.1000000015
37480  46.227  -55.931  2.651 0.1000000015
36450  46.366  -56.171  3.011 0.1000000015
37493  45.853  -55.493  2.117 0.1000000015
32473  47.727  -60.525  0.525 0.1000000015
33537  46.811  -60.023  0.437 0.1000000015
35498  44.925  -57.993  1.369 0.1000000015
35499  44.574  -57.547  0.724 0.1000000015
36429  44.758  -56.441  4.551 0.1000000015
22271  44.666  -70.225  -3.181 0.1000000015
22256  44.434  -69.897  -2.783 0.1000000015
21224  43.835  -70.805  -3.590 0.1000000015
21223  44.577  -71.106  -4.131 0.1000000015
21261  43.342  -71.794  -5.721 0.1000000015
21279  42.479  -71.973  -6.346 0.1000000015
20181  40.910  -72.230  -6.765 0.1000000015
23268  45.688  -69.600  -3.513 0.1000000015
23250  45.458  -68.964  -3.035 0.1000000015
21241  43.238  -71.251  -4.412 0.1000000015
21240  44.361  -71.608  -5.172 0.1000000015
23251  44.520  -69.394  -2.633 0.1000000015
24302  45.002  -68.263  -2.611 0.1000000015
24300  46.569  -67.664  -3.618 0.1000000015
23267  46.572  -69.317  -4.441 0.1000000015
22270  45.790  -70.351  -4.349 0.1000000015
22272  43.561  -70.282  -3.063 0.1000000015
26429  46.720  -66.258  -3.390 0.1000000015
25361  47.255  -67.081  -4.003 0.1000000015
23252  43.341  -69.546  -2.569 0.1000000015
25345  44.461  -67.514  -2.276 0.1000000015
25331  43.748  -67.471  -1.927 0.1000000015
24304  42.794  -68.784  -2.148 0.1000000015
24303  43.865  -68.340  -2.136 0.1000000015
25332  42.810  -67.359  -1.629 0.1000000015
24301  46.082  -68.003  -3.266 0.1000000015
20182  39.935  -72.290  -6.654 0.1000000015
13129  44.238  -79.376  7.980 0.1000000015
13141  44.837  -79.479  7.055 0.1000000015
13152  44.059  -79.406  6.762 0.1000000015
13824  42.372  -78.930  21.483 0.1000000015
13966  45.481  -79.282  8.698 0.1000000015
13980  45.106  -79.507  8.194 0.1000000015
13981  44.607  -79.305  8.344 0.1000000015
13983  42.670  -78.298  8.078 0.1000000015
13993  45.700  -78.971  6.814 0.1000000015
14003  45.246  -78.731  6.553 0.1000000015
14004  44.832  -79.052  6.336 0.1000000015
14008  40.528  -78.219  6.340 0.1000000015
14013  43.238  -78.538  5.668 0.1000000015
14017  40.036  -78.258  5.860 0.1000000015
14022  41.208  -78.124  4.777 0.1000000015
14695  40.948  -77.959  22.290 0.1000000015
14717  44.139  -77.569  20.157 0.1000000015
14739  45.600  -77.792  17.297 0.1000000015
14751  44.878  -77.381  16.765 0.1000000015
14768  43.840  -77.260  15.105 0.1000000015
14797  44.619  -77.134  14.676 0.1000000015
14798  44.168  -76.996  14.558 0.1000000015
14799  43.848  -76.796  14.612 0.1000000015
14846  48.836  -77.796  10.054 0.1000000015
14861  48.243  -78.285  9.718 0.1000000015
14877  42.825  -77.811  8.534 0.1000000015
14878  42.116  -77.706  7.966 0.1000000015
14889  45.200  -77.633  6.891 0.1000000015
14890  41.848  -78.055  7.474 0.1000000015
14891  41.267  -77.599  7.302 0.1000000015
14904  44.069  -78.303  6.056 0.1000000015
14906  40.298  -77.506  6.639 0.1000000015
14923  39.596  -78.087  5.422 0.1000000015
14938  40.798  -77.717  4.488 0.1000000015
15659  41.622  -77.122  21.783 0.1000000015
15660  41.003  -77.233  22.150 0.1000000015
15694  44.604  -76.867  18.772 0.1000000015
15696  43.405  -76.062  19.263 0.1000000015
15698  33.077  -76.693  20.050 0.1000000015
15737  44.141  -77.091  16.397 0.1000000015
15739  42.904  -76.607  15.548 0.1000000015
15754  44.322  -76.399  14.773 0.1000000015
15756  42.685  -76.418  15.180 0.1000000015
15767  44.428  -76.881  14.607 0.1000000015
15768  44.071  -76.566  14.663 0.1000000015
15797  48.663  -76.501  11.202 0.1000000015
15805  49.593  -77.088  10.308 0.1000000015
15810  44.740  -76.739  10.197 0.1000000015
15815  50.166  -76.261  9.778 0.1000000015
15819  42.316  -76.200  8.815 0.1000000015
15844  40.835  -76.759  7.420 0.1000000015
15845  40.314  -76.706  6.978 0.1000000015
15846  39.825  -76.567  6.749 0.1000000015
15861  43.144  -76.870  5.912 0.1000000015
15863  39.479  -76.958  6.500 0.1000000015
15926  49.070  -76.072  2.307 0.1000000015
15940  48.925  -75.964  1.860 0.1000000015
15954  48.169  -76.346  0.402 0.1000000015
16649  42.904  -75.827  19.977 0.1000000015
16651  41.463  -75.093  20.478 0.1000000015
16662  43.365  -75.972  18.985 0.1000000015
16686  44.294  -74.964  16.520 0.1000000015
16688  41.834  -75.386  17.123 0.1000000015
16720  44.769  -76.279  15.127 0.1000000015
16721  44.321  -76.005  15.052 0.1000000015
16736  43.515  -75.785  14.779 0.1000000015
16738  42.071  -75.395  14.932 0.1000000015
16763  48.396  -75.753  11.490 0.1000000015
16778  46.970  -76.277  10.982 0.1000000015
16782  43.699  -75.354  9.889 0.1000000015
16791  50.479  -75.757  9.947 0.1000000015
16813  41.968  -75.671  8.681 0.1000000015
16815  40.709  -75.621  7.751 0.1000000015
16833  40.494  -76.101  7.407 0.1000000015
16835  39.019  -75.675  6.829 0.1000000015
16837  37.033  -75.613  7.201 0.1000000015
16850  38.785  -76.435  6.592 0.1000000015
16858  42.138  -76.567  5.293 0.1000000015
16869  50.133  -74.862  3.920 0.1000000015
16890  49.728  -75.357  3.495 0.1000000015
16904  49.459  -75.532  2.730 0.1000000015
16923  48.275  -75.773  -0.058 0.2000000030
16924  47.992  -76.022  -0.448 0.2000000030
16949  46.698  -75.861  -2.044 0.1000000015
17667  46.406  -74.220  17.960 0.1000000015
17694  44.023  -74.771  16.430 0.1000000015
17695  43.484  -74.334  16.203 0.1000000015
17726  43.274  -75.170  14.971 0.1000000015
17729  41.497  -74.435  14.925 0.1000000015
17748  50.018  -74.378  12.007 0.1000000015
17750  48.603  -74.420  11.910 0.1000000015
17760  48.853  -75.076  11.730 0.1000000015
17776  51.214  -74.661  10.654 0.1000000015
17778  46.323  -75.115  11.105 0.1000000015
17822  42.201  -75.010  8.925 0.1000000015
17836  40.221  -75.419  7.501 0.1000000015
17840  36.722  -74.751  7.629 0.1000000015
17880  50.291  -74.370  3.848 0.1000000015
17881  50.037  -74.555  3.531 0.1000000015
17900  49.383  -75.076  2.479 0.2000000030
17911  47.080  -74.166  0.431 0.1000000015
17923  46.836  -74.023  0.065 0.1000000015
18707  34.447  -74.102  19.909 0.1000000015
18730  46.012  -73.466  18.214 0.1000000015
18732  40.484  -73.902  18.008 0.1000000015
18741  45.499  -73.799  17.938 0.1000000015
18743  44.015  -73.515  17.323 0.1000000015
18750  43.480  -73.437  16.828 0.1000000015
18751  43.019  -73.400  16.281 0.1000000015
18753  40.440  -72.975  16.360 0.1000000015
18809  50.371  -73.704  12.403 0.1000000015
18811  48.787  -73.788  12.269 0.1000000015
18877  39.934  -73.573  8.103 0.1000000015
18880  36.852  -73.441  8.113 0.1000000015
18881  36.233  -73.913  8.385 0.1000000015
18887  38.768  -74.378  7.453 0.1000000015
18889  37.272  -74.037  7.647 0.1000000015
18944  47.516  -73.869  1.597 0.2000000030
18945  46.770  -73.561  1.166 0.1000000015
18960  46.129  -73.284  0.035 0.1000000015
19800  45.618  -72.639  18.220 0.1000000015
19801  44.950  -72.748  17.977 0.1000000015
19802  39.180  -72.748  18.195 0.1000000015
19811  44.362  -72.808  17.688 0.1000000015
19822  42.728  -72.662  16.085 0.1000000015
19823  40.493  -72.950  16.074 0.1000000015
19835  42.385  -72.630  15.412 0.1000000015
19837  40.130  -72.145  15.413 0.1000000015
19852  52.963  -72.197  13.457 0.1000000015
19855  41.939  -72.856  14.737 0.1000000015
19871  48.334  -72.439  13.237 0.1000000015
19873  41.127  -72.278  13.866 0.1000000015
19874  40.854  -72.418  13.897 0.1000000015
19883  49.904  -73.481  12.578 0.1000000015
19887  46.521  -72.197  12.779 0.1000000015
19894  52.647  -72.273  11.324 0.1000000015
19896  46.127  -72.561  12.199 0.1000000015
19906  52.818  -71.538  10.518 0.2000000030
19937  36.737  -72.260  9.217 0.1000000015
19938  36.275  -72.821  9.303 0.1000000015
20008  51.293  -71.797  3.700 0.2000000030
20009  50.988  -72.221  3.358 0.2000000030
20051  45.682  -72.368  0.737 0.1000000015
20071  46.082  -73.155  0.423 0.1000000015
20091  46.200  -72.960  -0.689 0.1000000015
20107  48.401  -72.469  -1.790 0.1000000015
20109  46.445  -72.563  -1.190 0.1000000015
20110  45.721  -72.129  -0.987 0.1000000015
20123  49.254  -71.528  -2.480 0.1000000015
20167  47.674  -72.273  -5.908 0.1000000015
20897  45.080  -71.887  17.923 0.1000000015
20900  35.753  -71.795  17.998 0.1000000015
20901  35.240  -71.926  17.942 0.1000000015
20905  44.275  -71.962  17.514 0.1000000015
20908  37.985  -71.248  17.328 0.1000000015
20909  37.074  -71.324  17.485 0.1000000015
20929  47.629  -70.971  15.144 0.1000000015
20931  46.282  -70.705  15.368 0.1000000015
20932  42.896  -71.315  15.904 0.1000000015
20933  42.584  -71.694  15.591 0.1000000015
20935  39.050  -70.918  15.730 0.1000000015
20937  35.709  -71.525  15.775 0.1000000015
20954  52.247  -71.961  14.286 0.1000000015
20958  47.892  -71.470  14.437 0.1000000015
20961  45.444  -70.866  14.613 0.1000000015
20980  54.175  -70.989  13.307 0.1000000015
20981  53.859  -71.379  13.170 0.1000000015
20992  40.320  -71.535  13.470 0.1000000015
20993  36.435  -70.869  13.806 0.1000000015
21001  53.695  -71.190  12.523 0.1000000015
21015  43.909  -71.143  11.818 0.1000000015
21017  35.668  -72.129  12.052 0.1000000015
21025  36.981  -71.203  9.994 0.1000000015
21045  42.999  -71.874  10.046 0.1000000015
21048  39.966  -71.277  9.163 0.1000000015
21049  39.040  -71.312  9.080 0.1000000015
21050  38.195  -71.431  9.080 0.1000000015
21079  37.951  -71.949  8.625 0.1000000015
21080  37.481  -72.132  8.736 0.1000000015
21120  50.964  -71.384  4.311 0.1000000015
21124  51.369  -71.270  3.120 0.2000000030
21139  46.632  -71.623  1.777 0.1000000015
21154  47.058  -72.531  1.823 0.2000000030
21176  44.740  -71.205  0.491 0.1000000015
21237  49.338  -70.535  -4.380 0.1000000015
21977  45.145  -70.942  17.620 0.1000000015
21978  44.305  -71.242  17.325 0.1000000015
21979  43.930  -71.554  17.222 0.1000000015
21987  47.962  -70.176  16.331 0.1000000015
21992  43.689  -71.264  16.839 0.1000000015
21993  38.399  -70.627  15.698 0.1000000015
21994  37.718  -70.610  16.041 0.1000000015
22024  54.251  -70.782  14.527 0.1000000015
22047  54.168  -70.696  13.396 0.1000000015
22048  52.090  -70.141  12.863 0.2000000030
22049  51.703  -70.188  12.827 0.2000000030
22050  50.936  -70.240  12.741 0.2000000030
22051  44.747  -70.775  14.165 0.1000000015
22075  52.681  -70.321  12.366 0.2000000030
22076  52.302  -70.251  12.524 0.2000000030
22085  38.985  -70.261  12.206 0.1000000015
22097  52.017  -70.244  11.731 0.2000000030
22099  50.416  -69.870  11.549 0.2000000030
22107  36.777  -70.704  10.871 0.1000000015
22117  37.498  -70.819  10.092 0.1000000015
22141  53.468  -69.744  8.605 0.4000000060
22143  52.016  -70.448  8.289 0.1000000015
22189  51.304  -70.267  3.858 0.1000000015
22198  51.448  -70.279  2.716 0.3000000119
22199  51.083  -70.374  2.267 0.3000000119
22205  44.630  -70.233  2.045 0.2000000030
22215  43.910  -69.900  1.195 0.1000000015
22229  44.008  -70.027  0.783 0.1000000015
22254  49.329  -70.258  -2.694 0.1000000015
22257  44.104  -69.972  -2.692 0.1000000015
22319  48.976  -69.190  -6.483 0.1000000015
23023  48.788  -69.736  17.583 0.1000000015
23033  47.772  -69.928  16.859 0.1000000015
23036  54.727  -69.315  15.582 0.1000000015
23044  55.114  -68.758  15.156 0.1000000015
23050  47.529  -68.887  13.854 0.5000000000
23060  52.914  -69.752  13.257 0.1000000015
23061  52.138  -69.909  13.166 0.2000000030
23086  47.132  -69.160  12.635 0.4000000060
23104  51.713  -69.759  11.083 0.2000000030
23107  48.977  -69.348  11.638 0.4000000060
23109  47.412  -69.209  12.191 0.4000000060
23122  51.471  -69.187  10.841 0.2000000030
23125  53.721  -69.159  8.975 0.3000000119
23134  53.312  -69.406  7.988 0.2000000030
23136  51.384  -69.675  8.131 0.2000000030
23151  53.618  -68.604  8.224 0.3000000119
23153  52.971  -68.847  7.713 0.2000000030
23186  51.590  -69.352  3.375 0.1000000015
23211  44.290  -69.915  2.027 0.1000000015
23212  43.753  -69.531  1.667 0.1000000015
23249  48.859  -69.583  -2.307 0.1000000015
23269  45.096  -69.583  -3.023 0.1000000015
23285  49.527  -68.790  -5.097 0.2000000030
23301  49.292  -68.674  -5.735 0.2000000030
24060  49.737  -67.784  15.143 0.3000000119
24079  44.846  -68.110  13.906 0.5000000000
24086  54.525  -69.129  14.005 0.1000000015
24091  46.827  -68.786  13.589 0.5000000000
24099  46.529  -68.902  12.846 0.4000000060
24101  44.829  -68.163  12.582 0.5000000000
24116  50.810  -68.856  10.940 0.3000000119
24119  48.280  -68.739  11.255 0.4000000060
24137  53.425  -68.748  9.563 0.3000000119
24157  53.228  -67.819  9.336 0.3000000119
24166  53.644  -68.418  8.535 0.3000000119
24180  53.528  -68.269  8.072 0.3000000119
24181  53.195  -68.223  7.749 0.2000000030
24182  52.408  -68.204  7.573 0.2000000030
24213  50.786  -68.546  4.414 0.1000000015
24217  44.165  -68.251  4.139 0.3000000119
24218  43.203  -68.037  4.038 0.3000000119
24239  47.372  -68.933  2.993 0.4000000060
24240  43.296  -68.813  2.199 0.2000000030
24251  43.338  -68.395  1.362 0.1000000015
24282  49.270  -68.024  -2.280 0.1000000015
24285  43.595  -67.960  -1.959 0.1000000015
24286  43.206  -68.034  -1.863 0.1000000015
24298  49.449  -68.301  -2.573 0.1000000015
24320  46.220  -68.790  -3.604 0.1000000015
24334  49.758  -68.136  -4.574 0.2000000030
24351  49.046  -68.162  -5.788 0.1000000015
24367  49.117  -68.445  -5.923 0.1000000015
25109  55.071  -67.294  15.449 0.1000000015
25111  53.569  -66.984  15.152 0.1000000015
25114  49.951  -67.359  15.482 0.4000000060
25131  49.349  -67.659  15.233 0.5000000000
25159  42.836  -66.783  12.638 0.5000000000
25169  46.005  -67.695  11.146 0.5000000000
25171  44.276  -67.006  11.524 0.5000000000
25172  43.641  -67.051  11.972 0.5000000000
25187  46.441  -66.891  10.690 0.5000000000
25203  51.417  -66.979  9.971 0.4000000060
25216  53.370  -67.787  8.182 0.2000000030
25254  45.563  -66.964  4.999 0.3000000119
25257  43.310  -67.045  5.136 0.3000000119
25263  47.072  -67.335  4.076 0.4000000060
25270  51.734  -67.372  3.289 0.4000000060
25271  49.848  -67.134  2.677 0.3000000119
25272  49.277  -67.351  2.847 0.3000000119
25273  48.019  -67.389  3.522 0.3000000119
25274  47.181  -68.016  3.658 0.4000000060
25275  42.349  -67.343  3.680 0.3000000119
25287  42.343  -67.393  2.820 0.3000000119
25314  47.939  -66.944  -0.945 0.2000000030
25327  49.374  -67.447  -2.198 0.1000000015
25329  47.577  -68.033  -1.221 0.1000000015
25330  44.288  -67.010  -2.120 0.2000000030
25341  49.860  -67.301  -2.876 0.2000000030
25343  46.576  -67.083  -3.499 0.1000000015
25346  44.017  -67.785  -2.090 0.1000000015
25378  49.013  -67.450  -5.083 0.1000000015
26170  45.799  -65.875  16.492 0.5000000000
26172  55.081  -67.092  15.734 0.1000000015
26180  47.650  -66.699  16.070 0.5000000000
26193  54.793  -67.125  15.138 0.1000000015
26194  54.617  -66.970  15.240 0.1000000015
26197  42.353  -66.213  14.490 0.5000000000
26210  42.160  -66.374  13.611 0.5000000000
26211  41.669  -65.795  13.184 0.5000000000
26226  43.060  -66.619  12.198 0.5000000000
26228  41.921  -65.990  12.751 0.5000000000
26241  44.143  -66.319  11.390 0.6000000238
26254  50.648  -66.706  10.025 0.4000000060
26275  52.421  -66.566  8.781 0.3000000119
26293  52.353  -66.352  8.347 0.2000000030
26303  52.305  -66.620  7.100 0.3000000119
26320  51.323  -66.616  5.780 0.2000000030
26324  42.673  -65.810  6.214 0.4000000060
26334  44.772  -66.544  5.548 0.4000000060
26337  41.509  -65.739  5.256 0.4000000060
26340  51.648  -66.381  4.030 0.2000000030
26345  46.229  -66.689  4.906 0.3000000119
26347  41.455  -65.969  4.578 0.4000000060
26351  50.860  -66.231  2.927 0.3000000119
26353  48.888  -66.734  3.371 0.3000000119
26365  51.604  -67.114  2.657 0.3000000119
26366  51.184  -66.890  2.562 0.3000000119
26368  42.288  -66.342  2.362 0.3000000119
26369  41.803  -66.104  2.969 0.5000000000
26380  44.365  -65.993  1.122 0.2000000030
26413  49.821  -66.401  -2.384 0.3000000119
26414  49.619  -66.362  -1.963 0.2000000030
26431  44.875  -66.418  -2.382 0.2000000030
26444  47.481  -66.262  -3.772 0.2000000030
26462  48.728  -67.095  -4.715 0.1000000015
27249  50.081  -65.109  17.792 0.4000000060
27290  43.219  -65.861  15.376 0.5000000000
27323  42.188  -65.628  12.176 0.5000000000
27339  43.415  -65.257  11.491 0.5000000000
27340  42.539  -65.018  11.696 0.6000000238
27353  47.358  -65.266  10.053 0.5000000000
27357  44.007  -65.067  11.284 0.5000000000
27375  47.456  -64.742  9.502 0.5000000000
27381  51.922  -65.563  8.006 0.2000000030
27397  52.372  -65.762  7.139 0.3000000119
27398  52.156  -65.225  7.202 0.2000000030
27399  51.722  -65.153  7.542 0.3000000119
27414  52.394  -65.745  6.884 0.3000000119
27415  52.294  -65.579  6.638 0.3000000119
27421  42.036  -64.936  6.581 0.4000000060
27427  48.179  -65.237  4.855 0.4000000060
27432  40.977  -64.702  5.479 0.4000000060
27437  50.866  -65.061  3.909 0.4000000060
27442  40.826  -64.465  5.044 0.4000000060
27451  49.334  -66.128  3.524 0.4000000060
27476  45.259  -64.951  1.046 0.2000000030
27479  42.915  -65.975  1.754 0.4000000060
27488  47.912  -65.025  -0.028 0.2000000030
27491  44.988  -65.683  0.953 0.2000000030
27500  48.291  -65.314  -0.327 0.2000000030
27502  42.904  -65.272  -1.142 0.1000000015
27515  49.931  -65.457  -1.865 0.2000000030
27516  49.673  -65.797  -1.602 0.2000000030
27519  43.147  -65.572  -1.293 0.1000000015
27542  49.730  -65.689  -3.325 0.2000000030
28243  47.825  -63.254  21.399 0.1000000015
28257  51.571  -64.924  19.539 0.1000000015
28275  51.962  -64.986  19.263 0.1000000015
28333  41.916  -64.577  15.329 0.5000000000
28346  40.629  -63.656  13.015 0.5000000000
28359  40.991  -64.185  12.317 0.5000000000
28369  41.752  -64.458  11.734 0.5000000000
28377  46.404  -64.342  10.129 0.5000000000
28391  46.752  -64.215  9.742 0.5000000000
28392  46.328  -64.061  10.028 0.5000000000
28406  47.835  -64.134  8.319 0.5000000000
28422  52.021  -64.924  6.918 0.3000000119
28427  41.840  -63.790  6.932 0.4000000060
28441  48.148  -64.197  5.966 0.4000000060
28446  42.469  -64.093  6.939 0.4000000060
28450  51.767  -64.911  5.429 0.3000000119
28455  47.170  -64.741  5.658 0.4000000060
28456  40.999  -64.475  5.971 0.4000000060
28465  51.552  -64.963  4.522 0.4000000060
28466  50.906  -64.857  4.249 0.4000000060
28468  49.167  -64.910  4.643 0.4000000060
28478  51.239  -65.047  3.937 0.4000000060
28488  44.231  -64.106  1.968 0.3000000119
28489  43.690  -64.425  2.089 0.3000000119
28491  41.986  -64.561  3.021 0.4000000060
28502  45.302  -64.525  1.196 0.3000000119
28530  41.434  -64.105  -0.065 0.1000000015
28539  50.058  -64.474  -1.656 0.2000000030
28555  48.343  -64.597  -3.156 0.3000000119
28556  47.388  -64.403  -3.028 0.2000000030
28571  49.527  -65.141  -3.092 0.2000000030
28572  48.950  -65.020  -3.335 0.2000000030
29253  47.758  -62.633  21.321 0.1000000015
29256  45.503  -62.584  21.715 0.1000000015
29281  50.480  -64.011  19.524 0.1000000015
29290  50.136  -63.832  19.277 0.1000000015
29292  48.683  -63.414  19.179 0.2000000030
29329  42.842  -64.086  15.946 0.5000000000
29340  41.311  -63.319  14.682 0.5000000000
29366  41.127  -63.305  11.620 0.5000000000
29377  43.996  -63.236  10.594 0.4000000060
29391  46.996  -63.568  8.724 0.4000000060
29422  42.982  -62.640  7.232 0.4000000060
29424  41.522  -63.244  6.892 0.4000000060
29432  47.702  -63.895  6.600 0.4000000060
29438  40.928  -63.321  6.502 0.4000000060
29439  40.515  -63.271  5.922 0.4000000060
29464  42.409  -63.373  3.208 0.4000000060
29465  41.916  -63.515  3.505 0.4000000060
29472  45.248  -62.932  2.061 0.3000000119
29490  44.865  -63.763  1.753 0.3000000119
29500  49.029  -63.533  0.171 0.2000000030
29502  46.545  -63.621  1.075 0.2000000030
29504  42.075  -62.765  0.136 0.1000000015
29517  49.357  -63.786  -0.137 0.2000000030
29521  41.760  -63.549  0.029 0.1000000015
29532  49.710  -63.344  -1.671 0.3000000119
29547  50.017  -63.991  -1.871 0.3000000119
29550  48.051  -64.046  -2.888 0.3000000119
30266  47.693  -62.143  21.110 0.2000000030
30291  48.390  -62.649  19.951 0.2000000030
30316  42.527  -63.249  15.759 0.4000000060
30345  40.649  -62.826  13.908 0.5000000000
30346  40.464  -62.436  13.376 0.5000000000
30364  40.500  -61.907  11.934 0.4000000060
30375  45.131  -63.077  10.263 0.4000000060
30379  41.547  -62.316  10.943 0.5000000000
30391  46.132  -63.075  9.489 0.4000000060
30393  44.603  -62.281  9.743 0.4000000060
30405  45.641  -62.194  9.103 0.5000000000
30421  42.462  -61.973  7.341 0.4000000060
30452  41.352  -62.381  4.067 0.3000000119
30453  40.728  -62.602  4.616 0.4000000060
30456  43.573  -62.419  2.885 0.3000000119
30457  42.938  -62.597  3.138 0.3000000119
30458  42.022  -62.665  3.577 0.4000000060
30483  49.496  -62.307  0.578 0.3000000119
30485  48.323  -62.259  1.370 0.3000000119
30486  47.428  -62.295  1.687 0.3000000119
30496  49.695  -62.641  0.141 0.3000000119
30497  49.334  -62.724  0.453 0.2000000030
30498  48.752  -62.742  0.717 0.2000000030
30526  49.273  -62.622  -1.321 0.3000000119
31278  47.282  -61.767  21.077 0.2000000030
31323  40.603  -60.933  13.773 0.4000000060
31324  40.378  -61.362  13.287 0.5000000000
31350  40.683  -61.390  11.606 0.4000000060
31363  41.988  -61.619  10.614 0.4000000060
31376  43.832  -61.614  9.284 0.5000000000
31389  44.425  -61.694  8.966 0.5000000000
31403  44.802  -61.851  8.733 0.5000000000
31408  41.079  -61.160  7.139 0.4000000060
31431  46.437  -60.552  3.379 0.2000000030
31450  43.936  -62.200  2.863 0.3000000119
31461  49.453  -62.070  0.830 0.3000000119
31491  49.735  -62.234  -0.107 0.3000000119
31494  47.254  -60.945  -1.027 0.2000000030
31514  45.149  -61.428  -1.107 0.1000000015
32307  42.603  -60.542  14.238 0.3000000119
32369  42.883  -61.059  9.593 0.4000000060
32394  42.896  -60.745  8.699 0.4000000060
32406  42.914  -60.947  8.206 0.4000000060
32407  42.325  -60.493  8.156 0.4000000060
32414  39.827  -60.237  6.258 0.4000000060
32415  39.632  -59.724  5.935 0.4000000060
32421  40.007  -60.265  5.212 0.4000000060
32422  39.703  -59.929  5.711 0.4000000060
32429  47.343  -60.136  3.219 0.2000000030
32430  46.884  -60.242  3.515 0.2000000030
32457  48.754  -61.152  1.127 0.2000000030
32459  47.391  -60.303  1.086 0.1000000015
32471  48.906  -61.144  0.706 0.2000000030
32488  48.879  -61.206  0.301 0.2000000030
32505  46.496  -60.924  -1.338 0.2000000030
33342  42.050  -59.962  14.183 0.2000000030
33363  42.576  -59.777  14.021 0.2000000030
33364  40.881  -59.832  13.736 0.5000000000
33365  40.592  -59.551  13.158 0.5000000000
33403  41.178  -59.861  11.028 0.4000000060
33417  41.620  -59.599  10.358 0.3000000119
33432  42.670  -60.649  9.346 0.4000000060
33433  42.357  -60.255  9.580 0.4000000060
33449  41.919  -59.385  8.853 0.4000000060
33471  40.042  -59.331  6.940 0.4000000060
33488  40.823  -59.574  4.485 0.3000000119
33495  46.944  -59.665  3.582 0.1000000015
33497  45.730  -59.580  3.924 0.2000000030
33513  46.254  -59.051  2.902 0.1000000015
33523  47.496  -60.376  2.217 0.2000000030
34326  46.749  -58.580  17.302 0.1000000015
34356  42.433  -58.935  13.969 0.4000000060
34406  41.135  -58.568  10.325 0.3000000119
34459  39.710  -58.723  6.485 0.4000000060
34471  39.659  -58.652  5.934 0.4000000060
34489  46.760  -59.366  3.853 0.1000000015
35258  39.730  -58.512  20.984 0.1000000015
35349  41.031  -57.078  12.734 0.3000000119
35381  41.078  -58.154  9.912 0.4000000060
35393  41.019  -58.176  9.405 0.4000000060
35413  41.077  -58.346  8.918 0.4000000060
35425  40.579  -57.889  7.858 0.4000000060
35444  39.649  -58.304  6.220 0.4000000060
35458  40.302  -57.634  5.123 0.4000000060
35475  45.174  -57.275  2.373 0.1000000015
35485  44.844  -57.377  1.710 0.1000000015
36311  41.629  -57.203  13.416 0.1000000015
36334  40.990  -56.840  12.495 0.3000000119
36347  40.862  -56.439  11.944 0.2000000030
36394  40.661  -56.658  8.637 0.4000000060
36412  40.047  -56.705  6.560 0.2000000030
37378  40.947  -55.075  10.982 0.2000000030
37438  41.124  -55.542  5.055 0.1000000015
37439  40.649  -55.605  5.520 0.1000000015
38424  40.659  -55.015  9.844 0.2000000030
38474  40.858  -54.067  7.462 0.2000000030
39526  44.876  -53.471  9.844 0.1000000015
