#!ascii label  , from subject sub-1633992 vox2ras=TkReg
356
25134  46.769  -67.751  14.837 0.0000000000
26331  47.416  -66.009  4.742 0.0000000000
23103  52.522  -70.214  11.265 0.0000000000
26280  47.973  -65.298  9.615 0.0000000000
25228  50.718  -67.448  6.931 0.0000000000
23133  53.646  -69.016  8.351 0.0000000000
21040  49.922  -72.006  9.113 0.0000000000
29417  48.411  -63.930  6.979 0.0000000000
31374  45.101  -62.181  9.376 0.0000000000
23063  49.873  -70.020  13.065 0.0000000000
24141  50.047  -68.008  10.878 0.0000000000
27382  50.979  -65.183  7.864 0.0000000000
28477  51.443  -65.066  4.016 0.0000000000
24212  51.478  -68.372  3.715 0.0000000000
27252  47.323  -65.141  17.530 0.0000000000
26177  50.622  -66.760  16.001 0.0000000000
24070  53.825  -68.215  14.149 0.0000000000
28367  43.122  -64.575  11.372 0.0000000000
19928  51.038  -73.339  9.349 0.0000000000
28454  47.750  -64.694  5.523 0.0000000000
29433  46.672  -63.688  6.857 0.0000000000
22077  51.473  -70.306  12.228 0.0000000000
23121  52.028  -69.237  10.643 0.0000000000
24167  52.469  -68.869  7.700 0.0000000000
25217  52.891  -67.127  8.260 0.0000000000
26318  52.408  -66.032  6.909 0.0000000000
28438  51.322  -64.634  6.148 0.0000000000
26329  51.668  -65.947  5.067 0.0000000000
24234  51.569  -68.455  2.529 0.0000000000
26175  52.999  -66.635  15.836 0.0000000000
25129  52.061  -67.944  14.751 0.0000000000
25110  54.057  -66.901  15.116 0.0000000000
25186  47.425  -66.934  10.626 0.0000000000
27355  45.508  -65.086  10.725 0.0000000000
32381  43.057  -61.055  9.269 0.0000000000
31362  42.685  -61.520  10.212 0.0000000000
21019  53.098  -71.041  10.643 0.0000000000
23119  53.339  -69.303  9.749 0.0000000000
21037  52.648  -71.432  9.499 0.0000000000
21070  51.573  -71.325  8.742 0.0000000000
23137  50.186  -69.732  8.403 0.0000000000
28389  48.009  -64.361  8.453 0.0000000000
29393  46.142  -63.560  9.855 0.0000000000
29406  46.606  -63.131  8.648 0.0000000000
30418  45.242  -62.151  8.393 0.0000000000
24215  46.329  -68.104  3.983 0.0000000000
23049  48.065  -69.005  13.964 0.0000000000
24143  47.764  -67.947  10.803 0.0000000000
26256  49.128  -66.425  10.059 0.0000000000
25181  52.628  -67.658  9.718 0.0000000000
26277  50.998  -66.392  9.611 0.0000000000
27373  49.285  -65.379  8.792 0.0000000000
28404  50.057  -64.687  7.484 0.0000000000
28452  50.043  -64.533  5.183 0.0000000000
27439  49.171  -65.413  4.180 0.0000000000
25252  50.751  -67.077  5.431 0.0000000000
25260  51.578  -67.292  3.772 0.0000000000
26367  50.625  -66.765  2.623 0.0000000000
26354  48.289  -66.757  3.703 0.0000000000
27270  45.894  -65.339  16.912 0.0000000000
26181  46.691  -66.606  16.035 0.0000000000
26166  49.098  -66.189  16.581 0.0000000000
25132  48.668  -67.763  15.142 0.0000000000
24073  50.370  -68.608  14.500 0.0000000000
23046  51.582  -69.445  13.666 0.0000000000
23059  53.520  -69.834  13.291 0.0000000000
23058  54.102  -70.010  13.484 0.0000000000
22074  53.523  -70.797  12.315 0.0000000000
29376  44.726  -63.490  10.560 0.0000000000
25118  46.222  -67.127  15.422 0.0000000000
25119  45.338  -67.056  15.224 0.0000000000
25135  45.794  -67.687  14.739 0.0000000000
27428  47.043  -65.308  5.388 0.0000000000
27416  46.861  -64.807  5.719 0.0000000000
22096  52.584  -70.377  12.059 0.0000000000
22098  51.175  -70.090  11.527 0.0000000000
24183  51.290  -68.088  7.454 0.0000000000
25226  52.831  -67.410  7.638 0.0000000000
25227  51.824  -67.148  7.016 0.0000000000
26319  51.809  -66.255  6.254 0.0000000000
25244  51.674  -66.720  6.525 0.0000000000
21134  51.278  -70.855  2.644 0.0000000000
26258  46.977  -65.991  10.472 0.0000000000
26259  45.961  -65.990  10.632 0.0000000000
27354  46.527  -64.951  10.315 0.0000000000
32382  42.698  -60.791  9.537 0.0000000000
21020  52.846  -71.387  10.123 0.0000000000
19926  52.142  -72.034  9.682 0.0000000000
19929  50.336  -73.188  9.202 0.0000000000
21039  51.089  -72.331  9.104 0.0000000000
21071  50.568  -71.448  8.887 0.0000000000
22144  50.926  -70.594  8.566 0.0000000000
21072  50.062  -71.450  8.963 0.0000000000
29404  47.963  -63.905  7.606 0.0000000000
29405  47.386  -63.729  8.161 0.0000000000
29418  47.411  -63.703  7.350 0.0000000000
29419  46.261  -63.080  7.836 0.0000000000
29420  45.010  -62.614  7.459 0.0000000000
30419  44.291  -61.980  7.877 0.0000000000
23065  47.486  -69.149  13.382 0.0000000000
23064  48.513  -69.515  13.291 0.0000000000
25185  48.475  -67.067  10.557 0.0000000000
25184  49.588  -67.159  10.558 0.0000000000
22121  53.429  -69.972  9.360 0.0000000000
24138  53.133  -68.505  9.734 0.0000000000
24156  53.568  -68.488  9.260 0.0000000000
26294  51.946  -66.015  8.487 0.0000000000
26276  52.059  -66.361  8.981 0.0000000000
27371  51.426  -65.803  8.654 0.0000000000
26278  49.783  -66.017  9.450 0.0000000000
27372  50.385  -65.596  8.776 0.0000000000
27383  49.711  -65.004  8.183 0.0000000000
28403  50.834  -64.811  7.296 0.0000000000
28451  51.095  -64.557  5.204 0.0000000000
28439  50.319  -64.455  6.030 0.0000000000
28467  49.776  -64.865  4.552 0.0000000000
27438  50.380  -65.171  3.979 0.0000000000
21108  48.619  -71.536  5.375 0.0000000000
23181  51.033  -69.448  4.138 0.0000000000
23172  49.335  -69.537  5.214 0.0000000000
24214  50.220  -68.693  4.793 0.0000000000
24205  50.401  -67.959  4.909 0.0000000000
25261  51.213  -67.250  4.436 0.0000000000
24235  50.964  -68.495  2.091 0.0000000000
25284  51.355  -67.629  2.403 0.0000000000
25285  50.315  -67.465  2.391 0.0000000000
26352  49.929  -66.664  2.930 0.0000000000
25286  49.405  -68.048  2.415 0.0000000000
27253  46.555  -65.060  17.433 0.0000000000
27269  46.818  -65.607  17.031 0.0000000000
26169  46.324  -66.014  16.526 0.0000000000
26168  47.211  -66.154  16.566 0.0000000000
26165  50.107  -66.179  16.590 0.0000000000
26178  49.556  -66.713  16.025 0.0000000000
26179  48.592  -66.706  16.059 0.0000000000
25115  49.030  -67.227  15.575 0.0000000000
24074  49.430  -68.208  14.852 0.0000000000
24059  50.277  -67.921  15.011 0.0000000000
25128  53.200  -67.611  14.647 0.0000000000
24072  51.563  -68.744  14.215 0.0000000000
24071  52.771  -68.430  14.151 0.0000000000
24089  52.425  -69.218  13.702 0.0000000000
24088  53.354  -69.063  13.722 0.0000000000
20952  54.022  -71.275  13.928 0.0000000000
20951  54.202  -70.949  13.529 0.0000000000
22073  53.925  -70.703  12.983 0.0000000000
30392  45.510  -62.743  9.767 0.0000000000
29375  45.461  -63.511  10.295 0.0000000000
30376  44.640  -62.803  10.224 0.0000000000
30378  42.466  -62.371  10.595 0.0000000000
29431  48.344  -64.034  6.426 0.0000000000
23083  49.664  -69.997  11.926 0.0000000000
22078  50.560  -70.224  12.145 0.0000000000
24140  51.177  -68.493  10.670 0.0000000000
23152  53.479  -68.732  7.967 0.0000000000
25200  53.400  -67.712  8.771 0.0000000000
25225  53.319  -67.911  7.898 0.0000000000
26302  52.446  -66.444  7.584 0.0000000000
27380  52.273  -65.828  7.651 0.0000000000
28423  51.549  -64.839  7.052 0.0000000000
28437  52.034  -64.966  6.441 0.0000000000
27425  51.928  -65.457  5.760 0.0000000000
27436  51.709  -65.459  4.756 0.0000000000
24221  51.848  -68.406  3.024 0.0000000000
23194  51.667  -69.375  2.838 0.0000000000
23195  51.331  -69.421  2.309 0.0000000000
26176  51.810  -66.762  15.981 0.0000000000
25113  51.176  -67.433  15.317 0.0000000000
25112  52.487  -67.216  15.273 0.0000000000
25127  54.297  -67.274  14.849 0.0000000000
26260  44.840  -66.131  11.010 0.0000000000
27356  44.594  -65.068  11.102 0.0000000000
31375  44.528  -61.933  9.322 0.0000000000
30394  43.988  -61.925  9.617 0.0000000000
31361  43.267  -61.453  9.704 0.0000000000
32370  42.612  -60.836  9.864 0.0000000000
22095  53.104  -70.676  11.320 0.0000000000
23102  52.832  -70.203  10.706 0.0000000000
22110  53.146  -70.300  10.218 0.0000000000
21036  53.117  -70.779  9.773 0.0000000000
21068  53.173  -70.598  8.962 0.0000000000
21069  52.476  -71.036  8.743 0.0000000000
22142  52.974  -70.245  8.215 0.0000000000
23135  52.470  -69.513  7.883 0.0000000000
24168  51.827  -68.868  7.773 0.0000000000
27374  48.288  -64.840  8.851 0.0000000000
27376  47.056  -64.753  9.956 0.0000000000
28390  47.407  -64.105  8.864 0.0000000000
29392  46.628  -63.425  9.223 0.0000000000
30404  46.171  -62.753  9.175 0.0000000000
30417  46.046  -62.566  8.645 0.0000000000
31388  45.027  -61.903  9.002 0.0000000000
31404  44.359  -61.736  8.517 0.0000000000
31390  43.683  -61.408  8.841 0.0000000000
26344  46.804  -66.704  4.605 0.0000000000
24076  47.350  -68.505  14.254 0.0000000000
24077  46.336  -68.314  14.206 0.0000000000
24090  47.284  -68.837  13.776 0.0000000000
26257  48.034  -66.050  10.197 0.0000000000
25182  51.769  -67.570  10.133 0.0000000000
25201  52.746  -66.990  9.019 0.0000000000
25202  52.039  -66.888  9.686 0.0000000000
25183  50.746  -67.203  10.292 0.0000000000
26255  50.162  -66.607  10.056 0.0000000000
26279  48.730  -65.685  9.461 0.0000000000
27384  48.962  -64.875  8.404 0.0000000000
28405  48.625  -64.326  7.929 0.0000000000
28425  49.531  -64.326  6.876 0.0000000000
28424  50.633  -64.603  6.802 0.0000000000
28440  49.102  -64.221  6.080 0.0000000000
28453  48.872  -64.595  5.151 0.0000000000
27426  48.846  -64.986  4.697 0.0000000000
27440  48.194  -65.892  4.323 0.0000000000
24170  49.491  -68.848  8.023 0.0000000000
22179  49.181  -70.449  5.195 0.0000000000
25246  50.086  -67.396  6.204 0.0000000000
25245  51.187  -66.874  6.303 0.0000000000
26330  51.335  -66.455  5.226 0.0000000000
26341  51.501  -66.407  4.619 0.0000000000
27448  51.573  -65.545  3.955 0.0000000000
25283  51.759  -67.537  2.740 0.0000000000
26350  51.683  -66.443  3.057 0.0000000000
27449  51.106  -65.366  3.648 0.0000000000
27450  50.159  -65.774  3.479 0.0000000000
26342  48.581  -66.246  3.846 0.0000000000
26343  47.734  -66.686  4.093 0.0000000000
25262  47.598  -67.143  3.905 0.0000000000
27271  45.114  -65.123  16.543 0.0000000000
28312  45.332  -64.712  17.049 0.0000000000
27279  45.421  -65.700  16.440 0.0000000000
26182  45.601  -66.361  15.996 0.0000000000
25117  47.195  -67.178  15.474 0.0000000000
27266  49.608  -65.657  17.165 0.0000000000
27268  47.709  -65.683  17.084 0.0000000000
26167  48.137  -66.213  16.597 0.0000000000
25116  48.135  -67.238  15.567 0.0000000000
25133  47.741  -67.814  14.990 0.0000000000
24075  48.405  -68.437  14.595 0.0000000000
23048  49.306  -69.076  14.064 0.0000000000
25130  51.080  -68.131  14.760 0.0000000000
23047  50.626  -69.347  13.841 0.0000000000
23062  51.141  -69.964  13.308 0.0000000000
23082  52.639  -70.093  12.906 0.0000000000
23081  52.898  -70.261  12.531 0.0000000000
23079  53.719  -70.535  12.856 0.0000000000
23080  53.245  -70.485  12.309 0.0000000000
28378  45.950  -64.221  10.339 0.0000000000
28379  45.054  -64.247  10.733 0.0000000000
28380  43.909  -64.257  11.068 0.0000000000
30377  43.616  -62.339  10.190 0.0000000000
29378  42.966  -63.427  10.863 0.0000000000
19906  52.818  -71.538  10.518 0.0000000000
20980  54.175  -70.989  13.307 0.0000000000
20981  53.859  -71.379  13.170 0.0000000000
21000  54.070  -70.979  13.079 0.0000000000
21001  53.695  -71.190  12.523 0.0000000000
22047  54.168  -70.696  13.396 0.0000000000
22048  52.090  -70.141  12.863 0.0000000000
22049  51.703  -70.188  12.827 0.0000000000
22050  50.936  -70.240  12.741 0.0000000000
22075  52.681  -70.321  12.366 0.0000000000
22076  52.302  -70.251  12.524 0.0000000000
22097  52.017  -70.244  11.731 0.0000000000
22099  50.416  -69.870  11.549 0.0000000000
22141  53.468  -69.744  8.605 0.0000000000
22143  52.016  -70.448  8.289 0.0000000000
22180  48.104  -70.630  5.555 0.0000000000
22198  51.448  -70.279  2.716 0.0000000000
22199  51.083  -70.374  2.267 0.0000000000
23050  47.529  -68.887  13.854 0.0000000000
23060  52.914  -69.752  13.257 0.0000000000
23061  52.138  -69.909  13.166 0.0000000000
23104  51.713  -69.759  11.083 0.0000000000
23122  51.471  -69.187  10.841 0.0000000000
23125  53.721  -69.159  8.975 0.0000000000
23134  53.312  -69.406  7.988 0.0000000000
23136  51.384  -69.675  8.131 0.0000000000
23151  53.618  -68.604  8.224 0.0000000000
23153  52.971  -68.847  7.713 0.0000000000
23182  50.097  -69.580  4.727 0.0000000000
24060  49.737  -67.784  15.143 0.0000000000
24091  46.827  -68.786  13.589 0.0000000000
24116  50.810  -68.856  10.940 0.0000000000
24137  53.425  -68.748  9.563 0.0000000000
24157  53.228  -67.819  9.336 0.0000000000
24166  53.644  -68.418  8.535 0.0000000000
24180  53.528  -68.269  8.072 0.0000000000
24181  53.195  -68.223  7.749 0.0000000000
24182  52.408  -68.204  7.573 0.0000000000
24213  50.786  -68.546  4.414 0.0000000000
25111  53.569  -66.984  15.152 0.0000000000
25114  49.951  -67.359  15.482 0.0000000000
25131  49.349  -67.659  15.233 0.0000000000
25187  46.441  -66.891  10.690 0.0000000000
25203  51.417  -66.979  9.971 0.0000000000
25216  53.370  -67.787  8.182 0.0000000000
25229  49.882  -67.652  6.884 0.0000000000
25247  49.343  -67.991  6.604 0.0000000000
25263  47.072  -67.335  4.076 0.0000000000
25270  51.734  -67.372  3.289 0.0000000000
25271  49.848  -67.134  2.677 0.0000000000
25272  49.277  -67.351  2.847 0.0000000000
25273  48.019  -67.389  3.522 0.0000000000
26170  45.799  -65.875  16.492 0.0000000000
26180  47.650  -66.699  16.070 0.0000000000
26194  54.617  -66.970  15.240 0.0000000000
26254  50.648  -66.706  10.025 0.0000000000
26275  52.421  -66.566  8.781 0.0000000000
26293  52.353  -66.352  8.347 0.0000000000
26303  52.305  -66.620  7.100 0.0000000000
26320  51.323  -66.616  5.780 0.0000000000
26340  51.648  -66.381  4.030 0.0000000000
26351  50.860  -66.231  2.927 0.0000000000
26353  48.888  -66.734  3.371 0.0000000000
26365  51.604  -67.114  2.657 0.0000000000
26366  51.184  -66.890  2.562 0.0000000000
27249  50.081  -65.109  17.792 0.0000000000
27339  43.415  -65.257  11.491 0.0000000000
27353  47.358  -65.266  10.053 0.0000000000
27357  44.007  -65.067  11.284 0.0000000000
27375  47.456  -64.742  9.502 0.0000000000
27381  51.922  -65.563  8.006 0.0000000000
27397  52.372  -65.762  7.139 0.0000000000
27398  52.156  -65.225  7.202 0.0000000000
27399  51.722  -65.153  7.542 0.0000000000
27414  52.394  -65.745  6.884 0.0000000000
27415  52.294  -65.579  6.638 0.0000000000
27427  48.179  -65.237  4.855 0.0000000000
27437  50.866  -65.061  3.909 0.0000000000
27451  49.334  -66.128  3.524 0.0000000000
28377  46.404  -64.342  10.129 0.0000000000
28391  46.752  -64.215  9.742 0.0000000000
28392  46.328  -64.061  10.028 0.0000000000
28406  47.835  -64.134  8.319 0.0000000000
28422  52.021  -64.924  6.918 0.0000000000
28441  48.148  -64.197  5.966 0.0000000000
28442  47.060  -64.336  6.055 0.0000000000
28450  51.767  -64.911  5.429 0.0000000000
28455  47.170  -64.741  5.658 0.0000000000
28465  51.552  -64.963  4.522 0.0000000000
28466  50.906  -64.857  4.249 0.0000000000
28468  49.167  -64.910  4.643 0.0000000000
28478  51.239  -65.047  3.937 0.0000000000
29377  43.996  -63.236  10.594 0.0000000000
29391  46.996  -63.568  8.724 0.0000000000
29432  47.702  -63.895  6.600 0.0000000000
30375  45.131  -63.077  10.263 0.0000000000
30391  46.132  -63.075  9.489 0.0000000000
30393  44.603  -62.281  9.743 0.0000000000
30405  45.641  -62.194  9.103 0.0000000000
31376  43.832  -61.614  9.284 0.0000000000
31389  44.425  -61.694  8.966 0.0000000000
31403  44.802  -61.851  8.733 0.0000000000
32369  42.883  -61.059  9.593 0.0000000000
33432  42.670  -60.649  9.346 0.0000000000
33433  42.357  -60.255  9.580 0.0000000000
