#!ascii label  , from subject sub-1633992 vox2ras=TkReg
232
88713  27.663  -4.209  -4.916 0.0000000000
80688  25.573  -12.975  -2.059 0.0000000000
93523  25.545  0.077  -3.351 0.0000000000
102723  24.692  9.930  -0.664 0.0000000000
78777  23.696  -15.064  -2.307 0.0000000000
95419  28.142  2.487  -3.424 0.0000000000
97352  27.085  4.204  -2.166 0.0000000000
86820  25.965  -6.079  -5.366 0.0000000000
84778  26.304  -8.571  -3.812 0.0000000000
86807  28.352  -6.409  -3.780 0.0000000000
90680  29.976  -2.339  -3.518 0.0000000000
88692  30.881  -4.343  -3.228 0.0000000000
91703  26.574  -1.805  -5.053 0.0000000000
93520  28.672  0.458  -4.159 0.0000000000
100261  24.488  7.396  -0.347 0.0000000000
100295  27.287  6.496  -2.532 0.0000000000
81764  26.738  -11.215  -2.274 0.0000000000
96380  25.868  3.019  -1.517 0.0000000000
97334  25.753  4.353  -1.166 0.0000000000
87759  26.527  -5.445  -5.297 0.0000000000
87745  27.109  -5.892  -4.769 0.0000000000
87757  27.986  -4.875  -4.608 0.0000000000
79714  24.644  -13.875  -2.343 0.0000000000
92623  25.715  -1.094  -4.193 0.0000000000
92601  28.032  -0.604  -4.795 0.0000000000
93521  27.732  0.496  -4.015 0.0000000000
96408  28.985  3.416  -4.155 0.0000000000
95432  30.070  2.603  -4.452 0.0000000000
101923  22.694  9.414  -0.634 0.0000000000
100263  22.699  7.487  -1.004 0.0000000000
101135  24.127  8.268  -0.436 0.0000000000
101179  24.719  9.091  -4.757 0.0000000000
100329  25.236  7.744  -5.019 0.0000000000
100297  26.494  7.498  -3.521 0.0000000000
99298  26.142  6.950  -4.048 0.0000000000
98317  26.916  5.835  -4.033 0.0000000000
84762  27.319  -8.549  -2.926 0.0000000000
83705  26.664  -9.425  -2.781 0.0000000000
77892  23.183  -15.840  -1.973 0.0000000000
93506  26.439  0.905  -2.844 0.0000000000
95400  26.819  2.395  -2.284 0.0000000000
96394  28.088  3.430  -2.987 0.0000000000
97365  28.284  4.487  -3.612 0.0000000000
84795  25.025  -8.353  -4.887 0.0000000000
86810  25.695  -7.403  -5.020 0.0000000000
85829  27.046  -7.604  -3.969 0.0000000000
85817  29.167  -7.615  -2.723 0.0000000000
89669  28.811  -3.377  -4.419 0.0000000000
88702  29.323  -4.317  -4.305 0.0000000000
89667  30.648  -3.299  -3.413 0.0000000000
89682  25.569  -3.478  -5.296 0.0000000000
90696  25.088  -2.537  -4.997 0.0000000000
90694  26.916  -2.591  -5.394 0.0000000000
91701  27.974  -1.712  -4.989 0.0000000000
92600  29.119  -0.457  -4.280 0.0000000000
93518  30.670  0.729  -3.912 0.0000000000
94466  28.463  1.530  -3.836 0.0000000000
94485  30.488  1.744  -4.331 0.0000000000
98267  24.183  6.062  -0.734 0.0000000000
102738  26.458  9.372  -1.454 0.0000000000
101939  26.603  8.628  -1.187 0.0000000000
100259  26.329  7.040  -0.456 0.0000000000
99279  26.274  5.504  -0.777 0.0000000000
99288  27.143  5.705  -1.910 0.0000000000
98316  27.443  5.239  -4.257 0.0000000000
81766  24.964  -11.407  -3.318 0.0000000000
83718  25.669  -9.477  -3.694 0.0000000000
87742  29.649  -5.279  -3.781 0.0000000000
86794  29.447  -6.413  -3.228 0.0000000000
96361  25.132  3.350  -1.370 0.0000000000
97335  24.863  4.371  -1.080 0.0000000000
88714  26.892  -4.339  -5.251 0.0000000000
87758  27.311  -5.056  -4.847 0.0000000000
76025  23.090  -17.312  -1.231 0.0000000000
76024  23.353  -17.099  -1.265 0.0000000000
80689  25.101  -13.448  -2.260 0.0000000000
92603  26.131  -0.581  -3.823 0.0000000000
97372  29.562  3.960  -4.846 0.0000000000
96407  29.649  3.435  -4.559 0.0000000000
101922  23.789  9.200  -0.505 0.0000000000
101921  24.874  8.952  -0.438 0.0000000000
99309  25.728  6.941  -4.742 0.0000000000
99318  25.871  6.318  -5.148 0.0000000000
84761  28.421  -8.654  -2.538 0.0000000000
83704  27.596  -9.457  -2.473 0.0000000000
79727  23.875  -13.632  -2.871 0.0000000000
94449  25.255  1.389  -2.582 0.0000000000
95401  25.732  2.331  -1.933 0.0000000000
96379  26.663  3.274  -1.966 0.0000000000
96378  27.352  3.324  -2.422 0.0000000000
97351  27.707  4.358  -2.673 0.0000000000
103466  24.203  10.684  -0.876 0.0000000000
86821  25.211  -6.558  -5.211 0.0000000000
86808  27.419  -6.560  -4.293 0.0000000000
85828  27.699  -7.037  -3.824 0.0000000000
85818  27.973  -7.570  -3.238 0.0000000000
86795  28.740  -7.004  -3.251 0.0000000000
77891  24.086  -15.738  -1.774 0.0000000000
76940  24.314  -16.114  -1.346 0.0000000000
90681  29.106  -2.412  -4.107 0.0000000000
89668  29.616  -3.363  -3.850 0.0000000000
88716  25.103  -4.436  -5.292 0.0000000000
91704  25.575  -1.651  -4.647 0.0000000000
90695  26.039  -2.573  -5.199 0.0000000000
91702  27.335  -1.840  -5.189 0.0000000000
90693  27.678  -2.568  -5.155 0.0000000000
92599  30.004  -0.345  -3.670 0.0000000000
93519  29.550  0.510  -3.932 0.0000000000
94467  27.585  1.406  -3.182 0.0000000000
94486  29.644  1.934  -4.310 0.0000000000
93539  31.023  1.361  -4.236 0.0000000000
100262  23.549  7.550  -0.672 0.0000000000
99266  23.180  6.966  -0.888 0.0000000000
99265  23.884  6.745  -0.686 0.0000000000
98268  23.661  6.207  -0.815 0.0000000000
99264  24.801  6.558  -0.363 0.0000000000
101178  25.357  8.615  -4.314 0.0000000000
101964  25.192  9.651  -4.208 0.0000000000
101955  26.344  9.068  -2.808 0.0000000000
101948  26.695  8.863  -2.053 0.0000000000
100296  27.162  7.156  -2.715 0.0000000000
100285  27.109  7.206  -1.752 0.0000000000
100273  27.037  6.617  -1.613 0.0000000000
99262  26.628  6.766  -1.104 0.0000000000
99277  27.118  6.289  -1.816 0.0000000000
99287  27.193  5.974  -2.283 0.0000000000
98325  26.463  5.515  -5.220 0.0000000000
98324  27.327  5.084  -4.903 0.0000000000
97374  28.045  4.826  -4.682 0.0000000000
81767  23.960  -11.916  -3.576 0.0000000000
84779  25.503  -8.748  -4.467 0.0000000000
82709  27.040  -10.254  -2.384 0.0000000000
82710  26.138  -10.344  -2.699 0.0000000000
81765  25.805  -11.221  -2.663 0.0000000000
88701  30.152  -4.281  -3.787 0.0000000000
87741  30.403  -5.002  -3.426 0.0000000000
95384  24.840  2.769  -1.646 0.0000000000
96360  26.012  3.770  -1.565 0.0000000000
97333  26.690  4.233  -1.905 0.0000000000
87760  25.573  -5.409  -5.442 0.0000000000
87744  27.818  -5.672  -4.436 0.0000000000
78776  24.695  -14.866  -1.824 0.0000000000
78762  24.992  -15.296  -1.367 0.0000000000
78775  25.161  -14.619  -1.565 0.0000000000
78761  25.390  -14.923  -1.229 0.0000000000
91682  30.464  -1.303  -3.409 0.0000000000
90679  30.948  -2.201  -3.185 0.0000000000
91685  25.309  -1.160  -4.253 0.0000000000
92622  26.386  -1.136  -4.507 0.0000000000
92621  27.164  -1.168  -4.889 0.0000000000
92602  27.007  -0.395  -4.320 0.0000000000
95418  28.680  2.612  -4.011 0.0000000000
96406  30.471  3.196  -4.786 0.0000000000
101134  25.161  8.057  -0.329 0.0000000000
101169  26.095  8.398  -3.530 0.0000000000
101168  26.691  8.189  -2.798 0.0000000000
99297  26.793  6.575  -3.630 0.0000000000
98308  27.134  6.024  -3.483 0.0000000000
99308  26.267  6.311  -4.442 0.0000000000
84777  26.923  -8.303  -3.464 0.0000000000
83717  26.234  -9.172  -3.296 0.0000000000
78778  22.717  -14.870  -2.218 0.0000000000
78790  24.084  -14.397  -2.525 0.0000000000
80704  24.668  -12.779  -2.818 0.0000000000
93508  25.054  0.747  -3.133 0.0000000000
93507  25.869  0.713  -2.808 0.0000000000
94448  26.308  1.467  -2.462 0.0000000000
94447  27.083  1.727  -2.608 0.0000000000
95399  27.542  2.438  -2.792 0.0000000000
96393  28.537  3.425  -3.636 0.0000000000
97364  28.837  3.960  -3.849 0.0000000000
97373  29.022  4.240  -4.477 0.0000000000
102724  23.509  10.149  -0.674 0.0000000000
102740  24.992  10.685  -1.019 0.0000000000
85831  25.508  -8.048  -4.883 0.0000000000
85830  26.119  -7.882  -4.558 0.0000000000
86809  26.441  -6.722  -4.912 0.0000000000
85819  27.317  -8.012  -3.404 0.0000000000
84760  29.098  -8.381  -2.460 0.0000000000
89679  28.056  -3.384  -4.891 0.0000000000
88703  28.457  -4.245  -4.648 0.0000000000
90666  31.434  -2.852  -3.117 0.0000000000
89656  31.522  -3.643  -3.074 0.0000000000
88715  26.031  -4.434  -5.528 0.0000000000
89681  26.468  -3.467  -5.419 0.0000000000
89680  27.303  -3.426  -5.265 0.0000000000
90692  28.370  -2.490  -4.701 0.0000000000
91684  28.742  -1.501  -4.600 0.0000000000
92620  27.625  -1.331  -5.005 0.0000000000
91683  29.529  -1.386  -3.907 0.0000000000
92598  31.074  -0.343  -3.495 0.0000000000
93522  26.666  0.444  -3.397 0.0000000000
94465  29.184  1.284  -4.168 0.0000000000
94487  29.000  2.011  -4.248 0.0000000000
94464  29.898  1.254  -4.106 0.0000000000
98280  24.454  5.281  -0.848 0.0000000000
102739  25.846  10.088  -1.224 0.0000000000
102722  25.526  9.431  -0.674 0.0000000000
101940  26.167  9.305  -0.904 0.0000000000
101920  25.907  8.669  -0.494 0.0000000000
101133  26.021  7.789  -0.368 0.0000000000
101161  26.869  7.979  -1.951 0.0000000000
101132  26.508  7.544  -0.732 0.0000000000
100260  25.485  7.168  -0.085 0.0000000000
99263  25.926  6.209  -0.436 0.0000000000
98266  24.966  5.922  -0.580 0.0000000000
98279  25.553  5.248  -0.649 0.0000000000
98278  26.404  5.067  -1.046 0.0000000000
98294  26.978  5.030  -1.834 0.0000000000
98293  27.322  5.106  -2.292 0.0000000000
98307  27.443  5.422  -3.193 0.0000000000
80703  25.590  -12.050  -2.503 0.0000000000
82722  25.142  -10.397  -3.693 0.0000000000
82721  25.600  -10.082  -3.181 0.0000000000
87743  28.688  -5.246  -4.244 0.0000000000
86806  29.042  -5.833  -3.770 0.0000000000
87731  30.164  -5.666  -3.135 0.0000000000
83706  25.984  -9.653  -3.049 0.0000000000
84763  26.658  -8.782  -3.223 0.0000000000
91686  24.833  -1.178  -4.205 0.0000000000
94468  26.849  1.150  -2.851 0.0000000000
95383  25.410  2.847  -1.576 0.0000000000
95433  29.310  2.680  -4.342 0.0000000000
98326  25.698  6.069  -5.623 0.0000000000
99278  26.771  6.027  -1.350 0.0000000000
99280  23.286  6.420  -0.877 0.0000000000
99296  27.266  6.279  -2.998 0.0000000000
100274  26.756  6.977  -1.123 0.0000000000
100284  27.249  6.619  -2.107 0.0000000000
101150  26.763  7.755  -1.217 0.0000000000
101919  26.434  8.105  -0.728 0.0000000000
102750  26.494  9.719  -2.099 0.0000000000
