#!ascii label  , from subject sub-1633992 vox2ras=TkReg
573
70862  22.481  -22.560  1.176 0.1428571492
69824  21.920  -22.951  1.744 0.1428571492
71913  22.027  -21.490  0.340 0.1428571492
69823  22.955  -23.271  1.752 0.1428571492
71884  22.819  -22.034  0.768 0.2857142985
70863  21.594  -22.184  1.014 0.1428571492
71883  23.687  -21.980  0.874 0.1428571492
72936  22.513  -20.485  -0.234 0.5714285970
71911  23.996  -21.210  0.666 0.1428571492
72933  25.241  -20.390  0.564 0.2857142985
72934  24.298  -20.438  0.436 0.2857142985
73981  25.476  -19.588  0.369 0.1428571492
76008  26.110  -16.709  -0.362 0.2857142985
76009  25.574  -16.951  -0.353 0.1428571492
75985  25.636  -17.787  -0.023 0.2857142985
78759  26.896  -14.697  -0.618 0.2857142985
76922  26.589  -16.302  -0.359 0.2857142985
79712  26.263  -13.295  -1.319 0.2857142985
79697  26.189  -14.146  -0.918 0.2857142985
81753  27.082  -11.718  -1.841 0.2857142985
83704  27.596  -9.457  -2.473 0.8571428657
81763  27.358  -10.793  -2.204 0.4285714328
80686  27.419  -12.154  -1.484 0.2857142985
85817  29.167  -7.615  -2.723 0.7142857313
84760  29.098  -8.381  -2.460 0.7142857313
84761  28.421  -8.654  -2.538 0.7142857313
82709  27.040  -10.254  -2.384 0.7142857313
86794  29.447  -6.413  -3.228 0.8571428657
86795  28.740  -7.004  -3.251 0.5714285970
85818  27.973  -7.570  -3.238 0.7142857313
84762  27.319  -8.549  -2.926 0.7142857313
87741  30.403  -5.002  -3.426 0.4285714328
87731  30.164  -5.666  -3.135 0.7142857313
90665  32.168  -2.969  -2.880 0.2857142985
90666  31.434  -2.852  -3.117 0.5714285970
88692  30.881  -4.343  -3.228 0.7142857313
87742  29.649  -5.279  -3.781 0.8571428657
90677  32.897  -2.195  -2.776 0.1428571492
89667  30.648  -3.299  -3.413 0.5714285970
88701  30.152  -4.281  -3.787 0.8571428657
92618  33.344  -0.458  -4.357 0.1428571492
91679  33.662  -1.390  -3.578 0.1428571492
91680  32.509  -1.280  -3.174 0.1428571492
90678  31.879  -2.107  -2.926 0.4285714328
89668  29.616  -3.363  -3.850 0.8571428657
93551  33.066  0.031  -5.563 0.1428571492
92637  33.561  -0.414  -5.203 0.1428571492
93516  32.292  0.072  -4.009 0.1428571492
92596  32.918  -0.645  -3.627 0.1428571492
92598  31.074  -0.343  -3.495 0.4285714328
90679  30.948  -2.201  -3.185 0.5714285970
90680  29.976  -2.339  -3.518 0.7142857313
89669  28.811  -3.377  -4.419 0.8571428657
93537  32.516  0.442  -4.719 0.1428571492
94483  31.973  1.378  -4.854 0.1428571492
93517  31.761  0.343  -3.859 0.1428571492
90681  29.106  -2.412  -4.107 0.8571428657
94498  32.243  1.271  -5.619 0.1428571492
94484  31.307  1.808  -4.634 0.2857142985
93538  31.576  1.051  -4.302 0.1428571492
93518  30.670  0.729  -3.912 0.8571428657
92599  30.004  -0.345  -3.670 0.8571428657
91682  30.464  -1.303  -3.409 0.7142857313
92600  29.119  -0.457  -4.280 0.8571428657
96414  31.195  2.885  -5.350 0.1428571492
95441  31.022  2.893  -6.439 0.1428571492
94465  29.184  1.284  -4.168 0.8571428657
94464  29.898  1.254  -4.106 0.8571428657
95431  30.821  2.506  -4.635 0.4285714328
93520  28.672  0.458  -4.159 0.8571428657
96415  30.769  3.263  -5.651 0.1428571492
96416  30.041  3.753  -5.165 0.2857142985
96406  30.471  3.196  -4.786 0.5714285970
96407  29.649  3.435  -4.559 0.8571428657
95432  30.070  2.603  -4.452 0.8571428657
94487  29.000  2.011  -4.248 0.8571428657
94466  28.463  1.530  -3.836 0.8571428657
93521  27.732  0.496  -4.015 0.8571428657
97382  29.406  4.189  -5.368 0.2857142985
97372  29.562  3.960  -4.846 0.7142857313
96408  28.985  3.416  -4.155 0.8571428657
95419  28.142  2.487  -3.424 0.8571428657
94447  27.083  1.727  -2.608 0.8571428657
94467  27.585  1.406  -3.182 0.8571428657
97364  28.837  3.960  -3.849 0.8571428657
96394  28.088  3.430  -2.987 0.8571428657
95399  27.542  2.438  -2.792 0.8571428657
96378  27.352  3.324  -2.422 0.7142857313
95400  26.819  2.395  -2.284 0.7142857313
97365  28.284  4.487  -3.612 0.8571428657
97351  27.707  4.358  -2.673 0.8571428657
97352  27.085  4.204  -2.166 0.8571428657
98293  27.322  5.106  -2.292 0.8571428657
96379  26.663  3.274  -1.966 0.7142857313
98316  27.443  5.239  -4.257 0.7142857313
98307  27.443  5.422  -3.193 0.8571428657
98308  27.134  6.024  -3.483 0.8571428657
99287  27.193  5.974  -2.283 0.8571428657
100296  27.162  7.156  -2.715 0.7142857313
99288  27.143  5.705  -1.910 0.8571428657
98335  24.358  6.123  -6.671 0.1428571492
99297  26.793  6.575  -3.630 0.7142857313
99298  26.142  6.950  -4.048 0.7142857313
100295  27.287  6.496  -2.532 0.8571428657
99333  23.748  6.749  -6.656 0.1428571492
99309  25.728  6.941  -4.742 0.5714285970
100329  25.236  7.744  -5.019 0.5714285970
101178  25.357  8.615  -4.314 0.5714285970
100330  24.188  7.805  -5.679 0.1428571492
100349  22.009  8.145  -6.903 0.1428571492
101964  25.192  9.651  -4.208 0.5714285970
101976  22.716  9.976  -6.408 0.1428571492
101990  22.049  9.868  -7.270 0.1428571492
101195  23.949  8.920  -5.316 0.1428571492
102784  22.540  10.479  -7.678 0.1428571492
101179  24.719  9.091  -4.757 0.5714285970
102776  22.735  10.640  -7.042 0.1428571492
102775  23.583  10.929  -6.339 0.1428571492
102783  23.537  11.341  -7.502 0.1428571492
103517  24.205  12.130  -6.375 0.1428571492
69800  22.277  -23.608  2.394 0.1428571492
71910  24.943  -21.183  0.750 0.2857142985
75984  26.618  -17.315  -0.154 0.2857142985
75011  25.608  -18.720  0.206 0.1428571492
80687  26.485  -12.240  -1.865 0.2857142985
82708  27.868  -10.330  -2.167 0.4285714328
81764  26.738  -11.215  -2.274 0.5714285970
86793  30.500  -6.426  -2.526 0.2857142985
83705  26.664  -9.425  -2.781 0.7142857313
88691  31.617  -4.509  -2.727 0.1428571492
87743  28.688  -5.246  -4.244 0.8571428657
93552  32.638  0.600  -5.968 0.1428571492
91684  28.742  -1.501  -4.600 0.8571428657
92601  28.032  -0.604  -4.795 0.8571428657
97373  29.022  4.240  -4.477 0.8571428657
98317  26.916  5.835  -4.033 0.8571428657
99319  25.102  6.741  -5.627 0.2857142985
101194  24.715  8.453  -5.057 0.1428571492
101213  22.210  8.980  -6.568 0.1428571492
101989  24.071  10.568  -7.789 0.1428571492
69801  21.250  -23.497  2.301 0.1428571492
72935  23.467  -20.574  0.066 0.4285714328
73982  24.575  -19.676  0.348 0.2857142985
73984  23.110  -20.098  -0.294 0.2857142985
76901  27.088  -16.818  -0.210 0.2857142985
77873  26.686  -15.466  -0.527 0.2857142985
77874  25.914  -15.562  -0.674 0.2857142985
76923  25.676  -16.262  -0.567 0.2857142985
78760  26.111  -14.864  -0.791 0.2857142985
92617  33.995  -0.800  -4.775 0.1428571492
93561  32.997  0.083  -6.481 0.1428571492
94508  31.922  1.879  -6.316 0.1428571492
95430  31.355  2.512  -5.055 0.2857142985
95440  31.409  2.583  -5.846 0.1428571492
94485  30.488  1.744  -4.331 0.8571428657
90692  28.370  -2.490  -4.701 1.0000000000
96424  30.490  3.312  -6.713 0.1428571492
96425  29.986  3.871  -6.121 0.1428571492
97383  28.531  4.541  -5.442 0.2857142985
97374  28.045  4.826  -4.682 0.5714285970
98324  27.327  5.084  -4.903 0.5714285970
98325  26.463  5.515  -5.220 0.5714285970
99308  26.267  6.311  -4.442 0.7142857313
98326  25.698  6.069  -5.623 0.2857142985
98334  25.256  5.674  -6.391 0.2857142985
99332  24.534  6.435  -6.274 0.1428571492
99320  24.284  7.018  -6.105 0.1428571492
101965  24.452  9.833  -4.937 0.2857142985
100348  23.023  7.864  -6.373 0.1428571492
102768  24.344  10.752  -5.342 0.1428571492
103507  24.372  11.537  -5.734 0.1428571492
101214  21.675  8.858  -7.402 0.1428571492
103522  24.727  12.544  -7.431 0.1428571492
97395  28.118  4.572  -6.365 0.4285714328
97384  27.438  4.822  -5.563 0.4285714328
97385  26.636  4.957  -6.001 0.4285714328
98333  26.138  5.262  -6.099 0.4285714328
99318  25.871  6.318  -5.148 0.5714285970
70861  23.345  -22.690  1.151 0.1428571492
71885  22.233  -22.106  0.774 0.1428571492
71912  23.105  -21.342  0.332 0.4285714328
70884  21.486  -21.623  0.692 0.2857142985
71882  24.611  -21.973  0.907 0.1428571492
75012  24.758  -18.915  0.302 0.1428571492
85819  27.317  -8.012  -3.404 0.7142857313
86806  29.042  -5.833  -3.770 0.8571428657
89656  31.522  -3.643  -3.074 0.5714285970
92597  32.104  -0.456  -3.606 0.2857142985
91681  31.490  -1.274  -3.275 0.1428571492
93539  31.023  1.361  -4.236 0.5714285970
91683  29.529  -1.386  -3.907 0.8571428657
93519  29.550  0.510  -3.932 0.8571428657
94486  29.644  1.934  -4.310 0.8571428657
95418  28.680  2.612  -4.011 0.8571428657
96393  28.537  3.425  -3.636 0.8571428657
101169  26.095  8.398  -3.530 0.5714285970
101243  22.202  8.322  -8.402 0.1428571492
101196  23.073  9.021  -5.962 0.1428571492
102006  23.267  10.016  -8.027 0.1428571492
102008  21.980  9.373  -8.106 0.1428571492
100331  23.514  8.395  -5.805 0.1428571492
101975  23.558  9.956  -5.634 0.1428571492
73983  23.639  -19.669  -0.066 0.4285714328
78761  25.390  -14.923  -1.229 0.5714285970
78762  24.992  -15.296  -1.367 0.5714285970
77891  24.086  -15.738  -1.774 0.5714285970
77892  23.183  -15.840  -1.973 0.2857142985
79714  24.644  -13.875  -2.343 0.5714285970
78790  24.084  -14.397  -2.525 0.5714285970
76942  22.774  -16.698  -1.520 0.4285714328
78776  24.695  -14.866  -1.824 0.5714285970
77893  22.095  -15.575  -1.607 0.2857142985
78778  22.717  -14.870  -2.218 0.4285714328
80688  25.573  -12.975  -2.059 0.4285714328
80704  24.668  -12.779  -2.818 0.5714285970
79727  23.875  -13.632  -2.871 0.5714285970
79728  22.941  -13.416  -2.768 0.4285714328
80703  25.590  -12.050  -2.503 0.5714285970
81766  24.964  -11.407  -3.318 0.5714285970
82711  25.484  -10.684  -3.082 0.4285714328
78791  23.283  -14.259  -2.602 0.4285714328
78779  21.798  -14.276  -1.825 0.2857142985
80705  23.462  -12.705  -3.141 0.4285714328
81765  25.805  -11.221  -2.663 0.7142857313
83718  25.669  -9.477  -3.694 0.7142857313
83719  24.976  -9.677  -4.331 0.4285714328
84779  25.503  -8.748  -4.467 0.7142857313
84795  25.025  -8.353  -4.887 0.5714285970
85831  25.508  -8.048  -4.883 0.7142857313
85843  25.024  -7.656  -5.055 0.2857142985
83717  26.234  -9.172  -3.296 0.5714285970
85829  27.046  -7.604  -3.969 0.7142857313
86821  25.211  -6.558  -5.211 0.7142857313
86820  25.965  -6.079  -5.366 0.7142857313
87761  24.620  -5.417  -5.219 0.4285714328
85828  27.699  -7.037  -3.824 0.5714285970
87745  27.109  -5.892  -4.769 0.5714285970
87759  26.527  -5.445  -5.297 0.7142857313
89681  26.468  -3.467  -5.419 0.7142857313
88715  26.031  -4.434  -5.528 0.7142857313
88716  25.103  -4.436  -5.292 0.5714285970
89682  25.569  -3.478  -5.296 0.5714285970
88702  29.323  -4.317  -4.305 0.7142857313
87757  27.986  -4.875  -4.608 0.5714285970
87744  27.818  -5.672  -4.436 0.5714285970
87758  27.311  -5.056  -4.847 0.7142857313
89680  27.303  -3.426  -5.265 0.8571428657
90694  26.916  -2.591  -5.394 0.7142857313
90695  26.039  -2.573  -5.199 0.7142857313
91702  27.335  -1.840  -5.189 0.7142857313
90696  25.088  -2.537  -4.997 0.5714285970
91703  26.574  -1.805  -5.053 0.7142857313
88714  26.892  -4.339  -5.251 0.7142857313
90693  27.678  -2.568  -5.155 0.8571428657
91704  25.575  -1.651  -4.647 0.5714285970
92604  25.162  -0.652  -3.874 0.2857142985
93523  25.545  0.077  -3.351 0.7142857313
91701  27.974  -1.712  -4.989 0.7142857313
92621  27.164  -1.168  -4.889 0.8571428657
92622  26.386  -1.136  -4.507 0.8571428657
93522  26.666  0.444  -3.397 0.8571428657
92602  27.007  -0.395  -4.320 0.8571428657
92603  26.131  -0.581  -3.823 0.5714285970
93507  25.869  0.713  -2.808 0.8571428657
93508  25.054  0.747  -3.133 0.7142857313
93506  26.439  0.905  -2.844 0.8571428657
94448  26.308  1.467  -2.462 0.8571428657
94449  25.255  1.389  -2.582 0.7142857313
97333  26.690  4.233  -1.905 0.7142857313
97334  25.753  4.353  -1.166 0.7142857313
98294  26.978  5.030  -1.834 0.5714285970
97335  24.863  4.371  -1.080 0.7142857313
98278  26.404  5.067  -1.046 0.7142857313
99277  27.118  6.289  -1.816 0.8571428657
100259  26.329  7.040  -0.456 0.7142857313
98266  24.966  5.922  -0.580 0.7142857313
101133  26.021  7.789  -0.368 0.7142857313
101920  25.907  8.669  -0.494 0.7142857313
101134  25.161  8.057  -0.329 0.5714285970
100285  27.109  7.206  -1.752 0.7142857313
101939  26.603  8.628  -1.187 0.7142857313
101135  24.127  8.268  -0.436 0.5714285970
102738  26.458  9.372  -1.454 0.4285714328
101940  26.167  9.305  -0.904 0.5714285970
101921  24.874  8.952  -0.438 0.5714285970
101161  26.869  7.979  -1.951 0.5714285970
102722  25.526  9.431  -0.674 0.5714285970
102723  24.692  9.930  -0.664 0.5714285970
101922  23.789  9.200  -0.505 0.4285714328
101136  22.963  8.382  -0.708 0.4285714328
102724  23.509  10.149  -0.674 0.5714285970
102739  25.846  10.088  -1.224 0.5714285970
101923  22.694  9.414  -0.634 0.4285714328
101152  21.457  8.021  -1.270 0.4285714328
103468  22.274  11.365  -0.909 0.4285714328
83703  28.344  -9.574  -2.237 0.2857142985
103467  23.346  11.151  -0.891 0.2857142985
102725  22.476  10.407  -0.667 0.4285714328
102726  21.601  10.691  -0.477 0.2857142985
76940  24.314  -16.114  -1.346 0.5714285970
76024  23.353  -17.099  -1.265 0.5714285970
79713  25.389  -14.055  -1.598 0.2857142985
81767  23.960  -11.916  -3.576 0.4285714328
79730  21.615  -13.314  -2.041 0.2857142985
80706  22.488  -12.548  -2.841 0.2857142985
82722  25.142  -10.397  -3.693 0.5714285970
85805  29.548  -8.264  -2.287 0.2857142985
84781  23.811  -8.707  -4.436 0.2857142985
86810  25.695  -7.403  -5.020 0.7142857313
92620  27.625  -1.331  -5.005 0.8571428657
92623  25.715  -1.094  -4.193 0.7142857313
96380  25.868  3.019  -1.517 0.7142857313
96360  26.012  3.770  -1.565 0.7142857313
96361  25.132  3.350  -1.370 0.7142857313
100260  25.485  7.168  -0.085 0.7142857313
100297  26.494  7.498  -3.521 0.5714285970
101948  26.695  8.863  -2.053 0.5714285970
101168  26.691  8.189  -2.798 0.5714285970
101955  26.344  9.068  -2.808 0.5714285970
102740  24.992  10.685  -1.019 0.5714285970
103466  24.203  10.684  -0.876 0.2857142985
79698  25.735  -14.479  -1.090 0.2857142985
86807  28.352  -6.409  -3.780 0.7142857313
84777  26.923  -8.303  -3.464 0.5714285970
89679  28.056  -3.384  -4.891 0.7142857313
88703  28.457  -4.245  -4.648 0.7142857313
100273  27.037  6.617  -1.613 0.8571428657
82710  26.138  -10.344  -2.699 0.5714285970
95401  25.732  2.331  -1.933 0.7142857313
78775  25.161  -14.619  -1.565 0.5714285970
78777  23.696  -15.064  -2.307 0.5714285970
77890  24.667  -15.689  -1.368 0.4285714328
80689  25.101  -13.448  -2.260 0.5714285970
76025  23.090  -17.312  -1.231 0.5714285970
78792  22.478  -13.972  -2.358 0.4285714328
81776  24.671  -10.833  -3.770 0.4285714328
82721  25.600  -10.082  -3.181 0.5714285970
84780  24.632  -8.911  -4.636 0.4285714328
83720  24.072  -9.618  -4.350 0.4285714328
84778  26.304  -8.571  -3.812 0.7142857313
85830  26.119  -7.882  -4.558 0.7142857313
84796  24.402  -8.144  -4.806 0.2857142985
86808  27.419  -6.560  -4.293 0.7142857313
86809  26.441  -6.722  -4.912 0.7142857313
87760  25.573  -5.409  -5.442 0.7142857313
88713  27.663  -4.209  -4.916 0.5714285970
91685  25.309  -1.160  -4.253 0.5714285970
91687  24.103  -1.179  -4.093 0.2857142985
99279  26.274  5.504  -0.777 0.7142857313
99262  26.628  6.766  -1.104 0.7142857313
101132  26.508  7.544  -0.732 0.8571428657
81768  22.907  -11.693  -3.409 0.4285714328
78758  27.852  -14.529  -0.564 0.1428571492
79696  27.073  -13.779  -0.805 0.1428571492
81752  27.735  -11.290  -1.788 0.1428571492
82699  28.381  -10.666  -1.768 0.1428571492
79711  27.196  -12.905  -1.232 0.1428571492
81751  28.729  -11.225  -1.358 0.1428571492
79710  27.758  -12.627  -1.109 0.1428571492
82707  28.515  -10.117  -1.950 0.1428571492
85804  30.258  -7.643  -2.186 0.2857142985
105107  24.946  14.199  -7.116 0.1428571492
95402  24.533  2.023  -2.189 0.4285714328
105918  24.879  14.754  -6.686 0.1428571492
96362  24.348  3.564  -1.509 0.4285714328
97336  23.849  4.486  -1.319 0.4285714328
105081  25.055  13.493  -3.771 0.2857142985
104276  25.222  11.779  -1.743 0.2857142985
102751  26.087  10.506  -2.234 0.2857142985
103498  25.423  11.484  -3.527 0.2857142985
97338  21.872  4.816  -2.181 0.1428571492
98280  24.454  5.281  -0.848 0.5714285970
99263  25.926  6.209  -0.436 0.5714285970
104277  24.483  12.424  -1.562 0.2857142985
102759  26.206  9.854  -2.840 0.4285714328
98282  22.197  5.609  -1.788 0.4285714328
99265  23.884  6.745  -0.686 0.5714285970
99282  21.571  6.531  -1.825 0.4285714328
100275  21.932  7.371  -1.444 0.2857142985
103481  23.705  11.962  -1.129 0.1428571492
103480  24.504  11.413  -1.218 0.1428571492
100276  21.090  7.349  -1.566 0.1428571492
101151  22.197  8.033  -1.166 0.4285714328
104263  22.921  11.924  -1.036 0.1428571492
104278  23.262  12.754  -1.270 0.1428571492
102727  21.120  11.151  -0.057 0.1428571492
104264  22.198  12.305  -1.073 0.1428571492
103469  21.578  11.757  -0.596 0.1428571492
104265  21.383  12.871  -0.661 0.1428571492
72951  21.973  -20.088  -0.312 0.4285714328
75035  21.179  -18.611  -0.128 0.2857142985
80685  28.293  -12.150  -1.072 0.1428571492
83692  28.897  -9.620  -1.956 0.1428571492
95385  23.924  2.783  -1.889 0.2857142985
100311  25.804  7.669  -4.172 0.4285714328
102760  25.698  10.415  -3.323 0.2857142985
105061  24.090  13.278  -1.726 0.2857142985
104290  25.361  12.325  -2.498 0.2857142985
105062  23.215  13.735  -1.842 0.2857142985
75010  26.596  -18.486  0.085 0.1428571492
73980  26.429  -19.474  0.265 0.1428571492
76900  27.590  -16.432  -0.300 0.1428571492
77872  27.544  -15.490  -0.454 0.1428571492
85816  29.886  -7.058  -2.740 0.1428571492
84747  28.721  -9.203  -2.237 0.1428571492
99283  20.531  6.565  -1.884 0.1428571492
98283  21.052  5.421  -2.241 0.2857142985
100262  23.549  7.550  -0.672 0.5714285970
101956  25.803  9.333  -3.491 0.4285714328
105074  24.317  13.735  -2.643 0.2857142985
105073  25.163  13.144  -2.889 0.2857142985
105089  24.985  13.571  -4.853 0.1428571492
105902  24.818  14.266  -4.844 0.1428571492
104317  24.442  13.152  -6.318 0.1428571492
104279  22.260  13.218  -1.389 0.2857142985
104316  24.718  12.915  -5.641 0.1428571492
103516  24.686  12.201  -5.510 0.1428571492
86792  31.154  -5.908  -2.356 0.2857142985
105082  24.507  14.080  -3.494 0.2857142985
103506  24.989  11.671  -4.764 0.2857142985
72950  22.229  -19.916  -0.395 0.4285714328
102767  25.060  10.627  -4.380 0.2857142985
98279  25.553  5.248  -0.649 0.5714285970
98267  24.183  6.062  -0.734 0.5714285970
100261  24.488  7.396  -0.347 0.5714285970
95384  24.840  2.769  -1.646 0.5714285970
99264  24.801  6.558  -0.363 0.5714285970
100263  22.699  7.487  -1.004 0.5714285970
103479  25.488  11.035  -1.566 0.2857142985
79695  28.194  -13.344  -0.787 0.1428571492
82698  29.067  -10.348  -1.551 0.1428571492
96363  23.413  3.621  -1.806 0.2857142985
104291  24.770  13.050  -2.176 0.2857142985
103490  25.671  11.312  -2.456 0.2857142985
98281  23.304  5.610  -1.047 0.4285714328
99281  22.564  6.577  -1.254 0.4285714328
98268  23.661  6.207  -0.815 0.5714285970
99266  23.180  6.966  -0.888 0.5714285970
73985  21.304  -19.624  0.048 0.2857142985
83691  29.545  -9.521  -1.576 0.1428571492
95386  23.148  2.892  -2.235 0.2857142985
104299  25.291  12.487  -3.706 0.2857142985
104305  25.086  12.727  -4.763 0.2857142985
105098  24.678  13.710  -5.610 0.1428571492
89683  24.650  -3.470  -5.006 0.4285714328
91705  24.580  -1.762  -4.486 0.2857142985
105873  22.855  14.383  -2.155 0.1428571492
105886  23.357  14.868  -2.860 0.1428571492
105052  21.604  13.933  -0.845 0.1428571492
105874  22.355  14.955  -1.738 0.1428571492
105075  23.507  14.237  -2.520 0.1428571492
104280  21.764  13.695  -1.245 0.1428571492
105063  22.305  14.072  -1.639 0.1428571492
105875  21.980  14.645  -1.377 0.1428571492
105887  23.057  15.465  -2.347 0.1428571492
105064  21.884  14.345  -1.340 0.1428571492
105846  22.342  15.050  -0.425 0.1428571492
105861  21.872  14.676  -1.050 0.1428571492
106627  22.495  15.701  -1.373 0.1428571492
80702  26.143  -11.682  -2.325 0.2857142985
105885  23.984  14.333  -3.084 0.1428571492
105860  22.181  15.298  -1.101 0.1428571492
105847  21.780  14.247  -0.410 0.1428571492
76011  23.716  -17.672  -0.704 0.4285714328
75986  24.733  -18.093  0.028 0.2857142985
76925  24.238  -16.996  -0.822 0.2857142985
76010  24.738  -17.284  -0.379 0.1428571492
76924  24.748  -16.426  -0.857 0.2857142985
75032  23.622  -18.763  -0.264 0.2857142985
77875  25.216  -15.685  -0.996 0.2857142985
76941  23.809  -16.602  -1.342 0.4285714328
97337  22.737  4.543  -1.811 0.2857142985
75987  24.151  -18.482  -0.035 0.2857142985
75033  22.988  -18.547  -0.635 0.2857142985
75034  22.084  -18.556  -0.557 0.2857142985
76012  22.499  -17.493  -0.973 0.2857142985
81777  24.172  -11.090  -3.871 0.2857142985
82724  23.445  -10.425  -3.942 0.2857142985
83721  23.260  -9.385  -4.009 0.2857142985
85844  24.312  -7.279  -4.927 0.1428571492
86822  24.080  -6.319  -4.963 0.1428571492
88717  24.161  -4.407  -5.045 0.1428571492
92624  22.970  -1.095  -4.325 0.1428571492
92605  24.235  -0.599  -3.848 0.1428571492
94469  23.873  0.546  -3.480 0.1428571492
93525  23.641  0.036  -3.674 0.1428571492
94450  24.112  1.191  -3.072 0.1428571492
94451  22.904  1.476  -3.004 0.1428571492
96364  22.624  3.545  -2.346 0.1428571492
97354  21.329  4.309  -2.648 0.1428571492
97353  22.121  4.181  -2.444 0.1428571492
101137  21.949  8.720  -0.963 0.1428571492
101138  20.864  8.542  -0.762 0.1428571492
101153  20.891  7.881  -1.266 0.1428571492
101924  21.704  9.579  -0.490 0.1428571492
72937  21.512  -20.281  0.080 0.2857142985
74001  23.239  -19.133  -0.378 0.1428571492
94452  22.372  1.781  -3.227 0.1428571492
72938  20.859  -20.346  0.564 0.2857142985
82712  23.048  -10.992  -3.661 0.2857142985
82725  22.855  -9.939  -3.788 0.2857142985
87762  23.660  -5.336  -4.925 0.1428571492
89684  23.716  -3.443  -4.766 0.1428571492
90697  24.173  -2.544  -4.621 0.1428571492
92606  23.265  -0.659  -4.048 0.1428571492
92607  22.641  -0.300  -4.087 0.1428571492
93526  22.808  0.102  -3.773 0.1428571492
95403  23.486  2.106  -2.498 0.1428571492
82713  22.426  -10.520  -3.339 0.2857142985
74002  22.700  -19.512  -0.448 0.2857142985
93524  24.508  0.220  -3.558 0.1428571492
100277  20.316  7.487  -1.256 0.1428571492
83722  22.452  -9.345  -3.557 0.1428571492
94470  23.221  0.674  -3.383 0.1428571492
92625  22.421  -0.660  -4.466 0.1428571492
73961  20.269  -19.515  0.838 0.1428571492
73986  20.709  -19.398  0.400 0.1428571492
73962  19.988  -19.312  1.270 0.1428571492
87730  30.888  -5.294  -2.760 0.1428571492
87729  31.776  -5.433  -2.257 0.1428571492
97407  27.800  4.387  -7.214 0.1428571492
71886  20.805  -21.300  1.048 0.1428571492
76013  21.455  -17.584  -0.567 0.1428571492
76926  22.262  -16.797  -1.219 0.1428571492
76014  20.631  -17.564  -0.067 0.1428571492
97406  28.641  4.328  -7.094 0.1428571492
97396  27.156  4.615  -6.549 0.1428571492
77894  21.514  -14.920  -1.380 0.1428571492
97394  29.104  4.325  -6.324 0.1428571492
71914  21.202  -21.086  0.621 0.1428571492
76943  22.099  -16.353  -1.344 0.1428571492
79729  22.175  -13.264  -2.467 0.1428571492
74003  21.747  -19.505  -0.293 0.1428571492
71915  20.699  -20.776  0.929 0.1428571492
73987  20.226  -19.201  0.828 0.1428571492
76927  21.678  -16.635  -1.015 0.1428571492
74004  21.237  -19.288  0.008 0.2857142985
76921  27.100  -15.919  -0.391 0.1428571492
77876  21.714  -16.032  -1.280 0.1428571492
78793  21.991  -13.717  -2.202 0.2857142985
81778  23.493  -11.253  -3.761 0.2857142985
82723  24.424  -10.386  -4.091 0.4285714328
83706  25.984  -9.653  -3.049 0.7142857313
84746  29.186  -8.921  -2.150 0.1428571492
84763  26.658  -8.782  -3.223 0.5714285970
91686  24.833  -1.178  -4.205 0.5714285970
92619  32.632  -0.214  -4.063 0.1428571492
93536  33.134  -0.090  -4.944 0.1428571492
94468  26.849  1.150  -2.851 0.8571428657
94499  31.730  1.926  -5.365 0.1428571492
95383  25.410  2.847  -1.576 0.7142857313
95433  29.310  2.680  -4.342 0.8571428657
96405  31.045  3.003  -4.977 0.1428571492
99278  26.771  6.027  -1.350 0.8571428657
99280  23.286  6.420  -0.877 0.5714285970
99296  27.266  6.279  -2.998 0.8571428657
100274  26.756  6.977  -1.123 0.7142857313
100284  27.249  6.619  -2.107 0.8571428657
100347  23.805  7.358  -6.212 0.1428571492
100365  22.386  7.516  -7.095 0.1428571492
100366  21.860  7.816  -7.710 0.1428571492
101150  26.763  7.755  -1.217 0.8571428657
101230  22.009  8.785  -8.212 0.1428571492
101919  26.434  8.105  -0.728 0.7142857313
101991  21.869  9.395  -7.856 0.1428571492
102007  22.345  9.799  -8.026 0.1428571492
102750  26.494  9.719  -2.099 0.5714285970
102790  22.780  10.463  -7.980 0.1428571492
102791  22.451  10.320  -7.978 0.1428571492
105917  25.311  14.797  -6.706 0.1428571492
105919  24.674  14.855  -6.371 0.1428571492
106673  25.056  15.160  -6.441 0.1428571492
106674  24.832  15.112  -6.374 0.1428571492
